onset	duration	trial_type	value	sample
0.0015	0.057	ripple_TLL9-10	101	3
0.0015	0.151	ripple_TLL6-7	99	3
0.002	0.2815	ripple_TLL7-8	100	4
0.0025	0.037	ripple_TLL21-22	86	5
0.025	0.0545	ripple_TLL18-19	82	50
0.0615	0.0125	fr_TLL9-10	34	123
0.0665	0.0995	ripple_TLL22-23	87	133
0.072	0.1605	ripple_TLL1-2	74	144
0.0805	0.107	ripple_TLL14-15	79	161
0.083	0.0825	ripple_TLL21-22	86	166
0.1025	0.063	ripple_TLL12-13	77	205
0.109	0.03	ripple_TLL30-31	95	218
0.112	0.259	ripple_TLL31-32	96	224
0.1435	0.044	ripple_TBPL3-4	73	287
0.1445	0.0405	ripple_TLL13-14	78	289
0.148	0.081	ripple_TBPL2-3	72	296
0.16	0.0605	ripple_TLL29-30	93	320
0.178	0.047	ripple_TLL18-19	82	356
0.18	0.0315	ripple_TLL4-5	97	360
0.183	0.0955	ripple_TLL9-10	101	366
0.19	0.034	ripple_TLL3-4	94	380
0.191	0.0465	ripple_TBAL1-2	68	382
0.1925	0.2125	ripple_TLL6-7	99	385
0.2205	0.0655	ripple_TLL11-12	76	441
0.2325	0.0355	ripple_TLL15-16	80	465
0.2475	0.0465	ripple_TLL28-29	92	495
0.248	0.0825	ripple_TLL4-5	97	496
0.264	0.1755	ripple_TLL26-27	90	528
0.287	0.0415	ripple_TLL5-6	98	574
0.289	0.1105	ripple_TLL27-28	91	578
0.296	0.2755	ripple_TLL19-20	83	592
0.328	0.0575	ripple_TLL7-8	100	656
0.3545	0.123	ripple_TLL20-21	85	709
0.3665	0.173	ripple_TLL15-16	80	733
0.3835	0.0415	ripple_TBPL2-3	72	767
0.399	0.1145	ripple_TLL11-12	76	798
0.4085	0.0515	ripple_TBPL1-2	71	817
0.417	0.0725	ripple_TBPL3-4	73	834
0.4215	0.08349999999999995	ripple_TLL30-31	95	843
0.426	0.154	ripple_TLL1-2	74	852
0.4325	0.055	ripple_TLL14-15	79	865
0.442	0.0855	ripple_TLL5-6	98	884
0.4425	0.08	ripple_TLL10-11	75	885
0.4435	0.223	ripple_TLL29-30	93	887
0.454	0.2005	ripple_TLL18-19	82	908
0.468	0.117	ripple_TLL28-29	92	936
0.4845	0.0485	ripple_TLL13-14	78	969
0.4985	0.045	ripple_TLL9-10	101	997
0.504	0.09450000000000006	ripple_TLL20-21	85	1008
0.5045	0.0915	ripple_TLL21-22	86	1009
0.5165	0.0385	ripple_TBPL2-3	72	1033
0.544	0.1255	ripple_TLL31-32	96	1088
0.576	0.122	ripple_TLL30-31	95	1152
0.581	0.0455	ripple_TBAL1-2	68	1162
0.5935	0.175	ripple_TBPL1-2	71	1187
0.614	0.0525	ripple_TLL1-2	74	1228
0.617	0.098	ripple_TLL6-7	99	1234
0.619	0.087	ripple_TLL19-20	83	1238
0.622	0.0495	ripple_TLL25-26	89	1244
0.6275	0.163	ripple_TLL23-24	88	1255
0.632	0.0365	ripple_TLL14-15	79	1264
0.6355	0.2685	ripple_TLL7-8	100	1271
0.657	0.0435	ripple_TLL21-22	86	1314
0.68	0.0775	ripple_TLL15-16	80	1360
0.6805	0.1055	ripple_TLL22-23	87	1361
0.6895	0.0395	ripple_TLL31-32	96	1379
0.691	0.081	ripple_TLL1-2	74	1382
0.6935	0.193	ripple_TLL18-19	82	1387
0.6935	0.193	fr_TLL18-19	15	1387
0.6935	0.193	frandr_TLL18-19	49	1387
0.704	0.0635	ripple_TLL2-3	84	1408
0.7045	0.06	ripple_TLL25-26	89	1409
0.71	0.0625	ripple_TLL29-30	93	1420
0.738	0.4135	ripple_TLL30-31	95	1476
0.7685	0.0595	ripple_TLL6-7	99	1537
0.771	0.1185	ripple_TLL31-32	96	1542
0.793	0.193	ripple_TLL20-21	85	1586
0.804	0.0385	ripple_TBPL2-3	72	1608
0.813	0.047	ripple_TLL15-16	80	1626
0.8275	0.035	ripple_TLL19-20	83	1655
0.8385	0.034	ripple_TLL2-3	84	1677
0.8525	0.0445	ripple_TLL6-7	99	1705
0.864	0.0565	ripple_TBPL3-4	73	1728
0.893	0.1935	ripple_TLL29-30	93	1786
0.898	0.0975	ripple_TBPL2-3	72	1796
0.8995	0.0995	ripple_TLL14-15	79	1799
0.9095	0.011	fr_TLL5-6	31	1819
0.914	0.1165	ripple_TLL15-16	80	1828
0.915	0.0705	ripple_TLL19-20	83	1830
0.917	0.1775	ripple_TLL31-32	96	1834
0.9275	0.0375	ripple_TLL28-29	92	1855
0.929	0.044	ripple_TBAL3-4	70	1858
0.9435	0.07450000000000011	ripple_TLL23-24	88	1887
0.9775	0.05	ripple_TLL22-23	87	1955
0.9845	0.038	ripple_TLL2-3	84	1969
0.9845	0.0455	ripple_TLL21-22	86	1969
0.9845	0.0545	ripple_TLL4-5	97	1969
0.986	0.07	ripple_TLL1-2	74	1972
1.02	0.035499999999999886	ripple_TBPL2-3	72	2040
1.0205	0.0825	ripple_TLL28-29	92	2041
1.0385	0.091	ripple_TLL23-24	88	2077
1.0465	0.476	ripple_TLL6-7	99	2093
1.059	0.068	ripple_TLL22-23	87	2118
1.0635	0.063	ripple_TLL21-22	86	2127
1.076	0.056	ripple_TLL19-20	83	2152
1.076	0.162	ripple_TLL1-2	74	2152
1.076	0.162	fr_TLL1-2	7	2152
1.076	0.162	frandr_TLL1-2	41	2152
1.0805	0.1075	ripple_TLL15-16	80	2161
1.0815	0.0445	ripple_TLL20-21	85	2163
1.137	0.1025	ripple_TBPL2-3	72	2274
1.142	0.093	ripple_TLL13-14	78	2284
1.1475	0.039	ripple_TBPL3-4	73	2295
1.153	0.0395	ripple_TLL27-28	91	2306
1.161	0.061	ripple_TLL14-15	79	2322
1.166	0.06	ripple_TLL4-5	97	2332
1.172	0.074	ripple_TLL7-8	100	2344
1.1795	0.2055	ripple_TLL19-20	83	2359
1.182	0.076	ripple_TLL20-21	85	2364
1.1895	0.1275	ripple_TLL30-31	95	2379
1.197	0.133	ripple_TBPL1-2	71	2394
1.217	0.0805	ripple_TLL29-30	93	2434
1.2215	0.051	ripple_TLL28-29	92	2443
1.261	0.069	ripple_TLL31-32	96	2522
1.2845	0.051	ripple_TLL20-21	85	2569
1.301	0.0325	ripple_TLL9-10	101	2602
1.307	0.045	ripple_TLL1-2	74	2614
1.317	0.0925	ripple_TLL18-19	82	2634
1.3535	0.256	ripple_TLL21-22	86	2707
1.369	0.035	ripple_TBPL2-3	72	2738
1.3865	0.09	ripple_TLL5-6	98	2773
1.401	0.0935	ripple_TLL15-16	80	2802
1.4045	0.0955	ripple_TLL1-2	74	2809
1.408	0.04	ripple_TLL2-3	84	2816
1.4195	0.1245	ripple_TLL19-20	83	2839
1.4205	0.0435	ripple_TLL28-29	92	2841
1.432	0.0475	ripple_TBPL1-2	71	2864
1.4385	0.2005	ripple_TLL29-30	93	2877
1.4395	0.086	ripple_TLL30-31	95	2879
1.4395	0.088	ripple_TLL7-8	100	2879
1.4465	0.065	ripple_TLL20-21	85	2893
1.467	0.2965	ripple_TLL31-32	96	2934
1.475	0.126	ripple_TLL11-12	76	2950
1.5095	0.084	ripple_TLL13-14	78	3019
1.5165	0.0635	ripple_TLL2-3	84	3033
1.521	0.0405	ripple_TBPL1-2	71	3042
1.5215	0.079	ripple_TLL1-2	74	3043
1.523	0.0745	ripple_TLL15-16	80	3046
1.5735	0.1285	ripple_TLL22-23	87	3147
1.578	0.034	ripple_TLL6-7	99	3156
1.59	0.032	ripple_TLL23-24	88	3180
1.6195	0.07	ripple_TLL20-21	85	3239
1.6245	0.28	ripple_TBPL1-2	71	3249
1.6255	0.12	ripple_TBPL2-3	72	3251
1.652	0.0575	ripple_TLL6-7	99	3304
1.6565	0.165	ripple_TLL1-2	74	3313
1.6595	0.0635	ripple_TLL18-19	82	3319
1.662	0.1475	ripple_TLL28-29	92	3324
1.662	0.1475	fr_TLL28-29	25	3324
1.662	0.1475	frandr_TLL28-29	59	3324
1.688	0.0655	ripple_TLL2-3	84	3376
1.694	0.1125	ripple_TLL7-8	100	3388
1.7095	0.062	ripple_TLL30-31	95	3419
1.728	0.1885	ripple_TLL20-21	85	3456
1.756	0.058	ripple_TLL21-22	86	3512
1.777	0.092	ripple_TLL29-30	93	3554
1.7845	0.0345	ripple_TLL19-20	83	3569
1.796	0.0335	ripple_TBPL2-3	72	3592
1.8075	0.113	ripple_TLL13-14	78	3615
1.822	0.1475	ripple_TLL6-7	99	3644
1.8245	0.076	ripple_TLL14-15	79	3649
1.828	0.0375	ripple_TLL18-19	82	3656
1.8495	0.0905	ripple_TLL1-2	74	3699
1.859	0.047	ripple_TLL3-4	94	3718
1.8835	0.0455	ripple_TLL5-6	98	3767
1.892	0.1005	ripple_TLL7-8	100	3784
1.9165	0.11399999999999977	ripple_TBPL2-3	72	3833
1.9445	0.07799999999999978	ripple_TLL30-31	95	3889
1.9505	0.107	ripple_TLL15-16	80	3901
1.952	0.0445	ripple_TBPL3-4	73	3904
1.963	0.07949999999999978	ripple_TLL29-30	93	3926
1.9885	0.0635	ripple_TLL13-14	78	3977
2.0095	0.2565	ripple_TLL14-15	79	4019
2.0095	0.2565	fr_TLL14-15	12	4019
2.0095	0.2565	frandr_TLL14-15	46	4019
2.025	0.10949999999999978	ripple_TLL1-2	74	4050
2.0255	0.0375	ripple_TLL4-5	97	4051
2.03	0.0465	ripple_TLL28-29	92	4060
2.033	0.14749999999999977	ripple_TLL22-23	87	4066
2.0405	0.0355	ripple_TLL18-19	82	4081
2.0505	0.07	ripple_TBPL2-3	72	4101
2.0565	0.0735	ripple_TLL2-3	84	4113
2.065	0.121	ripple_TLL6-7	99	4130
2.0725	0.045	ripple_TLL30-31	95	4145
2.0835	0.1105	ripple_TLL29-30	93	4167
2.1055	0.0645	ripple_TLL7-8	100	4211
2.1065	0.0415	ripple_TLL19-20	83	4213
2.1285	0.0395	ripple_TLL13-14	78	4257
2.141	0.1605	ripple_TLL15-16	80	4282
2.1565	0.0725	ripple_TLL5-6	98	4313
2.157	0.0685	ripple_TLL26-27	90	4314
2.167	0.07	ripple_TLL20-21	85	4334
2.1935	0.044	ripple_TLL21-22	86	4387
2.2015	0.069	ripple_TBPL2-3	72	4403
2.2035	0.0535	ripple_TLL11-12	76	4407
2.204	0.051	ripple_TLL27-28	91	4408
2.2065	0.0855	ripple_TLL4-5	97	4413
2.207	0.074	ripple_TLL6-7	99	4414
2.2275	0.03	ripple_TLL13-14	78	4455
2.2345	0.053	ripple_TLL2-3	84	4469
2.2365	0.04	ripple_TLL1-2	74	4473
2.2365	0.1515	ripple_TLL19-20	83	4473
2.244	0.052	ripple_TLL30-31	95	4488
2.264	0.0325	ripple_TLL20-21	85	4528
2.2715	0.0775	ripple_TLL18-19	82	4543
2.298	0.0495	ripple_TBPL1-2	71	4596
2.3025	0.037	ripple_TBPL2-3	72	4605
2.31	0.4785	ripple_TLL7-8	100	4620
2.3115	0.0485	ripple_TLL6-7	99	4623
2.3135	0.03	ripple_TLL2-3	84	4627
2.3235	0.062	ripple_TLL21-22	86	4647
2.334	0.157	ripple_TLL15-16	80	4668
2.3475	0.0355	ripple_TLL20-21	85	4695
2.356	0.0905	ripple_TLL30-31	95	4712
2.359	0.2955	ripple_TLL1-2	74	4718
2.375	0.071	ripple_TLL14-15	79	4750
2.3845	0.1055	ripple_TLL6-7	99	4769
2.3905	0.0775	ripple_TLL27-28	91	4781
2.3935	0.037	ripple_TLL23-24	88	4787
2.394	0.0315	ripple_TLL28-29	92	4788
2.4015	0.0955	ripple_TLL2-3	84	4803
2.403	0.1645	ripple_TLL29-30	93	4806
2.421	0.08	ripple_TLL18-19	82	4842
2.4335	0.0615	ripple_TLL19-20	83	4867
2.435	0.092	ripple_TBPL2-3	72	4870
2.442	0.0435	ripple_TLL3-4	94	4884
2.451	0.0435	ripple_TLL28-29	92	4902
2.4545	0.2545	ripple_TLL20-21	85	4909
2.458	0.098	ripple_TLL23-24	88	4916
2.4665	0.047	ripple_TLL14-15	79	4933
2.468	0.0985	ripple_TLL30-31	95	4936
2.4845	0.1055	ripple_TLL13-14	78	4969
2.4915	0.0805	ripple_TLL21-22	86	4983
2.492	0.0645	ripple_TLL31-32	96	4984
2.538	0.346	ripple_TLL28-29	92	5076
2.549	0.1185	ripple_TBPL2-3	72	5098
2.551	0.108	ripple_TLL2-3	84	5102
2.566	0.0525	ripple_TLL14-15	79	5132
2.594	0.04	ripple_TLL11-12	76	5188
2.5975	0.0225	ripple_TLL23-24	88	5195
2.6	0.085	ripple_TLL18-19	82	5200
2.6015	0.1595	ripple_TLL5-6	98	5203
2.6115	0.035	ripple_TLL19-20	83	5223
2.6775	0.029	ripple_TLL21-22	86	5355
2.6795	0.1595	ripple_TLL6-7	99	5359
2.7025	0.0485	ripple_TLL25-26	89	5405
2.706	0.126	ripple_TLL23-24	88	5412
2.7075	0.0935	ripple_TLL22-23	87	5415
2.708	0.053	ripple_TLL18-19	82	5416
2.709	0.0565	ripple_TLL29-30	93	5418
2.715	0.046	ripple_TLL9-10	101	5430
2.7155	0.042	ripple_TLL30-31	95	5431
2.724	0.0585	ripple_TLL2-3	84	5448
2.7455	0.0475	ripple_TLL10-11	75	5491
2.7585	0.187	ripple_TLL20-21	85	5517
2.7625	0.114	ripple_TLL19-20	83	5525
2.77	0.0485	ripple_TLL21-22	86	5540
2.7765	0.0615	ripple_TLL26-27	90	5553
2.7925	0.0755	ripple_TLL1-2	74	5585
2.8105	0.078	ripple_TLL29-30	93	5621
2.811	0.067	ripple_TLL15-16	80	5622
2.8165	0.3325	ripple_TBPL2-3	72	5633
2.831	0.0635	ripple_TLL14-15	79	5662
2.8375	0.093	ripple_TLL18-19	82	5675
2.8415	0.034	ripple_TLL25-26	89	5683
2.8525	0.055	ripple_TLL27-28	91	5705
2.8585	0.1605	ripple_TLL23-24	88	5717
2.8615	0.1555	ripple_TLL22-23	87	5723
2.888	0.139	ripple_TLL30-31	95	5776
2.9175	0.1375	ripple_TLL21-22	86	5835
2.918	0.053	ripple_TLL19-20	83	5836
2.9345	0.0555	ripple_TLL7-8	100	5869
2.957	0.125	ripple_TLL15-16	80	5914
2.96	0.0655	ripple_TLL1-2	74	5920
2.9665	0.085	ripple_TLL2-3	84	5933
2.9725	0.121	ripple_TLL29-30	93	5945
2.99	0.062	ripple_TBPL3-4	73	5980
2.994	0.043	ripple_TLL26-27	90	5988
2.9955	0.056	ripple_TLL27-28	91	5991
3.015	0.0655	ripple_TLL10-11	75	6030
3.023	0.0765	ripple_TLL18-19	82	6046
3.024	0.0495	ripple_TLL31-32	96	6048
3.0395	0.046	ripple_TBAL3-4	70	6079
3.0405	0.085	ripple_TBPL1-2	71	6081
3.0455	0.0965	ripple_TLL7-8	100	6091
3.0505	0.034	ripple_TLL23-24	88	6101
3.051	0.036	ripple_TLL22-23	87	6102
3.061	0.1065	ripple_TLL26-27	90	6122
3.0615	0.057	ripple_TLL20-21	85	6123
3.0645	0.036	ripple_TLL14-15	79	6129
3.077	0.0735	ripple_TLL1-2	74	6154
3.079	0.0595	ripple_TLL2-3	84	6158
3.0835	0.0985	ripple_TLL30-31	95	6167
3.086	0.109	ripple_TBPL3-4	73	6172
3.086	0.109	fr_TBPL3-4	6	6172
3.086	0.109	frandr_TBPL3-4	40	6172
3.0975	0.043	ripple_TLL19-20	83	6195
3.1075	0.0505	ripple_TLL21-22	86	6215
3.1125	0.052	ripple_TLL22-23	87	6225
3.113	0.0355	ripple_TLL23-24	88	6226
3.123	0.0455	ripple_TBAL3-4	70	6246
3.1255	0.0645	ripple_TLL27-28	91	6251
3.1285	0.0475	ripple_TLL6-7	99	6257
3.149	0.5785	ripple_TLL14-15	79	6298
3.159	0.064	ripple_TLL2-3	84	6318
3.169	0.0375	ripple_TLL11-12	76	6338
3.177	0.227	ripple_TLL19-20	83	6354
3.1885	0.0985	ripple_TLL15-16	80	6377
3.193	0.0465	ripple_TLL9-10	101	6386
3.1935	0.182	ripple_TLL18-19	82	6387
3.199	0.1855	ripple_TLL6-7	99	6398
3.2	0.0295	ripple_TLL3-4	94	6400
3.208	0.097	ripple_TLL22-23	87	6416
3.2105	0.034	ripple_TLL23-24	88	6421
3.211	0.119	ripple_TLL27-28	91	6422
3.2115	0.0815	ripple_TLL29-30	93	6423
3.256	0.063	ripple_TLL3-4	94	6512
3.2605	0.159	ripple_TLL28-29	92	6521
3.324	0.507	ripple_TLL31-32	96	6648
3.3255	0.041	ripple_TLL2-3	84	6651
3.332	0.035	ripple_TLL4-5	97	6664
3.3325	0.0435	ripple_TLL21-22	86	6665
3.3415	0.0725	ripple_TLL29-30	93	6683
3.3505	0.036	ripple_TLL9-10	101	6701
3.358	0.1055	ripple_TLL1-2	74	6716
3.365	0.112	ripple_TLL15-16	80	6730
3.3675	0.0625	ripple_TBPL1-2	71	6735
3.3925	0.0345	ripple_TLL23-24	88	6785
3.3955	0.093	ripple_TLL26-27	90	6791
3.447	0.067	ripple_TBAL2-3	69	6894
3.452	0.044	ripple_TLL29-30	93	6904
3.456	0.0475	ripple_TLL6-7	99	6912
3.4695	0.064	ripple_TLL23-24	88	6939
3.4775	0.0705	ripple_TLL19-20	83	6955
3.4785	0.1835	ripple_TLL18-19	82	6957
3.48	0.0425	ripple_TLL5-6	98	6960
3.488	0.036	ripple_TLL4-5	97	6976
3.5005	0.177	ripple_TLL1-2	74	7001
3.5015	0.14	ripple_TLL22-23	87	7003
3.515	0.07	ripple_TLL2-3	84	7030
3.5225	0.034	ripple_TLL30-31	95	7045
3.527	0.1175	ripple_TBPL1-2	71	7054
3.5385	0.0375	ripple_TLL28-29	92	7077
3.5395	0.086	ripple_TBPL2-3	72	7079
3.5455	0.0355	ripple_TBPL3-4	73	7091
3.5475	0.0515	ripple_TLL15-16	80	7095
3.551	0.1335	ripple_TLL6-7	99	7102
3.573	0.1095	ripple_TLL19-20	83	7146
3.581	0.087	ripple_TLL30-31	95	7162
3.582	0.2435	ripple_TLL21-22	86	7164
3.5965	0.1	ripple_TLL20-21	85	7193
3.5975	0.0395	ripple_TLL13-14	78	7195
3.602	0.0695	ripple_TLL29-30	93	7204
3.623	0.0535	ripple_TLL15-16	80	7246
3.624	0.0345	ripple_TLL17-18	81	7248
3.6275	0.0845	ripple_TLL2-3	84	7255
3.636	0.031	ripple_TLL23-24	88	7272
3.637	0.0355	ripple_TLL28-29	92	7274
3.6425	0.086	ripple_TLL27-28	91	7285
3.6535	0.0425	ripple_TLL26-27	90	7307
3.6585	0.052	ripple_TLL11-12	76	7317
3.673	0.0475	ripple_TLL12-13	77	7346
3.687	0.033	ripple_TLL10-11	75	7374
3.6935	0.092	ripple_TLL28-29	92	7387
3.694	0.1035	ripple_TLL7-8	100	7388
3.7015	0.036	ripple_TLL9-10	101	7403
3.708	0.0385	ripple_TLL30-31	95	7416
3.711	0.042	ripple_TLL4-5	97	7422
3.715	0.0775	ripple_TLL23-24	88	7430
3.7205	0.0495	ripple_TBPL3-4	73	7441
3.723	0.117	ripple_TLL20-21	85	7446
3.7485	0.0435	ripple_TBPL2-3	72	7497
3.75	0.27	ripple_TLL19-20	83	7500
3.754	0.2035	ripple_TLL13-14	78	7508
3.7675	0.0685	ripple_TLL30-31	95	7535
3.7785	0.0425	ripple_TLL17-18	81	7557
3.7785	0.183	ripple_TLL14-15	79	7557
3.784	0.0395	ripple_TLL2-3	84	7568
3.7945	0.0135	fr_TLL6-7	32	7589
3.8215	0.04	ripple_TLL28-29	92	7643
3.8365	0.057	ripple_TBPL2-3	72	7673
3.8785	0.0465	ripple_TLL5-6	98	7757
3.897	0.0505	ripple_TLL29-30	93	7794
3.9075	0.128	ripple_TLL7-8	100	7815
3.91	0.049	ripple_TLL15-16	80	7820
3.9375	0.2095	ripple_TBPL1-2	71	7875
3.94	0.0435	ripple_TLL2-3	84	7880
3.9455	0.2695	ripple_TLL1-2	74	7891
3.946	0.08549999999999955	ripple_TLL28-29	92	7892
3.953	0.204	ripple_TLL20-21	85	7906
3.968	0.1125	ripple_TLL21-22	86	7936
3.972	0.048499999999999543	ripple_TLL18-19	82	7944
3.9795	0.05349999999999955	ripple_TLL17-18	81	7959
3.98	0.07750000000000046	ripple_TBPL2-3	72	7960
3.9865	0.122	ripple_TLL14-15	79	7973
3.999	0.08100000000000046	ripple_TLL4-5	97	7998
4.0015	0.47949999999999954	ripple_TLL29-30	93	8003
4.009	0.07350000000000045	ripple_TLL6-7	99	8018
4.034	0.537	ripple_TLL15-16	80	8068
4.048	0.05599999999999954	ripple_TLL19-20	83	8096
4.08	0.03799999999999955	ripple_TBAL3-4	70	8160
4.083	0.13700000000000045	ripple_TLL28-29	92	8166
4.09	0.028	ripple_TLL27-28	91	8180
4.094	0.22100000000000045	ripple_TLL31-32	96	8188
4.1165	0.0445	ripple_TLL2-3	84	8233
4.1435	0.084	ripple_TBPL2-3	72	8287
4.163	0.045	ripple_TLL4-5	97	8326
4.1735	0.1945	ripple_TLL6-7	99	8347
4.176	0.1045	ripple_TLL30-31	95	8352
4.216	0.101	ripple_TLL20-21	85	8432
4.224	0.1715	ripple_TLL13-14	78	8448
4.2295	0.081	ripple_TLL14-15	79	8459
4.242	0.0855	ripple_TLL2-3	84	8484
4.2465	0.253	ripple_TLL1-2	74	8493
4.2515	0.1215	ripple_TLL3-4	94	8503
4.262	0.0745	ripple_TLL12-13	77	8524
4.2695	0.126	ripple_TLL7-8	100	8539
4.273	0.0305	ripple_TLL17-18	81	8546
4.2755	0.1475	ripple_TLL19-20	83	8551
4.282	0.0585	ripple_TLL5-6	98	8564
4.286	0.059	ripple_TBPL3-4	73	8572
4.303	0.158	ripple_TLL30-31	95	8606
4.3075	0.0365	ripple_TLL10-11	75	8615
4.313	0.033	ripple_TLL28-29	92	8626
4.348	0.203	ripple_TLL14-15	79	8696
4.386	0.0525	ripple_TLL26-27	90	8772
4.388	0.0475	ripple_TLL4-5	97	8776
4.397	0.042	ripple_TLL27-28	91	8794
4.41	0.012	fr_TLL3-4	27	8820
4.423	0.306	ripple_TLL31-32	96	8846
4.4285	0.0495	ripple_TLL21-22	86	8857
4.437	0.093	ripple_TLL7-8	100	8874
4.4445	0.0325	ripple_TLL3-4	94	8889
4.4925	0.037	ripple_TLL5-6	98	8985
4.496	0.223	ripple_TLL13-14	78	8992
4.502	0.039	ripple_TLL11-12	76	9004
4.517	0.034	ripple_TLL3-4	94	9034
4.542	0.057	ripple_TLL12-13	77	9084
4.544	0.217	ripple_TLL30-31	95	9088
4.559	0.1755	ripple_TLL29-30	93	9118
4.5685	0.069	ripple_TLL11-12	76	9137
4.5725	0.035	ripple_TLL1-2	74	9145
4.5725	0.06	ripple_TLL5-6	98	9145
4.5745	0.105	ripple_TLL19-20	83	9149
4.579	0.079	ripple_TLL4-5	97	9158
4.5825	0.072	ripple_TLL3-4	94	9165
4.6235	0.475	ripple_TLL7-8	100	9247
4.6295	0.062	ripple_TLL28-29	92	9259
4.6465	0.156	ripple_TLL6-7	99	9293
4.647	0.039	ripple_TLL15-16	80	9294
4.658	0.103	ripple_TLL10-11	75	9316
4.6775	0.0815	ripple_TLL2-3	84	9355
4.686	0.098	ripple_TLL1-2	74	9372
4.698	0.1225	ripple_TLL11-12	76	9396
4.6995	0.039	ripple_TBPL3-4	73	9399
4.7225	0.0595	ripple_TLL27-28	91	9445
4.7395	0.05	ripple_TLL26-27	90	9479
4.7515	0.0655	ripple_TLL12-13	77	9503
4.758	0.129	ripple_TLL14-15	79	9516
4.759	0.0535	ripple_TBPL1-2	71	9518
4.765	0.0625	ripple_TLL29-30	93	9530
4.77	0.0545	ripple_TLL23-24	88	9540
4.7835	0.128	ripple_TLL30-31	95	9567
4.8075	0.072	ripple_TLL19-20	83	9615
4.825	0.049	ripple_TBPL2-3	72	9650
4.8255	0.328	ripple_TLL1-2	74	9651
4.855	0.066	ripple_TLL6-7	99	9710
4.8705	0.0545	ripple_TLL15-16	80	9741
4.872	0.0905	ripple_TLL12-13	77	9744
4.892	0.0775	ripple_TBPL3-4	73	9784
4.896	0.207	ripple_TLL21-22	86	9792
4.906	0.034	ripple_TBPL1-2	71	9812
4.9425	0.08	ripple_TLL2-3	84	9885
4.9435	0.037	ripple_TLL3-4	94	9887
4.9585	0.129	ripple_TLL28-29	92	9917
4.964	0.033	ripple_TLL9-10	101	9928
4.964	0.1575	ripple_TLL10-11	75	9928
4.981	0.087	ripple_TBPL1-2	71	9962
5.015	0.044	ripple_TLL29-30	93	10030
5.026	0.075	ripple_TLL30-31	95	10052
5.027	0.0515	ripple_TLL17-18	81	10054
5.0285	0.0905	ripple_TLL14-15	79	10057
5.0295	0.052	ripple_TLL15-16	80	10059
5.0345	0.05	ripple_TLL18-19	82	10069
5.035	0.067	ripple_TLL4-5	97	10070
5.0465	0.057	ripple_TLL2-3	84	10093
5.0665	0.1195	ripple_TLL13-14	78	10133
5.0785	0.032	ripple_TLL23-24	88	10157
5.0865	0.072	ripple_TLL9-10	101	10173
5.1295	0.04	ripple_TLL5-6	98	10259
5.132	0.249	ripple_TLL28-29	92	10264
5.1335	0.394	ripple_TLL18-19	82	10267
5.1365	0.149	ripple_TBPL2-3	72	10273
5.146	0.069	ripple_TLL21-22	86	10292
5.148	0.112	ripple_TLL11-12	76	10296
5.159	0.0525	ripple_TLL14-15	79	10318
5.16	0.1835	ripple_TLL7-8	100	10320
5.1665	0.249	ripple_TLL27-28	91	10333
5.169	0.0665	ripple_TLL15-16	80	10338
5.1755	0.0375	ripple_TLL22-23	87	10351
5.18	0.038	ripple_TLL17-18	81	10360
5.1915	0.0455	ripple_TLL2-3	84	10383
5.197	0.131	ripple_TLL1-2	74	10394
5.2115	0.0405	ripple_TLL6-7	99	10423
5.225	0.036	ripple_TBPL3-4	73	10450
5.239	0.0375	ripple_TLL21-22	86	10478
5.2485	0.113	ripple_TLL20-21	85	10497
5.2625	0.0505	ripple_TLL14-15	79	10525
5.2765	0.045	ripple_TLL13-14	78	10553
5.282	0.0455	ripple_TLL23-24	88	10564
5.283	0.056	ripple_TLL6-7	99	10566
5.317	0.035	ripple_TLL15-16	80	10634
5.3235	0.0515	ripple_TBPL2-3	72	10647
5.337	0.042	ripple_TLL11-12	76	10674
5.3625	0.078	ripple_TLL6-7	99	10725
5.371	0.197	ripple_TLL21-22	86	10742
5.3885	0.0545	ripple_TLL14-15	79	10777
5.39	0.118	ripple_TLL5-6	98	10780
5.407	0.0435	ripple_TLL3-4	94	10814
5.4085	0.164	ripple_TLL19-20	83	10817
5.42	0.0315	ripple_TBPL2-3	72	10840
5.4235	0.0815	ripple_TLL15-16	80	10847
5.4245	0.085	ripple_TLL1-2	74	10849
5.425	0.0625	ripple_TLL26-27	90	10850
5.4505	0.107	ripple_TLL29-30	93	10901
5.4545	0.0425	ripple_TLL7-8	100	10909
5.4545	0.062	ripple_TLL13-14	78	10909
5.4585	0.064	ripple_TLL30-31	95	10917
5.4605	0.049	ripple_TLL6-7	99	10921
5.467	0.125	ripple_TLL23-24	88	10934
5.4875	0.04	ripple_TLL14-15	79	10975
5.488	0.0875	ripple_TLL31-32	96	10976
5.5	0.09	ripple_TBPL2-3	72	11000
5.5005	0.2235	ripple_TBPL1-2	71	11001
5.5015	0.0775	ripple_TBPL3-4	73	11003
5.5185	0.06	ripple_TLL2-3	84	11037
5.5305	0.0565	ripple_TLL22-23	87	11061
5.538	0.15	ripple_TLL6-7	99	11076
5.551	0.091	ripple_TLL14-15	79	11102
5.565	0.0465	ripple_TLL7-8	100	11130
5.5675	0.105	ripple_TLL15-16	80	11135
5.5725	0.126	ripple_TLL30-31	95	11145
5.583	0.085	ripple_TLL20-21	85	11166
5.6185	0.078	ripple_TLL4-5	97	11237
5.621	0.132	ripple_TBPL2-3	72	11242
5.6215	0.055	ripple_TLL21-22	86	11243
5.623	0.0435	ripple_TLL19-20	83	11246
5.635	0.1755	ripple_TLL7-8	100	11270
5.6355	0.1495	ripple_TLL22-23	87	11271
5.6355	0.1495	fr_TLL22-23	20	11271
5.6355	0.1495	frandr_TLL22-23	54	11271
5.6645	0.042	ripple_TLL28-29	92	11329
5.6655	0.058	ripple_TLL3-4	94	11331
5.6755	0.0535	ripple_TLL27-28	91	11351
5.6765	0.1455	ripple_TLL1-2	74	11353
5.677	0.0715	ripple_TLL2-3	84	11354
5.692	0.034	ripple_TLL26-27	90	11384
5.7	0.053	ripple_TLL13-14	78	11400
5.7085	0.1165	ripple_TLL20-21	85	11417
5.7175	0.0905	ripple_TLL15-16	80	11435
5.7295	0.0435	ripple_TLL19-20	83	11459
5.7405	0.0445	ripple_TLL6-7	99	11481
5.756	0.057	ripple_TBPL1-2	71	11512
5.77	0.0295	ripple_TLL14-15	79	11540
5.783	0.206	ripple_TBPL2-3	72	11566
5.792	0.082	ripple_TLL21-22	86	11584
5.803	0.1065	ripple_TBPL3-4	73	11606
5.804	0.21	ripple_TLL30-31	95	11608
5.807	0.034	ripple_TLL18-19	82	11614
5.811	0.0475	ripple_TLL31-32	96	11622
5.8135	0.076	ripple_TLL13-14	78	11627
5.834	0.084	ripple_TLL19-20	83	11668
5.855	0.1555	ripple_TLL14-15	79	11710
5.858	0.1115	ripple_TLL1-2	74	11716
5.861	0.042	ripple_TLL2-3	84	11722
5.8675	0.117	ripple_TLL7-8	100	11735
5.8695	0.0595	ripple_TLL6-7	99	11739
5.8755	0.034	ripple_TLL27-28	91	11751
5.886	0.1165	ripple_TBPL1-2	71	11772
5.9255	0.1715	ripple_TLL20-21	85	11851
5.927	0.0485	ripple_TLL26-27	90	11854
5.928	0.0405	ripple_TLL5-6	98	11856
5.9445	0.1165	ripple_TLL28-29	92	11889
5.964	0.0455	ripple_TLL18-19	82	11928
5.9725	0.044	ripple_TBAL2-3	69	11945
5.983	0.0805	ripple_TLL22-23	87	11966
5.9875	0.056	ripple_TBPL3-4	73	11975
5.993	0.072	ripple_TLL23-24	88	11986
5.9965	0.0665	ripple_TLL12-13	77	11993
6.003	0.047	ripple_TLL11-12	76	12006
6.003	0.0945	ripple_TLL29-30	93	12006
6.007	0.0535	ripple_TLL2-3	84	12014
6.014	0.0715	ripple_TLL21-22	86	12028
6.0385	0.06	ripple_TLL19-20	83	12077
6.0465	0.0305	ripple_TLL15-16	80	12093
6.0645	0.0325	ripple_TLL5-6	98	12129
6.0695	0.144	ripple_TBPL2-3	72	12139
6.078	0.039	ripple_TLL26-27	90	12156
6.0835	0.1	ripple_TLL27-28	91	12167
6.089	0.1055	ripple_TBPL3-4	73	12178
6.099	0.0425	ripple_TLL1-2	74	12198
6.1005	0.1515	ripple_TLL13-14	78	12201
6.1105	0.0435	ripple_TLL30-31	95	12221
6.1205	0.053	ripple_TLL20-21	85	12241
6.1225	0.0905	ripple_TLL15-16	80	12245
6.129	0.067	ripple_TLL29-30	93	12258
6.139	0.034	ripple_TLL10-11	75	12278
6.1475	0.107	ripple_TLL14-15	79	12295
6.1515	0.177	ripple_TLL7-8	100	12303
6.157	0.053	ripple_TLL28-29	92	12314
6.1575	0.0595	ripple_TLL21-22	86	12315
6.164	0.0395	ripple_TBPL1-2	71	12328
6.1875	0.0395	ripple_TLL6-7	99	12375
6.199	0.0585	ripple_TLL19-20	83	12398
6.2165	0.0625	ripple_TLL1-2	74	12433
6.223	0.146	ripple_TLL30-31	95	12446
6.236	0.1375	ripple_TBPL2-3	72	12472
6.257	0.0335	ripple_TBPL1-2	71	12514
6.264	0.048	ripple_TLL5-6	98	12528
6.2825	0.0325	ripple_TLL13-14	78	12565
6.2835	0.0925	ripple_TLL21-22	86	12567
6.286	0.047	ripple_TLL18-19	82	12572
6.301	0.189	ripple_TLL14-15	79	12602
6.3155	0.0385	ripple_TLL12-13	77	12631
6.3185	0.0705	ripple_TLL11-12	76	12637
6.325	0.028	ripple_TLL28-29	92	12650
6.331	0.2855	ripple_TLL2-3	84	12662
6.333	0.0175	fr_TLL23-24	21	12666
6.334	0.1365	ripple_TLL6-7	99	12668
6.3355	0.047	ripple_TLL3-4	94	12671
6.3365	0.0545	ripple_TLL5-6	98	12673
6.3375	0.0675	ripple_TLL27-28	91	12675
6.346	0.0565	ripple_TLL13-14	78	12692
6.346	0.102	ripple_TLL15-16	80	12692
6.35	0.125	ripple_TLL26-27	90	12700
6.3675	0.0815	ripple_TLL31-32	96	12735
6.3685	0.0375	ripple_TLL10-11	75	12737
6.373	0.0295	ripple_TLL7-8	100	12746
6.375	0.235	ripple_TLL1-2	74	12750
6.387	0.0565	ripple_TLL28-29	92	12774
6.391	0.0865	ripple_TLL20-21	85	12782
6.391	0.0865	fr_TLL20-21	18	12782
6.391	0.0865	frandr_TLL20-21	52	12782
6.4235	0.12	ripple_TLL29-30	93	12847
6.425	0.165	ripple_TLL3-4	94	12850
6.427	0.081	ripple_TLL10-11	75	12854
6.4275	0.101	ripple_TLL9-10	101	12855
6.43	0.0825	ripple_TBAL2-3	69	12860
6.4385	0.0725	ripple_TBPL2-3	72	12877
6.4385	0.231	ripple_TLL4-5	97	12877
6.4405	0.088	ripple_TLL7-8	100	12881
6.448	0.0365	ripple_TBPL3-4	73	12896
6.4585	0.0435	ripple_TBAL3-4	70	12917
6.4675	0.0335	ripple_TLL19-20	83	12935
6.471	0.1305	ripple_TLL28-29	92	12942
6.4795	0.202	ripple_TLL31-32	96	12959
6.4965	0.124	ripple_TLL21-22	86	12993
6.502	0.08	ripple_TLL5-6	98	13004
6.511	0.1425	ripple_TLL20-21	85	13022
6.512	0.0745	ripple_TLL14-15	79	13024
6.5285	0.117	ripple_TLL13-14	78	13057
6.5295	0.0305	ripple_TLL6-7	99	13059
6.557	0.2075	ripple_TLL30-31	95	13114
6.575	0.047	ripple_TLL27-28	91	13150
6.5825	0.0385	ripple_TLL25-26	89	13165
6.583	0.0515	ripple_TLL29-30	93	13166
6.629	0.0435	ripple_TLL14-15	79	13258
6.632	0.031	ripple_TLL3-4	94	13264
6.637	0.0345	ripple_TLL5-6	98	13274
6.6395	0.0475	ripple_TLL7-8	100	13279
6.6475	0.0505	ripple_TLL10-11	75	13295
6.65	0.0115	fr_TLL23-24	21	13300
6.651	0.0505	ripple_TLL18-19	82	13302
6.6525	0.1925	ripple_TLL1-2	74	13305
6.6595	0.117	ripple_TLL21-22	86	13319
6.6655	0.0945	ripple_TLL15-16	80	13331
6.676	0.137	ripple_TLL13-14	78	13352
6.679	0.0725	ripple_TLL11-12	76	13358
6.6845	0.0845	ripple_TLL29-30	93	13369
6.6985	0.0365	ripple_TLL28-29	92	13397
6.6985	0.0565	ripple_TBPL3-4	73	13397
6.7065	0.0565	ripple_TLL5-6	98	13413
6.7135	0.066	ripple_TLL4-5	97	13427
6.7145	0.0375	ripple_TLL3-4	94	13429
6.7185	0.013	fr_TLL10-11	8	13437
6.7245	0.077	ripple_TLL27-28	91	13449
6.73	0.065	ripple_TLL14-15	79	13460
6.744	0.053	ripple_TLL31-32	96	13488
6.744	0.0635	ripple_TLL19-20	83	13488
6.756	0.0355	ripple_TBAL1-2	68	13512
6.8035	0.134	ripple_TLL21-22	86	13607
6.808	0.057	ripple_TLL26-27	90	13616
6.8105	0.1345	ripple_TLL3-4	94	13621
6.8165	0.011	fr_TLL17-18	14	13633
6.818	0.0345	ripple_TBAL1-2	68	13636
6.827	0.0835	ripple_TLL7-8	100	13654
6.839	0.07	ripple_TLL2-3	84	13678
6.851	0.1345	ripple_TLL18-19	82	13702
6.8565	0.213	ripple_TLL17-18	81	13713
6.8715	0.047	ripple_TLL1-2	74	13743
6.885	0.092	ripple_TLL31-32	96	13770
6.889	0.106	ripple_TLL4-5	97	13778
6.902	0.282	ripple_TLL29-30	93	13804
6.9085	0.099	ripple_TLL30-31	95	13817
6.9335	0.1225	ripple_TLL7-8	100	13867
6.9465	0.0925	ripple_TLL23-24	88	13893
6.9495	0.1045	ripple_TLL19-20	83	13899
6.9535	0.0835	ripple_TLL15-16	80	13907
6.9575	0.06	ripple_TBPL2-3	72	13915
6.9575	0.0875	ripple_TLL13-14	78	13915
6.958	0.081	ripple_TLL28-29	92	13916
6.9595	0.036	ripple_TLL2-3	84	13919
6.965	0.057	ripple_TBAL2-3	69	13930
6.971	0.078	ripple_TLL6-7	99	13942
6.976	0.047	ripple_TBAL3-4	70	13952
6.977	0.076	ripple_TBPL1-2	71	13954
6.989	0.091	ripple_TLL9-10	101	13978
6.9915	0.0925	ripple_TLL26-27	90	13983
7.0015	0.0365	ripple_TLL1-2	74	14003
7.004	0.047	ripple_TLL14-15	79	14008
7.023	0.0885	ripple_TLL21-22	86	14046
7.0335	0.0615	ripple_TLL31-32	96	14067
7.034	0.1125	ripple_TLL30-31	95	14068
7.0725	0.052	ripple_TBPL2-3	72	14145
7.083	0.1785	ripple_TBPL1-2	71	14166
7.0865	0.0815	ripple_TLL13-14	78	14173
7.0875	0.0335	ripple_TLL22-23	87	14175
7.0975	0.0685	ripple_TLL14-15	79	14195
7.0975	0.117	ripple_TLL7-8	100	14195
7.1085	0.1115	ripple_TLL6-7	99	14217
7.128	0.036	ripple_TLL11-12	76	14256
7.1295	0.055	ripple_TLL20-21	85	14259
7.1315	0.115	ripple_TLL21-22	86	14263
7.1415	0.0395	ripple_TLL2-3	84	14283
7.1465	0.2345	ripple_TBPL2-3	72	14293
7.1475	0.037	ripple_TBPL3-4	73	14295
7.174	0.0325	ripple_TLL3-4	94	14348
7.176	0.037	ripple_TLL12-13	77	14352
7.2005	0.306	ripple_TLL18-19	82	14401
7.2025	0.076	ripple_TLL30-31	95	14405
7.2075	0.0995	ripple_TLL1-2	74	14415
7.217	0.0345	ripple_TLL5-6	98	14434
7.2195	0.117	ripple_TLL10-11	75	14439
7.2345	0.164	ripple_TLL7-8	100	14469
7.2375	0.038	ripple_TLL14-15	79	14475
7.249	0.0385	ripple_TLL12-13	77	14498
7.252	0.0655	ripple_TLL28-29	92	14504
7.27	0.063	ripple_TLL17-18	81	14540
7.274	0.1105	ripple_TLL29-30	93	14548
7.284	0.0555	ripple_TLL27-28	91	14568
7.288	0.0475	ripple_TLL11-12	76	14576
7.2905	0.107	ripple_TLL19-20	83	14581
7.2945	0.039	ripple_TLL4-5	97	14589
7.2965	0.086	ripple_TLL14-15	79	14593
7.3085	0.055	ripple_TLL6-7	99	14617
7.318	0.0355	ripple_TLL30-31	95	14636
7.326	0.112	ripple_TLL21-22	86	14652
7.337	0.13	ripple_TLL31-32	96	14674
7.34	0.105	ripple_TLL1-2	74	14680
7.345	0.267	ripple_TLL13-14	78	14690
7.347	0.0475	ripple_TLL26-27	90	14694
7.3595	0.0805	ripple_TLL20-21	85	14719
7.366	0.0465	ripple_TLL4-5	97	14732
7.366	0.0535	ripple_TLL3-4	94	14732
7.4045	0.034	ripple_TLL2-3	84	14809
7.409	0.0695	ripple_TLL10-11	75	14818
7.415	0.077	ripple_TLL12-13	77	14830
7.421	0.088	ripple_TLL29-30	93	14842
7.4215	0.053	ripple_TLL15-16	80	14843
7.422	0.0915	ripple_TLL26-27	90	14844
7.4275	0.2005	ripple_TLL7-8	100	14855
7.4285	0.1815	ripple_TLL30-31	95	14857
7.437	0.055	ripple_TBPL3-4	73	14874
7.4425	0.0635	ripple_TLL28-29	92	14885
7.4605	0.032	ripple_TBAL2-3	69	14921
7.4645	0.0545	ripple_TLL2-3	84	14929
7.4885	0.152	ripple_TLL21-22	86	14977
7.5105	0.0495	ripple_TLL14-15	79	15021
7.519	0.0115	fr_TBAL3-4	3	15038
7.5405	0.0785	ripple_TLL12-13	77	15081
7.548	0.0445	ripple_TLL6-7	99	15096
7.553	0.1175	ripple_TBPL1-2	71	15106
7.56	0.119	ripple_TBAL3-4	70	15120
7.5695	0.117	ripple_TLL20-21	85	15139
7.5755	0.068	ripple_TLL29-30	93	15151
7.5995	0.172	ripple_TLL14-15	79	15199
7.6005	0.0495	ripple_TLL26-27	90	15201
7.619	0.047	ripple_TLL18-19	82	15238
7.6325	0.0855	ripple_TLL6-7	99	15265
7.638	0.033	ripple_TLL1-2	74	15276
7.6655	0.0375	ripple_TLL2-3	84	15331
7.6835	0.26	ripple_TLL30-31	95	15367
7.697	0.1415	ripple_TLL19-20	83	15394
7.717	0.2375	ripple_TLL21-22	86	15434
7.7465	0.1485	ripple_TLL29-30	93	15493
7.752	0.0395	ripple_TLL4-5	97	15504
7.7775	0.0405	ripple_TLL23-24	88	15555
7.7835	0.1905	ripple_TBPL2-3	72	15567
7.786	0.051	ripple_TLL1-2	74	15572
7.789	0.08	ripple_TLL6-7	99	15578
7.7985	0.094	ripple_TLL27-28	91	15597
7.804	0.3004999999999991	ripple_TLL14-15	79	15608
7.815	0.3549999999999991	ripple_TLL7-8	100	15630
7.8355	0.05	ripple_TBPL1-2	71	15671
7.8405	0.1405	ripple_TLL13-14	78	15681
7.8535	0.133	ripple_TLL20-21	85	15707
7.8595	0.0345	ripple_TBAL3-4	70	15719
7.863	0.042	ripple_TLL11-12	76	15726
7.8675	0.073	ripple_TLL2-3	84	15735
7.872	0.056	ripple_TLL18-19	82	15744
7.878	0.1775	ripple_TLL19-20	83	15756
7.8915	0.119	ripple_TLL6-7	99	15783
7.9065	0.1135000000000009	ripple_TBPL1-2	71	15813
7.9275	0.037	ripple_TLL3-4	94	15855
7.928	0.3055	ripple_TLL28-29	92	15856
7.9335	0.0415	ripple_TLL22-23	87	15867
7.938	0.0915	ripple_TLL23-24	88	15876
7.9595	0.06200000000000091	ripple_TLL29-30	93	15919
7.9645	0.06899999999999909	ripple_TLL9-10	101	15929
7.9665	0.1085	ripple_TLL27-28	91	15933
7.9835	0.049999999999999094	ripple_TLL31-32	96	15967
8.0065	0.0495	ripple_TLL15-16	80	16013
8.01	0.09400000000000092	ripple_TLL1-2	74	16020
8.0145	0.05400000000000091	ripple_TLL2-3	84	16029
8.047	0.195	ripple_TLL21-22	86	16094
8.0495	0.03400000000000091	ripple_TLL26-27	90	16099
8.062	0.12099999999999818	ripple_TLL5-6	98	16124
8.0875	0.05900000000000091	ripple_TLL18-19	82	16175
8.0935	0.0924999999999991	ripple_TLL20-21	85	16187
8.1	0.11249999999999909	ripple_TLL30-31	95	16200
8.1005	0.07500000000000091	ripple_TLL15-16	80	16201
8.119	0.11950000000000091	ripple_TLL2-3	84	16238
8.135	0.06300000000000092	ripple_TLL19-20	83	16270
8.1495	0.04300000000000091	ripple_TLL6-7	99	16299
8.1505	0.2355	ripple_TLL1-2	74	16301
8.1505	0.2355	fr_TLL1-2	7	16301
8.1505	0.2355	frandr_TLL1-2	41	16301
8.1935	0.0725	ripple_TLL13-14	78	16387
8.1975	0.0705	ripple_TLL14-15	79	16395
8.22	0.125	ripple_TLL19-20	83	16440
8.2265	0.102	ripple_TLL31-32	96	16453
8.2345	0.111	ripple_TLL6-7	99	16469
8.2365	0.0445	ripple_TBPL2-3	72	16473
8.2365	0.052	ripple_TLL4-5	97	16473
8.2415	0.094	ripple_TBPL1-2	71	16483
8.2505	0.1185	ripple_TLL11-12	76	16501
8.2555	0.036	ripple_TLL10-11	75	16511
8.284	0.0865	ripple_TLL21-22	86	16568
8.2945	0.1825	ripple_TLL13-14	78	16589
8.3005	0.055	ripple_TBAL3-4	70	16601
8.3005	0.0745	ripple_TBAL2-3	69	16601
8.3105	0.154	ripple_TLL29-30	93	16621
8.3125	0.0695	ripple_TLL18-19	82	16625
8.314	0.0115	fr_TLL27-28	24	16628
8.3145	0.0925	ripple_TLL26-27	90	16629
8.3255	0.039	ripple_TLL2-3	84	16651
8.363	0.0595	ripple_TLL7-8	100	16726
8.37	0.045	ripple_TLL10-11	75	16740
8.374	0.0435	ripple_TLL5-6	98	16748
8.382	0.0515	ripple_TLL28-29	92	16764
8.396	0.044	ripple_TLL31-32	96	16792
8.405	0.105	ripple_TLL21-22	86	16810
8.41	0.2065	ripple_TLL20-21	85	16820
8.431	0.1705	ripple_TLL2-3	84	16862
8.434	0.052	ripple_TLL25-26	89	16868
8.4345	0.3525	ripple_TLL30-31	95	16869
8.445	0.1085	ripple_TLL7-8	100	16890
8.4565	0.16	ripple_TBPL1-2	71	16913
8.4625	0.1525	ripple_TBPL2-3	72	16925
8.463	0.6255	ripple_TLL1-2	74	16926
8.4635	0.065	ripple_TLL6-7	99	16927
8.478	0.054	ripple_TLL9-10	101	16956
8.506	0.033	ripple_TLL11-12	76	17012
8.517	0.0115	fr_TLL27-28	24	17034
8.521	0.1355	ripple_TLL19-20	83	17042
8.5245	0.052	ripple_TLL4-5	97	17049
8.542	0.0405	ripple_TLL10-11	75	17084
8.547	0.076	ripple_TLL5-6	98	17094
8.549	0.105	ripple_TLL29-30	93	17098
8.569	0.209	ripple_TLL6-7	99	17138
8.573	0.0985	ripple_TLL15-16	80	17146
8.5765	0.1105	ripple_TLL14-15	79	17153
8.58	0.037	ripple_TLL9-10	101	17160
8.5935	0.095	ripple_TLL7-8	100	17187
8.61	0.2315	ripple_TLL31-32	96	17220
8.6115	0.036	ripple_TLL13-14	78	17223
8.615	0.118	ripple_TLL4-5	97	17230
8.636	0.0455	ripple_TBPL3-4	73	17272
8.6425	0.0685	ripple_TBPL2-3	72	17285
8.6425	0.23	ripple_TLL22-23	87	17285
8.6555	0.0685	ripple_TLL21-22	86	17311
8.662	0.0355	ripple_TLL18-19	82	17324
8.663	0.0925	ripple_TLL5-6	98	17326
8.664	0.108	ripple_TLL9-10	101	17328
8.6655	0.036	ripple_TLL2-3	84	17331
8.669	0.045	ripple_TLL13-14	78	17338
8.684	0.056	ripple_TLL19-20	83	17368
8.694	0.0375	ripple_TLL10-11	75	17388
8.6955	0.1445	ripple_TLL29-30	93	17391
8.7165	0.032	ripple_TLL15-16	80	17433
8.728	0.2085	ripple_TLL23-24	88	17456
8.739	0.056	ripple_TLL14-15	79	17478
8.7635	0.0345	ripple_TLL19-20	83	17527
8.7645	0.078	ripple_TLL20-21	85	17529
8.7705	0.112	ripple_TLL27-28	91	17541
8.786	0.0335	ripple_TLL7-8	100	17572
8.7885	0.0685	ripple_TLL26-27	90	17577
8.789	0.505	ripple_TLL21-22	86	17578
8.7895	0.1185	ripple_TLL28-29	92	17579
8.802	0.063	ripple_TLL2-3	84	17604
8.805	0.081	ripple_TLL10-11	75	17610
8.813	0.1105	ripple_TLL3-4	94	17626
8.8165	0.049	ripple_TLL11-12	76	17633
8.837	0.091	ripple_TLL4-5	97	17674
8.8435	0.142	ripple_TLL7-8	100	17687
8.845	0.0765	ripple_TLL6-7	99	17690
8.8455	0.0325	ripple_TLL14-15	79	17691
8.859	0.0655	ripple_TLL30-31	95	17718
8.8815	0.078	ripple_TBPL2-3	72	17763
8.8895	0.104	ripple_TLL19-20	83	17779
8.8995	0.127	ripple_TLL22-23	87	17799
8.932	0.091	ripple_TLL13-14	78	17864
8.9385	0.0955	ripple_TLL20-21	85	17877
8.949	0.1165	ripple_TLL27-28	91	17898
8.9605	0.1005	ripple_TLL23-24	88	17921
8.969	0.042	ripple_TLL6-7	99	17938
8.973	0.062	ripple_TLL31-32	96	17946
8.9745	0.0455	ripple_TLL14-15	79	17949
8.987	0.064	ripple_TBPL2-3	72	17974
8.994	0.236	ripple_TLL15-16	80	17988
9.0125	0.076	ripple_TLL2-3	84	18025
9.032	0.0495	ripple_TLL7-8	100	18064
9.048	0.056	ripple_TLL13-14	78	18096
9.055	0.0665	ripple_TLL20-21	85	18110
9.056	0.2115	ripple_TLL6-7	99	18112
9.068	0.0635	ripple_TLL4-5	97	18136
9.073	0.0725	ripple_TLL18-19	82	18146
9.077	0.112	ripple_TLL31-32	96	18154
9.0875	0.0565	ripple_TLL28-29	92	18175
9.089	0.0935	ripple_TLL27-28	91	18178
9.0935	0.0615	ripple_TLL9-10	101	18187
9.1115	0.3315	ripple_TLL14-15	79	18223
9.1155	0.0665	ripple_TLL11-12	76	18231
9.117	0.098	ripple_TLL2-3	84	18234
9.137	0.1865	ripple_TBPL2-3	72	18274
9.1395	0.0425	ripple_TLL26-27	90	18279
9.1645	0.1885	ripple_TLL1-2	74	18329
9.1645	0.265	ripple_TLL19-20	83	18329
9.171	0.0295	ripple_TLL10-11	75	18342
9.1735	0.296	ripple_TLL30-31	95	18347
9.1735	0.296	fr_TLL30-31	28	18347
9.1735	0.296	frandr_TLL30-31	61	18347
9.214	0.122	ripple_TLL31-32	96	18428
9.2145	0.0325	ripple_TLL20-21	85	18429
9.2155	0.0585	ripple_TLL27-28	91	18431
9.221	0.119	ripple_TLL28-29	92	18442
9.227	0.0435	ripple_TLL12-13	77	18454
9.2625	0.1015	ripple_TLL13-14	78	18525
9.266	0.203	ripple_TLL2-3	84	18532
9.2675	0.1505	ripple_TLL18-19	82	18535
9.283	0.0335	ripple_TLL11-12	76	18566
9.2885	0.1635	ripple_TLL5-6	98	18577
9.309	0.132	ripple_TBPL1-2	71	18618
9.321	0.0885	ripple_TLL29-30	93	18642
9.3255	0.2445	ripple_TLL15-16	80	18651
9.337	0.0625	ripple_TLL4-5	97	18674
9.345	0.0825	ripple_TLL20-21	85	18690
9.347	0.049	ripple_TLL11-12	76	18694
9.347	0.28	ripple_TLL7-8	100	18694
9.3475	0.195	ripple_TLL21-22	86	18695
9.352	0.123	ripple_TLL10-11	75	18704
9.3545	0.125	ripple_TBPL2-3	72	18709
9.3755	0.1965	ripple_TLL31-32	96	18751
9.39	0.048	ripple_TLL28-29	92	18780
9.394	0.0965	ripple_TLL26-27	90	18788
9.397	0.1	ripple_TLL27-28	91	18794
9.3975	0.146	ripple_TLL13-14	78	18795
9.4235	0.3025	ripple_TLL1-2	74	18847
9.427	0.0495	ripple_TLL9-10	101	18854
9.445	0.132	ripple_TLL6-7	99	18890
9.461	0.075	ripple_TLL4-5	97	18922
9.478	0.041	ripple_TLL18-19	82	18956
9.4785	0.043	ripple_TLL17-18	81	18957
9.48	0.175	ripple_TLL3-4	94	18960
9.501	0.3265	ripple_TLL20-21	85	19002
9.5035	0.1135	ripple_TLL9-10	101	19007
9.535	0.1505	ripple_TLL29-30	93	19070
9.5375	0.119	ripple_TLL30-31	95	19075
9.5565	0.1285	ripple_TLL4-5	97	19113
9.589	0.0485	ripple_TLL18-19	82	19178
9.595	0.0615	ripple_TLL23-24	88	19190
9.6045	0.049	ripple_TLL6-7	99	19209
9.6045	0.062	ripple_TLL5-6	98	19209
9.61	0.5995	ripple_TLL19-20	83	19220
9.6495	0.0595	ripple_TLL15-16	80	19299
9.653	0.013	fr_TBAL2-3	2	19306
9.6555	0.05	ripple_TLL14-15	79	19311
9.6675	0.0425	ripple_TLL22-23	87	19335
9.683	0.3605	ripple_TBPL2-3	72	19366
9.691	0.034	ripple_TLL2-3	84	19382
9.6955	0.057	ripple_TLL30-31	95	19391
9.708	0.154	ripple_TLL28-29	92	19416
9.736	0.1425	ripple_TLL4-5	97	19472
9.7405	0.078	ripple_TLL14-15	79	19481
9.756	0.0445	ripple_TLL18-19	82	19512
9.7595	0.061	ripple_TLL13-14	78	19519
9.765	0.119	ripple_TLL6-7	99	19530
9.7705	0.077	ripple_TLL1-2	74	19541
9.7735	0.0315	ripple_TLL30-31	95	19547
9.7865	0.044	ripple_TLL21-22	86	19573
9.793	0.012	fr_TLL23-24	21	19586
9.8185	0.0975	ripple_TLL7-8	100	19637
9.819	0.056	ripple_TLL3-4	94	19638
9.8195	0.1915	ripple_TLL9-10	101	19639
9.8405	0.0405	ripple_TLL15-16	80	19681
9.849	0.084	ripple_TLL18-19	82	19698
9.861	0.118	ripple_TLL11-12	76	19722
9.8925	0.032	ripple_TLL17-18	81	19785
9.8955	0.0475	ripple_TLL21-22	86	19791
9.904	0.1115	ripple_TLL20-21	85	19808
9.9075	0.0385	ripple_TLL30-31	95	19815
9.9095	0.0795	ripple_TLL15-16	80	19819
9.912	0.077	ripple_TLL28-29	92	19824
9.9315	0.064	ripple_TLL27-28	91	19863
9.9385	0.117	ripple_TLL10-11	75	19877
9.9395	0.1885	ripple_TLL13-14	78	19879
9.9435	0.0395	ripple_TLL6-7	99	19887
9.951	0.116	ripple_TLL5-6	98	19902
9.9675	0.0595	ripple_TLL7-8	100	19935
9.9685	0.061	ripple_TLL18-19	82	19937
9.988	0.041	ripple_TLL4-5	97	19976
10.0015	0.0385	ripple_TLL14-15	79	20003
10.007	0.08	ripple_TLL1-2	74	20014
10.014	0.0445	ripple_TLL11-12	76	20028
10.0145	0.0485	ripple_TLL30-31	95	20029
10.031	0.066	ripple_TLL29-30	93	20062
10.042	0.041	ripple_TLL2-3	84	20084
10.045	0.0905	ripple_TLL21-22	86	20090
10.0465	0.163	ripple_TLL20-21	85	20093
10.055	0.0445	ripple_TLL6-7	99	20110
10.059	0.121	ripple_TLL26-27	90	20118
10.0635	0.1375	ripple_TLL14-15	79	20127
10.0745	0.0635	ripple_TLL9-10	101	20149
10.0745	0.0635	fr_TLL9-10	34	20149
10.0745	0.0635	frandr_TLL9-10	67	20149
10.1	0.062	ripple_TBPL2-3	72	20200
10.118	0.0625	ripple_TLL31-32	96	20236
10.12	0.0155	fr_TBPL1-2	4	20240
10.1225	0.0985	ripple_TLL3-4	94	20245
10.129	0.0865	ripple_TLL1-2	74	20258
10.1345	0.044	ripple_TLL27-28	91	20269
10.1345	0.059	ripple_TBAL3-4	70	20269
10.1385	0.0755	ripple_TLL11-12	76	20277
10.14	0.1435	ripple_TLL10-11	75	20280
10.145	0.411	ripple_TLL29-30	93	20290
10.148	0.041	ripple_TLL13-14	78	20296
10.153	0.0805	ripple_TLL30-31	95	20306
10.1895	0.083	ripple_TLL4-5	97	20379
10.202	0.071	ripple_TLL21-22	86	20404
10.237	0.1	ripple_TLL15-16	80	20474
10.2445	0.0375	ripple_TLL1-2	74	20489
10.2445	0.0375	ripple_TLL22-23	87	20489
10.249	0.1265	ripple_TLL28-29	92	20498
10.2515	0.0735	ripple_TLL14-15	79	20503
10.2565	0.129	ripple_TBPL2-3	72	20513
10.27	0.064	ripple_TLL26-27	90	20540
10.281	0.059	ripple_TLL9-10	101	20562
10.2885	0.083	ripple_TLL30-31	95	20577
10.2975	0.064	ripple_TLL7-8	100	20595
10.3085	0.0365	ripple_TLL5-6	98	20617
10.31	0.0785	ripple_TLL23-24	88	20620
10.3255	0.095	ripple_TLL1-2	74	20651
10.326	0.078	ripple_TLL4-5	97	20652
10.33	0.1475	ripple_TLL22-23	87	20660
10.3365	0.0405	ripple_TLL3-4	94	20673
10.3645	0.035	ripple_TLL19-20	83	20729
10.38	0.0525	ripple_TLL18-19	82	20760
10.3915	0.0405	ripple_TLL14-15	79	20783
10.4	0.0395	ripple_TLL11-12	76	20800
10.4005	0.037	ripple_TLL27-28	91	20801
10.404	0.1125	ripple_TLL26-27	90	20808
10.41	0.0845	ripple_TLL28-29	92	20820
10.433	0.12	ripple_TLL30-31	95	20866
10.444	0.1625	ripple_TLL21-22	86	20888
10.4685	0.0375	ripple_TLL15-16	80	20937
10.47	0.0725	ripple_TLL19-20	83	20940
10.48	0.04	ripple_TLL1-2	74	20960
10.501	0.0115	fr_TLL10-11	8	21002
10.5125	0.069	ripple_TBPL2-3	72	21025
10.519	0.057	ripple_TLL3-4	94	21038
10.5365	0.126	ripple_TLL22-23	87	21073
10.5415	0.1645	ripple_TLL23-24	88	21083
10.571	0.3405	ripple_TLL31-32	96	21142
10.5735	0.031	ripple_TLL6-7	99	21147
10.574	0.034	ripple_TLL11-12	76	21148
10.5745	0.0555	ripple_TLL15-16	80	21149
10.576	0.0395	ripple_TLL19-20	83	21152
10.582	0.174	ripple_TLL28-29	92	21164
10.6055	0.11	ripple_TLL18-19	82	21211
10.6075	0.0385	ripple_TBPL1-2	71	21215
10.608	0.214	ripple_TBPL2-3	72	21216
10.608	0.214	fr_TBPL2-3	5	21216
10.608	0.214	frandr_TBPL2-3	39	21216
10.6465	0.049	ripple_TLL6-7	99	21293
10.657	0.0395	ripple_TLL15-16	80	21314
10.6605	0.0455	ripple_TLL30-31	95	21321
10.6605	0.048	ripple_TLL4-5	97	21321
10.6635	0.0975	ripple_TLL3-4	94	21327
10.665	0.0565	ripple_TLL20-21	85	21330
10.6695	0.0325	ripple_TLL29-30	93	21339
10.7125	0.041	ripple_TLL10-11	75	21425
10.7185	0.059	ripple_TLL22-23	87	21437
10.738	0.14	ripple_TLL21-22	86	21476
10.7445	0.169	ripple_TBPL1-2	71	21489
10.7455	0.0675	ripple_TLL19-20	83	21491
10.754	0.096	ripple_TLL20-21	85	21508
10.7615	0.076	ripple_TLL11-12	76	21523
10.7665	0.0945	ripple_TLL18-19	82	21533
10.772	0.047	ripple_TBAL3-4	70	21544
10.773	0.0535	ripple_TBAL2-3	69	21546
10.773	0.135	ripple_TLL1-2	74	21546
10.782	0.0505	ripple_TLL2-3	84	21564
10.788	0.0525	ripple_TLL30-31	95	21576
10.8075	0.0485	ripple_TLL3-4	94	21615
10.8465	0.097	ripple_TLL15-16	80	21693
10.853	0.09	ripple_TLL14-15	79	21706
10.855	0.1025	ripple_TLL2-3	84	21710
10.858	0.0525	ripple_TLL22-23	87	21716
10.861	0.0285	ripple_TLL23-24	88	21722
10.8875	0.1005	ripple_TBPL2-3	72	21775
10.896	0.1395	ripple_TLL18-19	82	21792
10.905	0.1165	ripple_TLL7-8	100	21810
10.9185	0.036	ripple_TLL27-28	91	21837
10.9395	0.044	ripple_TLL20-21	85	21879
10.94	0.14	ripple_TLL22-23	87	21880
10.9405	0.103	ripple_TLL6-7	99	21881
10.9445	0.046	ripple_TLL28-29	92	21889
10.9595	0.0335	ripple_TBPL3-4	73	21919
10.965	0.0385	ripple_TLL30-31	95	21930
10.9775	0.0755	ripple_TLL21-22	86	21955
10.9875	0.055	ripple_TLL11-12	76	21975
10.99	0.046	ripple_TLL4-5	97	21980
11.0115	0.0415	ripple_TLL28-29	92	22023
11.0245	0.2155	ripple_TLL1-2	74	22049
11.047	0.0455	ripple_TLL19-20	83	22094
11.05	0.343	ripple_TBPL2-3	72	22100
11.0525	0.1405	ripple_TLL30-31	95	22105
11.0865	0.341	ripple_TLL14-15	79	22173
11.089	0.0485	ripple_TLL15-16	80	22178
11.09	0.032	ripple_TLL6-7	99	22180
11.099	0.0285	ripple_TLL2-3	84	22198
11.11	0.0365	ripple_TLL11-12	76	22220
11.1105	0.159	ripple_TLL21-22	86	22221
11.1145	0.0375	ripple_TLL29-30	93	22229
11.1265	0.0675	ripple_TLL28-29	92	22253
11.127	0.067	ripple_TLL27-28	91	22254
11.132	0.0375	ripple_TLL18-19	82	22264
11.1335	0.0535	ripple_TLL26-27	90	22267
11.159	0.0635	ripple_TLL3-4	94	22318
11.176	0.2305	ripple_TLL20-21	85	22352
11.181	0.033	ripple_TLL22-23	87	22362
11.2065	0.0885	ripple_TLL31-32	96	22413
11.239	0.1545	ripple_TLL19-20	83	22478
11.24	0.232	ripple_TLL6-7	99	22480
11.246	0.0635	ripple_TLL5-6	98	22492
11.2555	0.061	ripple_TLL18-19	82	22511
11.2565	0.106	ripple_TLL15-16	80	22513
11.265	0.069	ripple_TLL30-31	95	22530
11.27	0.0365	ripple_TLL29-30	93	22540
11.287	0.226	ripple_TLL7-8	100	22574
11.3125	0.0765	ripple_TLL27-28	91	22625
11.331	0.046	ripple_TLL28-29	92	22662
11.334	0.0305	ripple_TLL21-22	86	22668
11.358	0.0515	ripple_TLL22-23	87	22716
11.366	0.134	ripple_TLL2-3	84	22732
11.376	0.0485	ripple_TLL9-10	101	22752
11.4125	0.042	ripple_TBPL3-4	73	22825
11.4275	0.067	ripple_TLL20-21	85	22855
11.436	0.1405	ripple_TLL22-23	87	22872
11.437	0.08	ripple_TLL30-31	95	22874
11.4375	0.119	ripple_TLL23-24	88	22875
11.4445	0.051	ripple_TLL12-13	77	22889
11.451	0.1065	ripple_TLL19-20	83	22902
11.4545	0.2095	ripple_TLL18-19	82	22909
11.4655	0.1165	ripple_TLL28-29	92	22931
11.4745	0.042	ripple_TLL29-30	93	22949
11.4745	0.0445	ripple_TLL27-28	91	22949
11.497	0.04	ripple_TLL5-6	98	22994
11.4995	0.037	ripple_TLL14-15	79	22999
11.5455	0.129	ripple_TLL31-32	96	23091
11.554	0.0925	ripple_TBPL2-3	72	23108
11.5575	0.181	ripple_TLL30-31	95	23115
11.5585	0.0375	ripple_TLL7-8	100	23117
11.5625	0.035	ripple_TLL27-28	91	23125
11.566	0.0395	ripple_TLL11-12	76	23132
11.5825	0.2005	ripple_TLL20-21	85	23165
11.605	0.1445	ripple_TLL6-7	99	23210
11.6075	0.074	ripple_TLL29-30	93	23215
11.616	0.127	ripple_TLL23-24	88	23232
11.618	0.1245	ripple_TLL22-23	87	23236
11.6275	0.057	ripple_TLL28-29	92	23255
11.6385	0.0405	ripple_TLL11-12	76	23277
11.6465	0.076	ripple_TLL15-16	80	23293
11.655	0.0595	ripple_TLL2-3	84	23310
11.661	0.1035	ripple_TLL1-2	74	23322
11.667	0.1215	ripple_TBPL2-3	72	23334
11.6895	0.1555	ripple_TLL21-22	86	23379
11.711	0.029	fr_TLL28-29	25	23422
11.7115	0.038	ripple_TLL7-8	100	23423
11.7315	0.0275	ripple_TLL27-28	91	23463
11.7535	0.112	ripple_TLL19-20	83	23507
11.776	0.0195	fr_TLL31-32	29	23552
11.778	0.0865	ripple_TLL18-19	82	23556
11.781	0.1555	ripple_TLL15-16	80	23562
11.7815	0.238	ripple_TLL29-30	93	23563
11.784	0.13	ripple_TLL30-31	95	23568
11.807	0.058	ripple_TLL28-29	92	23614
11.8285	0.0395	ripple_TLL20-21	85	23657
11.838	0.1005	ripple_TLL14-15	79	23676
11.8495	0.053	ripple_TLL26-27	90	23699
11.9075	0.07	ripple_TBPL2-3	72	23815
11.9085	0.0565	ripple_TLL27-28	91	23817
11.923	0.058	ripple_TBAL3-4	70	23846
11.927	0.109	ripple_TLL21-22	86	23854
11.9405	0.038	ripple_TBAL2-3	69	23881
11.9525	0.142	ripple_TLL19-20	83	23905
11.979	0.0605	ripple_TLL5-6	98	23958
11.987	0.051	ripple_TLL30-31	95	23974
11.9935	0.0595	ripple_TLL31-32	96	23987
12.017	0.051	ripple_TLL6-7	99	24034
12.024	0.0565	ripple_TLL1-2	74	24048
12.028	0.0115	fr_TBPL1-2	4	24056
12.031	0.0805	ripple_TBPL2-3	72	24062
12.0415	0.0835	ripple_TLL28-29	92	24083
12.0475	0.055	ripple_TLL29-30	93	24095
12.051	0.069	ripple_TLL23-24	88	24102
12.0525	0.2255	ripple_TLL20-21	85	24105
12.054	0.065	ripple_TLL22-23	87	24108
12.0585	0.061	ripple_TLL14-15	79	24117
12.0595	0.3355	ripple_TLL21-22	86	24119
12.0915	0.11	ripple_TLL15-16	80	24183
12.15	0.1235	ripple_TLL2-3	84	24300
12.156	0.0425	ripple_TLL10-11	75	24312
12.1665	0.0615	ripple_TLL29-30	93	24333
12.1725	0.0645	ripple_TLL27-28	91	24345
12.174	0.298	ripple_TLL19-20	83	24348
12.1745	0.1115	ripple_TLL18-19	82	24349
12.1835	0.073	ripple_TLL22-23	87	24367
12.187	0.216	ripple_TLL14-15	79	24374
12.2085	0.0405	ripple_TLL13-14	78	24417
12.211	0.0445	ripple_TLL23-24	88	24422
12.2315	0.157	ripple_TBPL2-3	72	24463
12.238	0.032	ripple_TLL9-10	101	24476
12.24	0.147	ripple_TLL7-8	100	24480
12.252	0.1175	ripple_TLL6-7	99	24504
12.2545	0.056	ripple_TLL30-31	95	24509
12.2585	0.0365	ripple_TLL5-6	98	24517
12.302	0.0935	ripple_TLL20-21	85	24604
12.3095	0.0525	ripple_TLL18-19	82	24619
12.3195	0.04	ripple_TLL13-14	78	24639
12.32	0.0375	ripple_TLL3-4	94	24640
12.326	0.045	ripple_TLL4-5	97	24652
12.3375	0.12	ripple_TLL1-2	74	24675
12.361	0.0625	ripple_TLL23-24	88	24722
12.362	0.0925	ripple_TLL29-30	93	24724
12.3955	0.067	ripple_TLL27-28	91	24791
12.4105	0.138	ripple_TBPL2-3	72	24821
12.441	0.0975	ripple_TLL14-15	79	24882
12.4425	0.072	ripple_TLL4-5	97	24885
12.4455	0.037	ripple_TLL9-10	101	24891
12.49	0.246	ripple_TLL6-7	99	24980
12.495	0.041	ripple_TLL18-19	82	24990
12.505	0.0435	ripple_TLL2-3	84	25010
12.5095	0.0325	ripple_TLL29-30	93	25019
12.5125	0.1875	ripple_TLL7-8	100	25025
12.5385	0.032	ripple_TLL5-6	98	25077
12.56	0.125	ripple_TLL1-2	74	25120
12.6005	0.0465	ripple_TBAL1-2	68	25201
12.62	0.1265	ripple_TLL31-32	96	25240
12.6285	0.249	ripple_TLL21-22	86	25257
12.6395	0.0455	ripple_TLL2-3	84	25279
12.6545	0.064	ripple_TLL14-15	79	25309
12.655	0.056	ripple_TLL13-14	78	25310
12.656	0.0365	ripple_TLL29-30	93	25312
12.67	0.0555	ripple_TLL28-29	92	25340
12.6755	0.083	ripple_TLL9-10	101	25351
12.6905	0.057	ripple_TLL27-28	91	25381
12.6975	0.149	ripple_TLL5-6	98	25395
12.708	0.042	ripple_TLL2-3	84	25416
12.7195	0.0425	fr_TLL23-24	21	25439
12.726	0.1485	ripple_TLL20-21	85	25452
12.7445	0.142	ripple_TLL15-16	80	25489
12.7475	0.0615	ripple_TLL29-30	93	25495
12.749	0.051	ripple_TLL13-14	78	25498
12.754	0.062	ripple_TLL14-15	79	25508
12.759	0.095	ripple_TLL1-2	74	25518
12.8185	0.046	ripple_TLL2-3	84	25637
12.8215	0.2115	ripple_TBPL1-2	71	25643
12.8215	0.2115	fr_TBPL1-2	4	25643
12.8215	0.2115	frandr_TBPL1-2	38	25643
12.831	0.0455	ripple_TLL13-14	78	25662
12.8455	0.0385	ripple_TLL14-15	79	25691
12.855	0.0525	ripple_TLL6-7	99	25710
12.869	0.046	ripple_TLL31-32	96	25738
12.8735	0.0505	ripple_TLL27-28	91	25747
12.874	0.0525	ripple_TLL28-29	92	25748
12.882	0.037	ripple_TBAL3-4	70	25764
12.883	0.043	ripple_TLL11-12	76	25766
12.897	0.1165	ripple_TBPL2-3	72	25794
12.908	0.038	ripple_TLL21-22	86	25816
12.914	0.0555	ripple_TLL30-31	95	25828
12.9375	0.033	ripple_TLL29-30	93	25875
12.938	0.0665	ripple_TLL15-16	80	25876
12.9445	0.029	ripple_TLL2-3	84	25889
12.9715	0.062	ripple_TLL7-8	100	25943
12.9945	0.3025	ripple_TLL14-15	79	25989
13.011	0.117	ripple_TLL19-20	83	26022
13.022	0.1255	ripple_TLL18-19	82	26044
13.026	0.107	ripple_TLL21-22	86	26052
13.032	0.1365	ripple_TLL29-30	93	26064
13.054	0.0995	ripple_TLL1-2	74	26108
13.0605	0.182	ripple_TLL2-3	84	26121
13.068	0.2615	ripple_TBPL2-3	72	26136
13.0695	0.056	ripple_TLL28-29	92	26139
13.0795	0.1425	ripple_TLL13-14	78	26159
13.105	0.0165	fr_TBPL1-2	4	26210
13.1295	0.041	ripple_TLL6-7	99	26259
13.132	0.043	ripple_TLL7-8	100	26264
13.1425	0.1105	ripple_TLL15-16	80	26285
13.1715	0.0435	ripple_TLL30-31	95	26343
13.1815	0.06	ripple_TLL5-6	98	26363
13.183	0.042	ripple_TLL4-5	97	26366
13.218	0.0615	ripple_TLL12-13	77	26436
13.2275	0.129	ripple_TLL31-32	96	26455
13.2295	0.25	ripple_TLL20-21	85	26459
13.2325	0.052	ripple_TLL9-10	101	26465
13.25	0.0645	ripple_TLL1-2	74	26500
13.2555	0.064	ripple_TLL19-20	83	26511
13.257	0.065	ripple_TLL6-7	99	26514
13.262	0.0415	ripple_TLL13-14	78	26524
13.314	0.052	ripple_TLL15-16	80	26628
13.3265	0.103	ripple_TLL29-30	93	26653
13.341	0.0335	ripple_TLL1-2	74	26682
13.346	0.033	ripple_TLL5-6	98	26692
13.3655	0.154	ripple_TLL13-14	78	26731
13.3665	0.036	ripple_TLL18-19	82	26733
13.3665	0.0555	ripple_TLL30-31	95	26733
13.367	0.0355	ripple_TBPL2-3	72	26734
13.3715	0.088	ripple_TLL14-15	79	26743
13.3785	0.046	ripple_TLL21-22	86	26757
13.379	0.04	ripple_TLL7-8	100	26758
13.3885	0.1775	ripple_TLL23-24	88	26777
13.402	0.047	ripple_TLL19-20	83	26804
13.415	0.108	ripple_TLL28-29	92	26830
13.4175	0.047	ripple_TLL2-3	84	26835
13.4345	0.0765	ripple_TLL3-4	94	26869
13.4585	0.054	ripple_TLL11-12	76	26917
13.466	0.1015	ripple_TLL30-31	95	26932
13.4695	0.0415	ripple_TLL4-5	97	26939
13.47	0.0495	ripple_TLL29-30	93	26940
13.483	0.039	ripple_TLL7-8	100	26966
13.4975	0.104	ripple_TLL19-20	83	26995
13.4985	0.085	ripple_TLL21-22	86	26997
13.5235	0.048	ripple_TLL2-3	84	27047
13.529	0.0765	ripple_TLL6-7	99	27058
13.54	0.045	ripple_TLL1-2	74	27080
13.552	0.0325	ripple_TLL29-30	93	27104
13.5545	0.0625	ripple_TLL7-8	100	27109
13.5605	0.0575	ripple_TLL27-28	91	27121
13.5625	0.0565	ripple_TLL26-27	90	27125
13.5655	0.0465	ripple_TLL12-13	77	27131
13.566	0.054	ripple_TLL15-16	80	27132
13.5685	0.2575	ripple_TLL20-21	85	27137
13.599	0.104	ripple_TBPL1-2	71	27198
13.6015	0.0925	ripple_TBPL2-3	72	27203
13.604	0.096	ripple_TLL23-24	88	27208
13.6045	0.4295	ripple_TLL22-23	87	27209
13.607	0.224	ripple_TLL13-14	78	27214
13.6245	0.0335	ripple_TLL14-15	79	27249
13.6385	0.034	ripple_TLL29-30	93	27277
13.6725	0.0685	ripple_TLL30-31	95	27345
13.6745	0.0335	ripple_TLL7-8	100	27349
13.677	0.0405	ripple_TLL26-27	90	27354
13.6895	0.1575	ripple_TLL14-15	79	27379
13.695	0.248	ripple_TLL21-22	86	27390
13.704	0.084	ripple_TLL4-5	97	27408
13.707	0.038	ripple_TLL31-32	96	27414
13.7255	0.094	ripple_TLL18-19	82	27451
13.726	0.0345	ripple_TBPL2-3	72	27452
13.732	0.0425	ripple_TLL15-16	80	27464
13.751	0.0345	ripple_TLL1-2	74	27502
13.7555	0.062	ripple_TLL19-20	83	27511
13.775	0.0415	ripple_TLL2-3	84	27550
13.7865	0.2215	ripple_TLL28-29	92	27573
13.8085	0.058	ripple_TBPL3-4	73	27617
13.811	0.2485	ripple_TLL23-24	88	27622
13.8425	0.136	ripple_TLL4-5	97	27685
13.8455	0.161	ripple_TLL27-28	91	27691
13.8495	0.069	ripple_TLL1-2	74	27699
13.856	0.0725	ripple_TLL15-16	80	27712
13.859	0.0415	ripple_TLL19-20	83	27718
13.866	0.1955	ripple_TLL20-21	85	27732
13.897	0.047	ripple_TLL18-19	82	27794
13.925	0.0645	ripple_TLL5-6	98	27850
13.944	0.0365	ripple_TLL25-26	89	27888
13.944	0.096	ripple_TLL31-32	96	27888
13.96	0.0525	ripple_TLL19-20	83	27920
13.969	0.0525	ripple_TLL9-10	101	27938
13.979	0.0885	ripple_TLL21-22	86	27958
13.9965	0.0725	ripple_TLL1-2	74	27993
13.9995	0.0425	ripple_TLL17-18	81	27999
14.0	0.093	ripple_TLL2-3	84	28000
14.0025	0.0365	ripple_TLL18-19	82	28005
14.03	0.2655	ripple_TLL29-30	93	28060
14.0355	0.0495	ripple_TLL30-31	95	28071
14.071	0.071	ripple_TLL19-20	83	28142
14.082	0.124	ripple_TLL22-23	87	28164
14.087	0.236	ripple_TLL31-32	96	28174
14.093	0.389	ripple_TLL21-22	86	28186
14.098	0.048	ripple_TLL26-27	90	28196
14.107	0.059	ripple_TLL15-16	80	28214
14.1095	0.064	ripple_TLL7-8	100	28219
14.1215	0.0345	ripple_TLL4-5	97	28243
14.134	0.1205	ripple_TLL30-31	95	28268
14.145	0.056	ripple_TLL23-24	88	28290
14.1775	0.158	ripple_TLL19-20	83	28355
14.2315	0.0935	ripple_TLL1-2	74	28463
14.241	0.0915	ripple_TLL28-29	92	28482
14.245	0.219	ripple_TLL18-19	82	28490
14.272	0.032	ripple_TLL9-10	101	28544
14.283	0.0135	fr_TBPL1-2	4	28566
14.2865	0.028	ripple_TLL4-5	97	28573
14.3185	0.188	ripple_TLL7-8	100	28637
14.328	0.043	ripple_TLL11-12	76	28656
14.3295	0.037	ripple_TLL22-23	87	28659
14.332	0.033	ripple_TLL23-24	88	28664
14.346	0.038	ripple_TLL10-11	75	28692
14.3545	0.2725	ripple_TLL20-21	85	28709
14.374	0.0355	ripple_TLL15-16	80	28748
14.3925	0.189	ripple_TLL23-24	88	28785
14.4195	0.067	ripple_TBPL2-3	72	28839
14.454	0.196	ripple_TLL15-16	80	28908
14.4545	0.051	ripple_TBPL3-4	73	28909
14.463	0.042	ripple_TLL11-12	76	28926
14.4695	0.071	ripple_TLL2-3	84	28939
14.4755	0.1245	ripple_TLL1-2	74	28951
14.48	0.0405	ripple_TLL30-31	95	28960
14.4865	0.059	ripple_TLL3-4	94	28973
14.4905	0.0555	ripple_TLL4-5	97	28981
14.5045	0.073	ripple_TLL19-20	83	29009
14.5095	0.1815	ripple_TLL22-23	87	29019
14.5185	0.012	fr_TLL10-11	8	29037
14.5385	0.061	ripple_TLL21-22	86	29077
14.5505	0.0365	ripple_TBPL2-3	72	29101
14.553	0.0245	ripple_TLL31-32	96	29106
14.5615	0.073	ripple_TLL14-15	79	29123
14.597	0.1005	ripple_TLL4-5	97	29194
14.6015	0.059	ripple_TLL11-12	76	29203
14.602	0.203	ripple_TLL31-32	96	29204
14.6115	0.0425	ripple_TLL23-24	88	29223
14.6125	0.1975	ripple_TBPL2-3	72	29225
14.6325	0.1075	ripple_TLL1-2	74	29265
14.635	0.037	ripple_TLL30-31	95	29270
14.6365	0.039	ripple_TLL5-6	98	29273
14.646	0.138	ripple_TLL6-7	99	29292
14.698	0.1475	ripple_TLL30-31	95	29396
14.7105	0.0475	ripple_TLL29-30	93	29421
14.718	0.0675	ripple_TLL15-16	80	29436
14.7225	0.0805	ripple_TLL26-27	90	29445
14.737	0.1225	ripple_TLL28-29	92	29474
14.743	0.0435	ripple_TLL14-15	79	29486
14.789	0.055	ripple_TLL22-23	87	29578
14.802	0.0545	ripple_TBPL1-2	71	29604
14.8025	0.039	ripple_TLL21-22	86	29605
14.812	0.049	ripple_TLL20-21	85	29624
14.812	0.1855	ripple_TLL23-24	88	29624
14.833	0.085	ripple_TLL14-15	79	29666
14.837	0.1005	ripple_TLL15-16	80	29674
14.864	0.0395	ripple_TLL11-12	76	29728
14.8705	0.047	ripple_TLL6-7	99	29741
14.88	0.044	ripple_TLL28-29	92	29760
14.882	0.097	ripple_TLL7-8	100	29764
14.8835	0.048	ripple_TLL30-31	95	29767
14.892	0.0395	ripple_TLL29-30	93	29784
14.893	0.1285	ripple_TLL19-20	83	29786
14.9115	0.0555	ripple_TLL4-5	97	29823
14.912	0.036	ripple_TLL27-28	91	29824
14.9145	0.0285	ripple_TLL26-27	90	29829
14.9235	0.0515	ripple_TLL1-2	74	29847
14.9385	0.0955	ripple_TBPL2-3	72	29877
14.947	0.0955	ripple_TLL21-22	86	29894
14.951	0.1875	ripple_TLL18-19	82	29902
14.959	0.0525	ripple_TLL30-31	95	29918
14.969	0.0955	ripple_TLL29-30	93	29938
15.006	0.066	ripple_TLL22-23	87	30012
15.031	0.0615	ripple_TLL6-7	99	30062
15.037	0.153	ripple_TLL23-24	88	30074
15.0415	0.088	ripple_TLL7-8	100	30083
15.05	0.036	ripple_TLL27-28	91	30100
15.055	0.4835	ripple_TLL20-21	85	30110
15.073	0.0435	ripple_TLL30-31	95	30146
15.084	0.0585	ripple_TLL14-15	79	30168
15.118	0.0595	ripple_TLL1-2	74	30236
15.1205	0.063	ripple_TLL22-23	87	30241
15.1235	0.3835	ripple_TBPL2-3	72	30247
15.1355	0.0515	ripple_TLL19-20	83	30271
15.1575	0.035	ripple_TLL30-31	95	30315
15.1725	0.064	ripple_TLL29-30	93	30345
15.182	0.1835	ripple_TBPL1-2	71	30364
15.191	0.044	ripple_TLL28-29	92	30382
15.2015	0.174	ripple_TLL31-32	96	30403
15.2105	0.117	ripple_TLL23-24	88	30421
15.215	0.113	ripple_TLL1-2	74	30430
15.229	0.0585	ripple_TLL7-8	100	30458
15.2295	0.0425	ripple_TLL22-23	87	30459
15.257	0.0745	ripple_TLL3-4	94	30514
15.2665	0.0355	ripple_TLL6-7	99	30533
15.2715	0.039	ripple_TLL29-30	93	30543
15.2945	0.0805	ripple_TLL19-20	83	30589
15.307	0.0515	ripple_TLL5-6	98	30614
15.312	0.047	ripple_TLL18-19	82	30624
15.316	0.1255	ripple_TLL21-22	86	30632
15.32	0.0345	ripple_TLL7-8	100	30640
15.32	0.1645	ripple_TLL30-31	95	30640
15.341	0.0385	ripple_TLL14-15	79	30682
15.3505	0.116	ripple_TLL29-30	93	30701
15.354	0.0705	ripple_TLL10-11	75	30708
15.37	0.0385	ripple_TBPL3-4	73	30740
15.372	0.0495	ripple_TLL1-2	74	30744
15.4005	0.081	ripple_TLL15-16	80	30801
15.4075	0.099	ripple_TLL18-19	82	30815
15.413	0.037	ripple_TLL23-24	88	30826
15.466	0.064	ripple_TLL6-7	99	30932
15.491	0.093	ripple_TLL23-24	88	30982
15.493	0.0905	ripple_TLL22-23	87	30986
15.5065	0.042	ripple_TLL5-6	98	31013
15.519	0.1455	ripple_TLL31-32	96	31038
15.537	0.0445	ripple_TLL28-29	92	31074
15.5375	0.047	ripple_TLL2-3	84	31075
15.566	0.037	ripple_TLL15-16	80	31132
15.572	0.034	ripple_TLL14-15	79	31144
15.583	0.081	ripple_TBPL2-3	72	31166
15.589	0.0315	ripple_TLL1-2	74	31178
15.593	0.053	ripple_TLL20-21	85	31186
15.594	0.0685	ripple_TLL26-27	90	31188
15.6025	0.035	ripple_TLL21-22	86	31205
15.607	0.1255	ripple_TLL7-8	100	31214
15.611	0.06	ripple_TLL17-18	81	31222
15.611	0.121	ripple_TLL18-19	82	31222
15.611	0.121	fr_TLL18-19	15	31222
15.611	0.121	frandr_TLL18-19	49	31222
15.6345	0.079	ripple_TLL10-11	75	31269
15.636	0.036	ripple_TLL11-12	76	31272
15.642	0.045	ripple_TLL30-31	95	31284
15.6935	0.044	ripple_TLL31-32	96	31387
15.6955	0.171	ripple_TLL29-30	93	31391
15.7025	0.0455	ripple_TLL1-2	74	31405
15.708	0.0785	ripple_TLL20-21	85	31416
15.712	0.019	fr_TLL19-20	16	31424
15.7585	0.1235	ripple_TLL18-19	82	31517
15.7715	0.0385	ripple_TBPL3-4	73	31543
15.778	0.053	ripple_TLL7-8	100	31556
15.796	0.0345	ripple_TLL6-7	99	31592
15.797	0.0485	ripple_TLL23-24	88	31594
15.7995	0.136	ripple_TLL21-22	86	31599
15.801	0.104	ripple_TLL22-23	87	31602
15.8125	0.0565	ripple_TBAL1-2	68	31625
15.8155	0.0385	ripple_TLL13-14	78	31631
15.8395	0.056	ripple_TLL3-4	94	31679
15.8525	0.0305	ripple_TLL7-8	100	31705
15.8615	0.101	ripple_TLL14-15	79	31723
15.866	0.047	ripple_TLL1-2	74	31732
15.8725	0.049	ripple_TLL28-29	92	31745
15.8765	0.0605	ripple_TLL2-3	84	31753
15.8795	0.129	ripple_TLL31-32	96	31759
15.883	0.064	ripple_TLL4-5	97	31766
15.899	0.196	ripple_TLL29-30	93	31798
15.911	0.4529999999999982	ripple_TLL7-8	100	31822
15.9115	0.082	ripple_TLL6-7	99	31823
15.9175	0.064	ripple_TLL15-16	80	31835
15.951	0.059	ripple_TLL30-31	95	31902
15.9565	0.04650000000000182	ripple_TLL5-6	98	31913
15.969	0.10100000000000182	ripple_TLL22-23	87	31938
15.9745	0.0885	ripple_TLL23-24	88	31949
15.978	0.06750000000000182	ripple_TLL28-29	92	31956
15.987	0.1295	ripple_TLL13-14	78	31974
16.0295	0.0505	ripple_TLL27-28	91	32059
16.0325	0.08599999999999818	ripple_TLL18-19	82	32065
16.0325	0.198	ripple_TBPL1-2	71	32065
16.044	0.22299999999999817	ripple_TLL30-31	95	32088
16.0465	0.05049999999999818	ripple_TLL31-32	96	32093
16.053	0.041	ripple_TLL5-6	98	32106
16.0555	0.0605	ripple_TBPL2-3	72	32111
16.063	0.03900000000000182	ripple_TLL15-16	80	32126
16.0675	0.1125	ripple_TLL1-2	74	32135
16.075	0.0415	ripple_TBPL3-4	73	32150
16.115	0.041499999999998184	ripple_TLL27-28	91	32230
16.122	0.03999999999999818	ripple_TLL9-10	101	32244
16.1225	0.060500000000001816	ripple_TLL2-3	84	32245
16.128	0.04049999999999818	ripple_TLL29-30	93	32256
16.137	0.03649999999999636	ripple_TLL6-7	99	32274
16.137	0.09649999999999818	ripple_TLL5-6	98	32274
16.1405	0.10650000000000182	ripple_TLL14-15	79	32281
16.155	0.04550000000000182	ripple_TLL22-23	87	32310
16.1735	0.06200000000000182	ripple_TLL13-14	78	32347
16.176	0.06899999999999819	ripple_TLL23-24	88	32352
16.1845	0.06599999999999819	ripple_TLL11-12	76	32369
16.19	0.096	ripple_TLL15-16	80	32380
16.1935	0.0595	ripple_TLL20-21	85	32387
16.194	0.0365	ripple_TLL29-30	93	32388
16.209	0.13850000000000182	ripple_TLL21-22	86	32418
16.2165	0.05299999999999636	ripple_TLL26-27	90	32433
16.2255	0.10499999999999636	ripple_TBPL2-3	72	32451
16.227	0.09049999999999818	ripple_TLL31-32	96	32454
16.2315	0.04799999999999818	ripple_TLL2-3	84	32463
16.2495	0.05150000000000182	ripple_TBAL1-2	68	32499
16.258	0.04	ripple_TLL12-13	77	32516
16.2855	0.1005	ripple_TLL1-2	74	32571
16.298	0.143	ripple_TLL6-7	99	32596
16.3045	0.08300000000000182	ripple_TLL13-14	78	32609
16.3105	0.07550000000000182	ripple_TLL19-20	83	32621
16.3225	0.056499999999998184	ripple_TLL26-27	90	32645
16.3275	0.19949999999999818	ripple_TLL30-31	95	32655
16.328	0.052	ripple_TLL27-28	91	32656
16.339	0.0845	ripple_TLL29-30	93	32678
16.3715	0.03300000000000182	ripple_TLL11-12	76	32743
16.374	0.0635	ripple_TLL5-6	98	32748
16.3765	0.06249999999999818	ripple_TLL15-16	80	32753
16.401	0.1095	ripple_TLL14-15	79	32802
16.4115	0.039	ripple_TLL20-21	85	32823
16.4185	0.041	ripple_TLL31-32	96	32837
16.429	0.1205	ripple_TLL3-4	94	32858
16.4345	0.1455	ripple_TBPL2-3	72	32869
16.4375	0.038	ripple_TLL28-29	92	32875
16.444	0.016	fr_TBPL1-2	4	32888
16.4465	0.063	ripple_TLL19-20	83	32893
16.457	0.084	ripple_TLL2-3	84	32914
16.4625	0.2455	ripple_TLL15-16	80	32925
16.468	0.0495	ripple_TLL18-19	82	32936
16.4735	0.0305	ripple_TBPL1-2	71	32947
16.4815	0.101	ripple_TLL20-21	85	32963
16.482	0.3055	ripple_TLL29-30	93	32964
16.4835	0.0405	ripple_TLL11-12	76	32967
16.491	0.136	ripple_TLL22-23	87	32982
16.5125	0.206	ripple_TLL28-29	92	33025
16.513	0.113	ripple_TLL23-24	88	33026
16.5135	0.039	ripple_TLL6-7	99	33027
16.5295	0.031	ripple_TLL26-27	90	33059
16.5315	0.033	ripple_TLL17-18	81	33063
16.5345	0.027	ripple_TLL13-14	78	33069
16.5435	0.036	ripple_TLL10-11	75	33087
16.5475	0.2105	ripple_TBPL1-2	71	33095
16.5555	0.06	ripple_TLL19-20	83	33111
16.57	0.051	ripple_TLL30-31	95	33140
16.5755	0.082	ripple_TLL27-28	91	33151
16.6105	0.044	ripple_TBPL2-3	72	33221
16.629	0.28	ripple_TLL21-22	86	33258
16.639	0.1155	ripple_TLL7-8	100	33278
16.6395	0.0465	ripple_TLL2-3	84	33279
16.6455	0.083	ripple_TLL6-7	99	33291
16.648	0.039	ripple_TLL11-12	76	33296
16.6535	0.0885	ripple_TLL14-15	79	33307
16.659	0.038	ripple_TLL30-31	95	33318
16.6645	0.155	ripple_TLL23-24	88	33329
16.689	0.1265	ripple_TLL22-23	87	33378
16.693	0.0455	ripple_TLL4-5	97	33386
16.694	0.235	ripple_TBPL2-3	72	33388
16.6965	0.0955	ripple_TLL19-20	83	33393
16.704	0.0605	ripple_TLL31-32	96	33408
16.7165	0.112	ripple_TLL10-11	75	33433
16.7275	0.1345	ripple_TLL18-19	82	33455
16.731	0.06	ripple_TLL1-2	74	33462
16.7405	0.098	ripple_TLL11-12	76	33481
16.743	0.138	ripple_TLL15-16	80	33486
16.7825	0.0315	ripple_TLL26-27	90	33565
16.7845	0.127	ripple_TBPL1-2	71	33569
16.7995	0.137	ripple_TLL7-8	100	33599
16.8005	0.047	ripple_TLL20-21	85	33601
16.8145	0.13	ripple_TLL31-32	96	33629
16.8235	0.0395	ripple_TLL6-7	99	33647
16.83	0.0535	ripple_TLL14-15	79	33660
16.8365	0.09	ripple_TLL1-2	74	33673
16.838	0.037	ripple_TLL2-3	84	33676
16.8415	0.051	ripple_TLL3-4	94	33683
16.85	0.056	ripple_TLL9-10	101	33700
16.8545	0.0435	ripple_TLL30-31	95	33709
16.885	0.047	ripple_TBPL3-4	73	33770
16.8945	0.2295	ripple_TLL22-23	87	33789
16.895	0.0395	ripple_TLL6-7	99	33790
16.9005	0.068	ripple_TLL23-24	88	33801
16.908	0.109	ripple_TLL2-3	84	33816
16.9195	0.05	ripple_TLL30-31	95	33839
16.929	0.105	ripple_TLL19-20	83	33858
16.9495	0.0415	ripple_TLL1-2	74	33899
16.9495	0.144	ripple_TLL21-22	86	33899
16.9515	0.159	ripple_TLL20-21	85	33903
16.9545	0.055	ripple_TLL13-14	78	33909
16.9565	0.046	ripple_TLL4-5	97	33913
16.9715	0.039	ripple_TLL7-8	100	33943
16.9765	0.0425	ripple_TLL5-6	98	33953
16.978	0.041	ripple_TBPL2-3	72	33956
16.9795	0.1255	ripple_TBPL1-2	71	33959
16.994	0.1755	ripple_TLL23-24	88	33988
17.001	0.135	ripple_TLL18-19	82	34002
17.0055	0.069	ripple_TLL30-31	95	34011
17.006	0.044	ripple_TLL29-30	93	34012
17.006	0.057	ripple_TBAL1-2	68	34012
17.035	0.1695	ripple_TLL31-32	96	34070
17.0355	0.304	ripple_TLL1-2	74	34071
17.0375	0.0525	ripple_TLL4-5	97	34075
17.067	0.048	ripple_TLL19-20	83	34134
17.079	0.041	ripple_TBPL3-4	73	34158
17.089	0.1295	ripple_TLL29-30	93	34178
17.09	0.0615	ripple_TLL28-29	92	34180
17.098	0.0465	ripple_TLL10-11	75	34196
17.1	0.035	ripple_TLL11-12	76	34200
17.1075	0.033	ripple_TLL15-16	80	34215
17.108	0.038	ripple_TLL2-3	84	34216
17.115	0.0945	ripple_TLL30-31	95	34230
17.122	0.095	ripple_TLL21-22	86	34244
17.137	0.204	ripple_TLL20-21	85	34274
17.155	0.036	ripple_TLL3-4	94	34310
17.1625	0.0445	ripple_TLL9-10	101	34325
17.1655	0.104	ripple_TBPL1-2	71	34331
17.193	0.045	ripple_TLL19-20	83	34386
17.194	0.036	ripple_TLL23-24	88	34388
17.2175	0.057	ripple_TBPL2-3	72	34435
17.231	0.0115	fr_TLL11-12	9	34462
17.2395	0.0955	ripple_TLL2-3	84	34479
17.246	0.0955	ripple_TLL30-31	95	34492
17.2465	0.0675	ripple_TLL3-4	94	34493
17.2645	0.038	ripple_TLL4-5	97	34529
17.27	0.037	ripple_TLL7-8	100	34540
17.2725	0.0375	ripple_TLL6-7	99	34545
17.2855	0.0455	ripple_TLL23-24	88	34571
17.287	0.0705	ripple_TLL14-15	79	34574
17.2885	0.0895	ripple_TLL27-28	91	34577
17.29	0.0335	ripple_TLL9-10	101	34580
17.2905	0.029	ripple_TLL5-6	98	34581
17.298	0.032	ripple_TLL17-18	81	34596
17.317	0.0295	ripple_TLL29-30	93	34634
17.318	0.046	ripple_TLL28-29	92	34636
17.3435	0.051	ripple_TBPL2-3	72	34687
17.3435	0.1385	ripple_TLL21-22	86	34687
17.363	0.0695	ripple_TLL6-7	99	34726
17.3805	0.174	ripple_TLL14-15	79	34761
17.389	0.04	ripple_TLL26-27	90	34778
17.4065	0.1245	ripple_TLL22-23	87	34813
17.4145	0.126	ripple_TLL19-20	83	34829
17.4155	0.17	ripple_TLL1-2	74	34831
17.418	0.052	ripple_TLL7-8	100	34836
17.428	0.0355	ripple_TLL15-16	80	34856
17.4305	0.041	ripple_TLL28-29	92	34861
17.432	0.0995	ripple_TLL23-24	88	34864
17.4335	0.0695	ripple_TLL18-19	82	34867
17.4395	0.041	ripple_TLL17-18	81	34879
17.4595	0.396	ripple_TLL30-31	95	34919
17.464	0.6155	ripple_TLL31-32	96	34928
17.4855	0.056	ripple_TLL20-21	85	34971
17.4955	0.0705	ripple_TBPL2-3	72	34991
17.5015	0.186	ripple_TLL29-30	93	35003
17.5115	0.0455	ripple_TBPL1-2	71	35023
17.5265	0.1745	ripple_TLL27-28	91	35053
17.5325	0.101	ripple_TLL21-22	86	35065
17.547	0.079	ripple_TLL26-27	90	35094
17.5875	0.078	ripple_TLL14-15	79	35175
17.5975	0.058	ripple_TLL23-24	88	35195
17.6205	0.0445	ripple_TLL5-6	98	35241
17.6385	0.042	ripple_TBAL3-4	70	35277
17.649	0.0625	ripple_TLL6-7	99	35298
17.653	0.0435	ripple_TLL9-10	101	35306
17.655	0.095	ripple_TLL1-2	74	35310
17.66	0.0745	ripple_TLL2-3	84	35320
17.6605	0.057	ripple_TLL7-8	100	35321
17.67	0.167	ripple_TBPL2-3	72	35340
17.675	0.061	ripple_TLL11-12	76	35350
17.71	0.112	ripple_TLL20-21	85	35420
17.7155	0.0605	ripple_TLL29-30	93	35431
17.7215	0.0405	ripple_TLL21-22	86	35443
17.733	0.093	ripple_TLL19-20	83	35466
17.7395	0.049	ripple_TLL26-27	90	35479
17.741	0.0605	ripple_TLL7-8	100	35482
17.746	0.1125	ripple_TLL18-19	82	35492
17.772	0.0525	ripple_TLL1-2	74	35544
17.774	0.2335	ripple_TLL22-23	87	35548
17.797	0.0645	ripple_TLL5-6	98	35594
17.8045	0.06	ripple_TLL23-24	88	35609
17.834	0.1045	ripple_TLL29-30	93	35668
17.8655	0.187	ripple_TLL1-2	74	35731
17.8675	0.0855	ripple_TLL21-22	86	35735
17.8725	0.035	ripple_TLL19-20	83	35745
17.9155	0.067	ripple_TBPL2-3	72	35831
17.9245	0.077	ripple_TBPL1-2	71	35849
17.931	0.05	ripple_TLL20-21	85	35862
17.938	0.0705	ripple_TLL15-16	80	35876
17.941	0.064	ripple_TLL23-24	88	35882
18.0075	0.1595	ripple_TLL30-31	95	36015
18.008	0.036	ripple_TLL27-28	91	36016
18.0105	0.122	ripple_TLL29-30	93	36021
18.0145	0.0455	ripple_TBPL2-3	72	36029
18.0165	0.1625	ripple_TLL20-21	85	36033
18.0275	0.4775	ripple_TLL22-23	87	36055
18.0355	0.0575	ripple_TLL21-22	86	36071
18.037	0.096	ripple_TLL23-24	88	36074
18.04	0.04	ripple_TLL13-14	78	36080
18.0585	0.1225	ripple_TLL2-3	84	36117
18.06	0.0315	ripple_TLL7-8	100	36120
18.075	0.288	ripple_TLL1-2	74	36150
18.077	0.0735	ripple_TLL28-29	92	36154
18.1105	0.0405	ripple_TLL13-14	78	36221
18.1235	0.0685	ripple_TLL31-32	96	36247
18.1245	0.041	ripple_TLL10-11	75	36249
18.1665	0.067	ripple_TBPL2-3	72	36333
18.2015	0.044	ripple_TLL19-20	83	36403
18.213	0.0835	ripple_TLL2-3	84	36426
18.2145	0.0645	ripple_TLL5-6	98	36429
18.253	0.0515	ripple_TLL15-16	80	36506
18.2555	0.179	ripple_TLL20-21	85	36511
18.2755	0.0345	ripple_TLL27-28	91	36551
18.2895	0.0385	ripple_TLL7-8	100	36579
18.295	0.192	ripple_TLL23-24	88	36590
18.2955	0.0605	ripple_TLL30-31	95	36591
18.3025	0.05	ripple_TLL5-6	98	36605
18.3035	0.027	ripple_TLL18-19	82	36607
18.3035	0.058	ripple_TLL29-30	93	36607
18.305	0.037	ripple_TLL11-12	76	36610
18.3175	0.032	ripple_TLL19-20	83	36635
18.3195	0.056	ripple_TLL14-15	79	36639
18.325	0.284	ripple_TBPL2-3	72	36650
18.3605	0.071	ripple_TLL15-16	80	36721
18.372	0.0425	ripple_TLL11-12	76	36744
18.3865	0.0605	ripple_TLL19-20	83	36773
18.388	0.0355	ripple_TLL18-19	82	36776
18.3945	0.1225	ripple_TLL31-32	96	36789
18.3985	0.0395	ripple_TBPL1-2	71	36797
18.401	0.0815	ripple_TLL27-28	91	36802
18.414	0.0375	ripple_TLL6-7	99	36828
18.419	0.046	ripple_TLL1-2	74	36838
18.4275	0.01	fr_TLL9-10	34	36855
18.454	0.05	ripple_TLL29-30	93	36908
18.457	0.043	ripple_TLL30-31	95	36914
18.4595	0.034	ripple_TLL5-6	98	36919
18.519	0.1555	ripple_TLL28-29	92	37038
18.526	0.0115	fr_TLL15-16	13	37052
18.527	0.157	ripple_TLL19-20	83	37054
18.5445	0.0875	ripple_TLL7-8	100	37089
18.5615	0.0635	ripple_TLL29-30	93	37123
18.5635	0.0455	ripple_TLL27-28	91	37127
18.566	0.2655	ripple_TLL23-24	88	37132
18.575	0.078	ripple_TLL20-21	85	37150
18.5825	0.074	ripple_TLL21-22	86	37165
18.5875	0.0875	ripple_TLL30-31	95	37175
18.595	0.0715	ripple_TLL22-23	87	37190
18.6105	0.074	ripple_TLL26-27	90	37221
18.627	0.0405	ripple_TBAL3-4	70	37254
18.6405	0.041	ripple_TLL31-32	96	37281
18.6725	0.0295	fr_TBPL1-2	4	37345
18.708	0.051	ripple_TLL15-16	80	37416
18.732	0.0455	ripple_TLL31-32	96	37464
18.7325	0.111	ripple_TLL1-2	74	37465
18.748	0.091	ripple_TLL18-19	82	37496
18.751	0.054	ripple_TLL26-27	90	37502
18.7565	0.0485	ripple_TLL27-28	91	37513
18.757	0.08	ripple_TLL2-3	84	37514
18.7595	0.1085	ripple_TLL29-30	93	37519
18.7665	0.063	ripple_TLL30-31	95	37533
18.7755	0.0555	ripple_TLL22-23	87	37551
18.7765	0.107	ripple_TLL14-15	79	37553
18.792	0.1395	ripple_TBPL1-2	71	37584
18.793	0.0675	ripple_TLL15-16	80	37586
18.813	0.049	ripple_TBPL2-3	72	37626
18.819	0.092	ripple_TLL20-21	85	37638
18.836	0.0505	ripple_TLL28-29	92	37672
18.8385	0.0565	ripple_TLL31-32	96	37677
18.845	0.1	ripple_TLL19-20	83	37690
18.874	0.039	ripple_TLL2-3	84	37748
18.877	0.092	ripple_TLL18-19	82	37754
18.9005	0.0705	ripple_TLL30-31	95	37801
18.92	0.035	ripple_TLL23-24	88	37840
18.921	0.0375	ripple_TLL29-30	93	37842
18.922	0.0455	ripple_TLL31-32	96	37844
18.938	0.039	ripple_TLL26-27	90	37876
18.944	0.04	ripple_TLL20-21	85	37888
18.9565	0.0435	ripple_TLL17-18	81	37913
18.966	0.031	ripple_TLL1-2	74	37932
18.97	0.073	ripple_TLL19-20	83	37940
18.9825	0.0785	ripple_TLL22-23	87	37965
18.9905	0.1165	ripple_TLL23-24	88	37981
18.9935	0.063	ripple_TLL4-5	97	37987
19.0075	0.0845	ripple_TLL29-30	93	38015
19.0085	0.0445	ripple_TLL3-4	94	38017
19.0175	0.069	ripple_TLL2-3	84	38035
19.026	0.038	ripple_TBPL3-4	73	38052
19.029	0.1805	ripple_TLL30-31	95	38058
19.0315	0.102	ripple_TLL27-28	91	38063
19.0335	0.0365	ripple_TLL7-8	100	38067
19.036	0.046	ripple_TLL1-2	74	38072
19.0555	0.0505	ripple_TLL18-19	82	38111
19.073	0.043	ripple_TLL15-16	80	38146
19.0875	0.0535	ripple_TLL14-15	79	38175
19.111	0.3605	ripple_TLL22-23	87	38222
19.1135	0.176	ripple_TBPL2-3	72	38227
19.1195	0.089	ripple_TLL31-32	96	38239
19.143	0.04	ripple_TLL21-22	86	38286
19.146	0.0335	ripple_TLL23-24	88	38292
19.1555	0.0445	ripple_TLL20-21	85	38311
19.161	0.069	ripple_TLL7-8	100	38322
19.1615	0.229	ripple_TLL29-30	93	38323
19.165	0.2	ripple_TLL19-20	83	38330
19.1665	0.0445	ripple_TLL6-7	99	38333
19.1735	0.084	ripple_TLL2-3	84	38347
19.176	0.158	ripple_TLL1-2	74	38352
19.2015	0.055	ripple_TLL10-11	75	38403
19.206	0.1505	ripple_TLL18-19	82	38412
19.2115	0.0545	ripple_TLL21-22	86	38423
19.2165	0.2565	ripple_TLL23-24	88	38433
19.237	0.058	ripple_TLL31-32	96	38474
19.269	0.074	ripple_TLL6-7	99	38538
19.275	0.0965	ripple_TLL5-6	98	38550
19.287	0.1105	ripple_TLL15-16	80	38574
19.2955	0.0525	ripple_TLL11-12	76	38591
19.3025	0.032	ripple_TLL2-3	84	38605
19.3115	0.053	ripple_TLL20-21	85	38623
19.3135	0.054	ripple_TLL14-15	79	38627
19.3345	0.036	ripple_TLL7-8	100	38669
19.3375	0.0945	ripple_TBPL2-3	72	38675
19.3495	0.052	ripple_TLL12-13	77	38699
19.366	0.1235	ripple_TLL21-22	86	38732
19.3715	0.1955	ripple_TLL1-2	74	38743
19.3745	0.054	ripple_TLL6-7	99	38749
19.4	0.048	ripple_TLL14-15	79	38800
19.4095	0.1605	ripple_TLL2-3	84	38819
19.4245	0.0795	ripple_TLL19-20	83	38849
19.4335	0.1525	ripple_TLL31-32	96	38867
19.441	0.1145	ripple_TLL30-31	95	38882
19.4665	0.053	ripple_TLL20-21	85	38933
19.4855	0.094	ripple_TLL14-15	79	38971
19.5025	0.0355	ripple_TLL22-23	87	39005
19.532	0.046	ripple_TLL7-8	100	39064
19.5345	0.0425	ripple_TLL15-16	80	39069
19.549	0.083	ripple_TLL23-24	88	39098
19.581	0.089	ripple_TLL21-22	86	39162
19.6215	0.1885	ripple_TLL31-32	96	39243
19.636	0.065	ripple_TLL22-23	87	39272
19.654	0.323	ripple_TLL23-24	88	39308
19.6605	0.076	ripple_TLL15-16	80	39321
19.6675	0.0805	ripple_TLL29-30	93	39335
19.6845	0.0565	ripple_TLL4-5	97	39369
19.697	0.042	ripple_TLL14-15	79	39394
19.6995	0.0875	ripple_TLL28-29	92	39399
19.703	0.0545	ripple_TLL27-28	91	39406
19.714	0.047	ripple_TLL2-3	84	39428
19.7145	0.116	ripple_TLL21-22	86	39429
19.723	0.039	ripple_TLL10-11	75	39446
19.7415	0.011	fr_TBPL1-2	4	39483
19.757	0.0775	ripple_TLL15-16	80	39514
19.764	0.0475	ripple_TLL14-15	79	39528
19.788	0.04	ripple_TLL20-21	85	39576
19.7945	0.0315	ripple_TLL19-20	83	39589
19.8055	0.0485	ripple_TLL29-30	93	39611
19.806	0.05	ripple_TLL26-27	90	39612
19.807	0.026	ripple_TLL30-31	95	39614
19.8185	0.0495	ripple_TLL22-23	87	39637
19.82	0.053	ripple_TLL2-3	84	39640
19.82	0.2135	ripple_TLL1-2	74	39640
19.853	0.047	ripple_TLL21-22	86	39706
19.8595	0.1635	ripple_TLL19-20	83	39719
19.8605	0.1115	ripple_TLL20-21	85	39721
19.8615	0.0675	ripple_TLL30-31	95	39723
19.868	0.05	ripple_TLL7-8	100	39736
19.869	0.0515	ripple_TLL18-19	82	39738
19.885	0.051	ripple_TBAL2-3	69	39770
19.886	0.0285	ripple_TLL28-29	92	39772
19.898	0.054	ripple_TLL27-28	91	39796
19.9	0.0845	ripple_TLL26-27	90	39800
19.9165	0.1115	ripple_TLL31-32	96	39833
19.9295	0.033	ripple_TLL9-10	101	39859
19.932	0.0445	ripple_TLL11-12	76	39864
19.9655	0.055	ripple_TBPL2-3	72	39931
19.9995	0.034	ripple_TLL2-3	84	39999
20.0005	0.15	ripple_TLL30-31	95	40001
20.0085	0.0495	ripple_TLL21-22	86	40017
20.012	0.0475	ripple_TLL20-21	85	40024
20.016	0.1245	ripple_TLL22-23	87	40032
20.036	0.2315	ripple_TLL11-12	76	40072
20.048	0.0335	ripple_TLL5-6	98	40096
20.0545	0.0695	ripple_TLL29-30	93	40109
20.059	0.0375	ripple_TLL31-32	96	40118
20.068	0.034	ripple_TLL15-16	80	40136
20.075	0.069	ripple_TLL10-11	75	40150
20.0805	0.054	ripple_TLL27-28	91	40161
20.0905	0.046	ripple_TLL23-24	88	40181
20.0935	0.062	ripple_TLL28-29	92	40187
20.1105	0.062	ripple_TLL6-7	99	40221
20.111	0.0315	ripple_TLL7-8	100	40222
20.121	0.038	ripple_TLL9-10	101	40242
20.1485	0.033	ripple_TBPL2-3	72	40297
20.152	0.061	ripple_TLL26-27	90	40304
20.1645	0.1755	ripple_TBPL1-2	71	40329
20.1745	0.1465	ripple_TLL29-30	93	40349
20.1795	0.1605	ripple_TLL19-20	83	40359
20.182	0.186	ripple_TLL31-32	96	40364
20.1905	0.103	ripple_TLL2-3	84	40381
20.192	0.032	ripple_TLL23-24	88	40384
20.195	0.075	ripple_TLL20-21	85	40390
20.1985	0.1575	ripple_TLL1-2	74	40397
20.203	0.0655	ripple_TLL6-7	99	40406
20.2125	0.2145	ripple_TLL7-8	100	40425
20.2215	0.168	ripple_TLL15-16	80	40443
20.24	0.0485	ripple_TLL30-31	95	40480
20.2445	0.159	ripple_TLL14-15	79	40489
20.25	0.0365	ripple_TBPL2-3	72	40500
20.3005	0.048	ripple_TLL21-22	86	40601
20.3535	0.1345	ripple_TBPL2-3	72	40707
20.3605	0.0545	ripple_TLL28-29	92	40721
20.3735	0.059	ripple_TLL23-24	88	40747
20.3775	0.131	ripple_TLL19-20	83	40755
20.3845	0.086	ripple_TLL21-22	86	40769
20.4035	0.0695	ripple_TLL20-21	85	40807
20.428	0.0615	ripple_TLL31-32	96	40856
20.439	0.0435	ripple_TLL9-10	101	40878
20.4495	0.155	ripple_TLL15-16	80	40899
20.466	0.073	ripple_TLL12-13	77	40932
20.476	0.0575	ripple_TLL26-27	90	40952
20.482	0.052	ripple_TLL30-31	95	40964
20.5	0.0635	ripple_TLL14-15	79	41000
20.527	0.041	ripple_TLL5-6	98	41054
20.527	0.158	ripple_TLL29-30	93	41054
20.5375	0.058	ripple_TLL1-2	74	41075
20.5675	0.1525	ripple_TLL23-24	88	41135
20.572	0.0425	ripple_TLL27-28	91	41144
20.5735	0.0435	ripple_TLL26-27	90	41147
20.5795	0.045	ripple_TLL30-31	95	41159
20.581	0.035	ripple_TLL21-22	86	41162
20.6125	0.053	ripple_TLL4-5	97	41225
20.628	0.1075	ripple_TLL2-3	84	41256
20.6325	0.0485	ripple_TLL10-11	75	41265
20.666	0.1005	ripple_TLL6-7	99	41332
20.6775	0.1485	ripple_TLL14-15	79	41355
20.683	0.114	ripple_TLL15-16	80	41366
20.685	0.1105	ripple_TLL19-20	83	41370
20.688	0.045	ripple_TLL1-2	74	41376
20.689	0.0495	ripple_TLL13-14	78	41378
20.71	0.0455	ripple_TLL31-32	96	41420
20.7185	0.041	ripple_TLL28-29	92	41437
20.7245	0.289	ripple_TLL22-23	87	41449
20.737	0.1005	ripple_TLL21-22	86	41474
20.7415	0.0635	ripple_TLL25-26	89	41483
20.7445	0.157	ripple_TLL30-31	95	41489
20.787	0.0355	ripple_TLL6-7	99	41574
20.794	0.038	ripple_TLL7-8	100	41588
20.8145	0.054	ripple_TLL20-21	85	41629
20.825	0.149	ripple_TLL31-32	96	41650
20.8275	0.089	ripple_TLL1-2	74	41655
20.841	0.047	ripple_TLL29-30	93	41682
20.8495	0.0515	ripple_TLL28-29	92	41699
20.8585	0.2085	ripple_TLL19-20	83	41717
20.8595	0.066	ripple_TBPL3-4	73	41719
20.887	0.0395	ripple_TBPL1-2	71	41774
20.896	0.056	ripple_TLL21-22	86	41792
20.904	0.0395	ripple_TBPL2-3	72	41808
20.927	0.154	ripple_TLL15-16	80	41854
20.9555	0.0465	ripple_TLL6-7	99	41911
20.9615	0.087	ripple_TLL13-14	78	41923
20.971	0.049	ripple_TLL10-11	75	41942
20.973	0.0655	ripple_TLL1-2	74	41946
20.9735	0.0725	ripple_TLL11-12	76	41947
20.9745	0.0375	ripple_TLL21-22	86	41949
20.9825	0.034	ripple_TLL7-8	100	41965
20.9895	0.0745	ripple_TLL20-21	85	41979
20.9945	0.1015	ripple_TBPL1-2	71	41989
21.0025	0.123	ripple_TLL30-31	95	42005
21.0045	0.076	ripple_TLL29-30	93	42009
21.0465	0.282	ripple_TBPL2-3	72	42093
21.0595	0.118	ripple_TLL31-32	96	42119
21.082	0.04	ripple_TLL1-2	74	42164
21.096	0.034	ripple_TLL21-22	86	42192
21.1165	0.241	ripple_TBPL1-2	71	42233
21.1165	0.241	fr_TBPL1-2	4	42233
21.1165	0.241	frandr_TBPL1-2	38	42233
21.1495	0.0595	ripple_TBAL1-2	68	42299
21.1565	0.0435	ripple_TLL29-30	93	42313
21.1645	0.039	ripple_TLL30-31	95	42329
21.168	0.0615	ripple_TLL21-22	86	42336
21.1795	0.151	ripple_TLL6-7	99	42359
21.1835	0.097	ripple_TLL1-2	74	42367
21.1945	0.031	ripple_TLL18-19	82	42389
21.223	0.061	ripple_TLL3-4	94	42446
21.228	0.0575	ripple_TLL30-31	95	42456
21.2345	0.1145	ripple_TLL29-30	93	42469
21.249	0.0325	ripple_TLL31-32	96	42498
21.261	0.045	ripple_TBPL3-4	73	42522
21.262	0.0835	ripple_TLL28-29	92	42524
21.274	0.061	ripple_TLL27-28	91	42548
21.2855	0.04	ripple_TLL9-10	101	42571
21.286	0.0475	ripple_TLL26-27	90	42572
21.2875	0.0335	ripple_TLL18-19	82	42575
21.305	0.037	ripple_TLL10-11	75	42610
21.3075	0.163	ripple_TLL22-23	87	42615
21.3085	0.1905	ripple_TLL23-24	88	42617
21.3335	0.0605	ripple_TLL21-22	86	42667
21.336	0.208	ripple_TLL1-2	74	42672
21.337	0.039	ripple_TLL2-3	84	42674
21.337	0.063	ripple_TLL19-20	83	42674
21.3715	0.034	ripple_TBPL2-3	72	42743
21.3755	0.042	ripple_TBAL1-2	68	42751
21.3775	0.0765	ripple_TBPL1-2	71	42755
21.3815	0.0345	ripple_TLL17-18	81	42763
21.384	0.183	ripple_TLL31-32	96	42768
21.394	0.04	ripple_TLL13-14	78	42788
21.3975	0.0525	ripple_TLL15-16	80	42795
21.4105	0.0675	ripple_TLL29-30	93	42821
21.414	0.085	ripple_TLL6-7	99	42828
21.4455	0.111	ripple_TLL14-15	79	42891
21.4525	0.089	ripple_TLL7-8	100	42905
21.471	0.0745	ripple_TLL2-3	84	42942
21.4875	0.0535	ripple_TLL20-21	85	42975
21.489	0.049	ripple_TLL21-22	86	42978
21.509	0.015	fr_TLL17-18	14	43018
21.52	0.0615	ripple_TBPL2-3	72	43040
21.5605	0.158	ripple_TLL30-31	95	43121
21.5725	0.06	ripple_TLL6-7	99	43145
21.5785	0.0625	ripple_TLL9-10	101	43157
21.581	0.0385	ripple_TLL21-22	86	43162
21.583	0.038	ripple_TLL29-30	93	43166
21.5875	0.0385	ripple_TLL20-21	85	43175
21.594	0.099	ripple_TLL2-3	84	43188
21.5945	0.0565	ripple_TLL15-16	80	43189
21.595	0.048	ripple_TLL4-5	97	43190
21.607	0.0345	ripple_TLL11-12	76	43214
21.6195	0.2645	ripple_TLL1-2	74	43239
21.62	0.0425	ripple_TLL31-32	96	43240
21.6245	0.042	ripple_TLL27-28	91	43249
21.63	0.076	ripple_TBPL2-3	72	43260
21.6345	0.04	ripple_TLL19-20	83	43269
21.636	0.037	ripple_TLL7-8	100	43272
21.6405	0.156	ripple_TLL13-14	78	43281
21.6685	0.027	ripple_TLL14-15	79	43337
21.6975	0.044	ripple_TLL6-7	99	43395
21.6985	0.29	ripple_TLL7-8	100	43397
21.73	0.059	ripple_TLL14-15	79	43460
21.734	0.071	ripple_TLL15-16	80	43468
21.7345	0.076	ripple_TLL18-19	82	43469
21.743	0.1775	ripple_TLL31-32	96	43486
21.767	0.037	ripple_TLL19-20	83	43534
21.773	0.053	ripple_TLL21-22	86	43546
21.776	0.047	ripple_TLL28-29	92	43552
21.782	0.0435	ripple_TLL30-31	95	43564
21.786	0.1895	ripple_TBPL1-2	71	43572
21.7945	0.0815	ripple_TLL29-30	93	43589
21.797	0.0585	ripple_TLL22-23	87	43594
21.798	0.1295	ripple_TBPL2-3	72	43596
21.799	0.1865	ripple_TLL6-7	99	43598
21.8085	0.052	ripple_TLL23-24	88	43617
21.8715	0.145	ripple_TLL20-21	85	43743
21.8775	0.2275	ripple_TLL19-20	83	43755
21.885	0.079	ripple_TLL15-16	80	43770
21.8975	0.391	ripple_TLL21-22	86	43795
21.9	0.1585	ripple_TLL14-15	79	43800
21.911	0.032	ripple_TBAL2-3	69	43822
21.911	0.0455	ripple_TLL26-27	90	43822
21.916	0.0565	ripple_TLL27-28	91	43832
21.917	0.0395	ripple_TLL2-3	84	43834
21.918	0.1485	ripple_TLL1-2	74	43836
21.9275	0.034	ripple_TLL18-19	82	43855
21.9285	0.0415	ripple_TLL9-10	101	43857
21.93	0.0355	ripple_TLL17-18	81	43860
21.93	0.0495	ripple_TLL10-11	75	43860
21.9515	0.1605	ripple_TLL13-14	78	43903
21.9665	0.3855	ripple_TLL31-32	96	43933
21.975	0.0525	ripple_TBPL2-3	72	43950
21.9895	0.032	ripple_TLL2-3	84	43979
21.9895	0.1635	ripple_TLL28-29	92	43979
22.005	0.1105	ripple_TLL15-16	80	44010
22.005	0.1105	fr_TLL15-16	13	44010
22.005	0.1105	frandr_TLL15-16	47	44010
22.019	0.0575	ripple_TLL30-31	95	44038
22.0215	0.243	ripple_TLL6-7	99	44043
22.025	0.2495	ripple_TLL7-8	100	44050
22.058	0.0605	ripple_TLL20-21	85	44116
22.069	0.1355	ripple_TLL2-3	84	44138
22.077	0.172	ripple_TBPL2-3	72	44154
22.089	0.0585	ripple_TLL29-30	93	44178
22.113	0.0415	ripple_TLL1-2	74	44226
22.1275	0.039	ripple_TLL4-5	97	44255
22.164	0.307	ripple_TLL20-21	85	44328
22.167	0.0425	ripple_TLL19-20	83	44334
22.187	0.138	ripple_TLL13-14	78	44374
22.205	0.0575	ripple_TLL14-15	79	44410
22.208	0.0455	ripple_TLL4-5	97	44416
22.2205	0.1775	ripple_TLL1-2	74	44441
22.221	0.0645	ripple_TBPL3-4	73	44442
22.243	0.0115	fr_TLL28-29	25	44486
22.2635	0.0375	ripple_TLL11-12	76	44527
22.2685	0.0515	ripple_TLL15-16	80	44537
22.287	0.0355	ripple_TLL28-29	92	44574
22.2885	0.233	ripple_TLL19-20	83	44577
22.289	0.101	ripple_TLL6-7	99	44578
22.3075	0.072	ripple_TLL30-31	95	44615
22.3185	0.0815	ripple_TLL18-19	82	44637
22.321	0.0965	ripple_TLL25-26	89	44642
22.331	0.139	ripple_TLL29-30	93	44662
22.3395	0.044	ripple_TLL7-8	100	44679
22.3525	0.1865	ripple_TLL23-24	88	44705
22.357	0.031	ripple_TLL17-18	81	44714
22.361	0.0635	ripple_TLL4-5	97	44722
22.3625	0.034	ripple_TLL3-4	94	44725
22.3675	0.16	ripple_TLL15-16	80	44735
22.369	0.0815	ripple_TLL26-27	90	44738
22.377	0.089	ripple_TLL14-15	79	44754
22.392	0.0395	ripple_TLL27-28	91	44784
22.3935	0.1205	ripple_TLL2-3	84	44787
22.408	0.028	ripple_TLL7-8	100	44816
22.4095	0.0495	ripple_TLL17-18	81	44819
22.4265	0.1295	ripple_TLL13-14	78	44853
22.4305	0.1825	ripple_TBPL2-3	72	44861
22.4445	0.0605	ripple_TLL1-2	74	44889
22.4535	0.119	ripple_TLL11-12	76	44907
22.464	0.0835	ripple_TLL25-26	89	44928
22.476	0.048	ripple_TLL31-32	96	44952
22.4805	0.0595	ripple_TLL5-6	98	44961
22.482	0.091	ripple_TLL10-11	75	44964
22.484	0.094	ripple_TLL28-29	92	44968
22.493	0.0525	ripple_TLL30-31	95	44986
22.5155	0.035	ripple_TLL14-15	79	45031
22.5155	0.0395	ripple_TLL6-7	99	45031
22.5495	0.039	ripple_TLL29-30	93	45099
22.5565	0.0725	ripple_TLL2-3	84	45113
22.5575	0.08	ripple_TLL4-5	97	45115
22.5635	0.094	ripple_TLL31-32	96	45127
22.57	0.1	ripple_TLL7-8	100	45140
22.5795	0.049	ripple_TLL22-23	87	45159
22.584	0.0515	ripple_TLL12-13	77	45168
22.594	0.04	ripple_TLL3-4	94	45188
22.605	0.0465	ripple_TLL14-15	79	45210
22.606	0.038	ripple_TLL13-14	78	45212
22.611	0.078	ripple_TLL30-31	95	45222
22.6115	0.039	ripple_TBPL3-4	73	45223
22.633	0.1255	ripple_TLL1-2	74	45266
22.636	0.0785	ripple_TLL11-12	76	45272
22.6405	0.062	ripple_TLL10-11	75	45281
22.6645	0.244	ripple_TBPL2-3	72	45329
22.6715	0.139	ripple_TLL28-29	92	45343
22.6805	0.1775	ripple_TLL15-16	80	45361
22.6835	0.1095	ripple_TLL18-19	82	45367
22.685	0.0875	ripple_TLL14-15	79	45370
22.6925	0.0445	ripple_TLL29-30	93	45385
22.7625	0.1235	ripple_TLL30-31	95	45525
22.763	0.0765	ripple_TLL10-11	75	45526
22.78	0.0875	ripple_TBPL1-2	71	45560
22.797	0.0645	ripple_TLL2-3	84	45594
22.802	0.219	ripple_TLL9-10	101	45604
22.81	0.0565	ripple_TLL6-7	99	45620
22.8115	0.0375	ripple_TLL13-14	78	45623
22.813	0.0725	ripple_TLL5-6	98	45626
22.8275	0.0475	ripple_TLL4-5	97	45655
22.828	0.159	ripple_TLL1-2	74	45656
22.8295	0.0365	ripple_TLL14-15	79	45659
22.838	0.033	ripple_TLL11-12	76	45676
22.851	0.1485	ripple_TLL19-20	83	45702
22.854	0.0605	ripple_TLL28-29	92	45708
22.858	0.0685	ripple_TLL18-19	82	45716
22.8705	0.164	ripple_TLL29-30	93	45741
22.8865	0.119	ripple_TLL21-22	86	45773
22.8915	0.057	ripple_TLL7-8	100	45783
22.901	0.0655	ripple_TLL13-14	78	45802
22.904	0.0465	ripple_TLL2-3	84	45808
22.9095	0.259	ripple_TLL31-32	96	45819
22.9105	0.04	ripple_TLL10-11	75	45821
22.917	0.1245	ripple_TLL22-23	87	45834
22.9215	0.042	ripple_TLL23-24	88	45843
22.927	0.0965	ripple_TLL15-16	80	45854
22.9425	0.045	ripple_TBAL1-2	68	45885
22.969	0.072	ripple_TLL25-26	89	45938
22.987	0.12	ripple_TLL7-8	100	45974
22.988	0.0865	ripple_TLL10-11	75	45976
22.9935	0.034	ripple_TLL2-3	84	45987
23.025	0.0385	ripple_TBPL3-4	73	46050
23.025	0.044	ripple_TLL11-12	76	46050
23.0265	0.067	ripple_TLL18-19	82	46053
23.0265	0.1655	ripple_TLL19-20	83	46053
23.038	0.0575	ripple_TLL4-5	97	46076
23.0635	0.2635	ripple_TLL22-23	87	46127
23.081	0.031	ripple_TLL15-16	80	46162
23.0845	0.1045	ripple_TLL1-2	74	46169
23.09	0.0345	ripple_TLL14-15	79	46180
23.1425	0.154	ripple_TLL6-7	99	46285
23.145	0.0385	ripple_TLL26-27	90	46290
23.148	0.0515	ripple_TLL27-28	91	46296
23.149	0.045	ripple_TLL18-19	82	46298
23.1545	0.167	ripple_TLL23-24	88	46309
23.166	0.105	ripple_TLL2-3	84	46332
23.1785	0.112	ripple_TLL30-31	95	46357
23.192	0.0915	ripple_TLL15-16	80	46384
23.199	0.0625	ripple_TLL20-21	85	46398
23.2005	0.0445	ripple_TLL13-14	78	46401
23.2105	0.05	ripple_TLL10-11	75	46421
23.23	0.049	ripple_TLL9-10	101	46460
23.2515	0.0955	ripple_TLL7-8	100	46503
23.289	0.108	ripple_TLL14-15	79	46578
23.2945	0.0905	ripple_TLL31-32	96	46589
23.313	0.156	ripple_TLL21-22	86	46626
23.321	0.132	ripple_TLL19-20	83	46642
23.3215	0.1485	ripple_TLL30-31	95	46643
23.324	0.0925	ripple_TLL20-21	85	46648
23.3405	0.044	ripple_TLL18-19	82	46681
23.3405	0.0725	ripple_TLL2-3	84	46681
23.3625	0.08	ripple_TLL11-12	76	46725
23.3715	0.0965	ripple_TLL6-7	99	46743
23.3825	0.0635	ripple_TLL7-8	100	46765
23.388	0.054	ripple_TLL26-27	90	46776
23.401	0.072	ripple_TLL29-30	93	46802
23.4195	0.135	ripple_TLL18-19	82	46839
23.423	0.156	ripple_TLL1-2	74	46846
23.4255	0.0205	fr_TLL22-23	20	46851
23.43	0.0365	ripple_TLL5-6	98	46860
23.4305	0.0215	fr_TLL23-24	21	46861
23.431	0.0505	ripple_TBPL3-4	73	46862
23.435	0.056	ripple_TLL28-29	92	46870
23.436	0.0555	ripple_TLL27-28	91	46872
23.4615	0.069	ripple_TLL31-32	96	46923
23.4705	0.1345	ripple_TLL7-8	100	46941
23.473	0.0435	ripple_TLL2-3	84	46946
23.4855	0.233	ripple_TLL19-20	83	46971
23.508	0.0435	ripple_TBPL3-4	73	47016
23.513	0.0625	ripple_TLL26-27	90	47026
23.514	0.0545	ripple_TLL9-10	101	47028
23.514	0.1265	ripple_TLL30-31	95	47028
23.515	0.058	ripple_TLL6-7	99	47030
23.517	0.3585	ripple_TLL29-30	93	47034
23.5175	0.0745	ripple_TLL21-22	86	47035
23.521	0.064	ripple_TLL20-21	85	47042
23.5285	0.063	ripple_TLL15-16	80	47057
23.535	0.068	ripple_TLL25-26	89	47070
23.5555	0.0325	ripple_TLL2-3	84	47111
23.603	0.0365	ripple_TBPL1-2	71	47206
23.6035	0.155	ripple_TLL14-15	79	47207
23.6145	0.0385	ripple_TBAL1-2	68	47229
23.6185	0.097	ripple_TLL18-19	82	47237
23.628	0.0475	ripple_TLL20-21	85	47256
23.6335	0.077	ripple_TLL6-7	99	47267
23.6355	0.035	ripple_TLL7-8	100	47271
23.6385	0.0315	ripple_TLL11-12	76	47277
23.6395	0.1035	ripple_TLL13-14	78	47279
23.661	0.1435	ripple_TLL31-32	96	47322
23.683	0.0975	ripple_TLL23-24	88	47366
23.6925	0.2375	ripple_TLL30-31	95	47385
23.695	0.0305	ripple_TLL22-23	87	47390
23.706	0.052	ripple_TLL15-16	80	47412
23.715	0.0715	ripple_TLL20-21	85	47430
23.718	0.041	ripple_TLL26-27	90	47436
23.729	0.035	ripple_TLL4-5	97	47458
23.7325	0.2735	ripple_TLL21-22	86	47465
23.7885	0.063	ripple_TLL22-23	87	47577
23.79	0.179	ripple_TBPL2-3	72	47580
23.7925	0.114	ripple_TLL6-7	99	47585
23.801	0.07	ripple_TLL1-2	74	47602
23.8085	0.0345	ripple_TLL28-29	92	47617
23.809	0.0315	ripple_TBPL3-4	73	47618
23.809	0.0615	ripple_TLL5-6	98	47618
23.822	0.016	fr_TLL17-18	14	47644
23.8435	0.234	ripple_TLL20-21	85	47687
23.8465	0.157	ripple_TLL7-8	100	47693
23.8555	0.1275	ripple_TLL19-20	83	47711
23.898	0.084	ripple_TLL29-30	93	47796
23.906	0.0315	ripple_TLL13-14	78	47812
23.916	0.1025	ripple_TLL31-32	96	47832
23.928	0.083	ripple_TLL6-7	99	47856
23.9285	0.049	ripple_TBPL3-4	73	47857
23.933	0.2255	ripple_TLL1-2	74	47866
23.941	0.0825	ripple_TLL22-23	87	47882
23.9735	0.089	ripple_TLL14-15	79	47947
23.9785	0.0405	ripple_TLL28-29	92	47957
23.992	0.132	ripple_TLL5-6	98	47984
24.01	0.037	ripple_TLL27-28	91	48020
24.04	0.045	ripple_TLL2-3	84	48080
24.0425	0.13	ripple_TLL30-31	95	48085
24.0525	0.037	ripple_TLL13-14	78	48105
24.0535	0.07	ripple_TBPL2-3	72	48107
24.0545	0.0855	ripple_TLL28-29	92	48109
24.0705	0.047	ripple_TLL15-16	80	48141
24.1175	0.0635	ripple_TLL22-23	87	48235
24.127	0.125	ripple_TLL20-21	85	48254
24.1335	0.0435	ripple_TLL23-24	88	48267
24.146	0.048	ripple_TLL25-26	89	48292
24.1465	0.14	ripple_TLL31-32	96	48293
24.1505	0.042	ripple_TLL18-19	82	48301
24.1545	0.257	ripple_TBPL2-3	72	48309
24.161	0.1875	ripple_TLL21-22	86	48322
24.173	0.0485	ripple_TLL4-5	97	48346
24.1765	0.0745	ripple_TLL14-15	79	48353
24.18	0.094	ripple_TLL1-2	74	48360
24.1945	0.0655	ripple_TLL29-30	93	48389
24.1985	0.051	ripple_TLL15-16	80	48397
24.203	0.0975	ripple_TLL26-27	90	48406
24.2085	0.0395	ripple_TLL9-10	101	48417
24.2105	0.23	ripple_TLL22-23	87	48421
24.2115	0.046	ripple_TLL23-24	88	48423
24.221	0.0925	ripple_TLL28-29	92	48442
24.2245	0.0705	ripple_TLL5-6	98	48449
24.2285	0.0375	ripple_TLL3-4	94	48457
24.229	0.0385	ripple_TLL2-3	84	48458
24.2455	0.063	ripple_TLL27-28	91	48491
24.2455	0.063	fr_TLL27-28	24	48491
24.2455	0.063	frandr_TLL27-28	58	48491
24.259	0.077	ripple_TLL7-8	100	48518
24.284	0.277	ripple_TLL20-21	85	48568
24.285	0.029	ripple_TLL23-24	88	48570
24.2895	0.128	ripple_TLL14-15	79	48579
24.3045	0.2815	ripple_TLL29-30	93	48609
24.3345	0.052	ripple_TLL19-20	83	48669
24.3445	0.254	ripple_TLL30-31	95	48689
24.3575	0.0455	ripple_TLL28-29	92	48715
24.3605	0.119	ripple_TLL1-2	74	48721
24.367	0.153	ripple_TLL31-32	96	48734
24.3675	0.0475	ripple_TLL7-8	100	48735
24.374	0.131	ripple_TLL21-22	86	48748
24.389	0.0875	ripple_TLL2-3	84	48778
24.3905	0.066	ripple_TLL17-18	81	48781
24.392	0.031	ripple_TLL9-10	101	48784
24.411	0.1045	ripple_TLL6-7	99	48822
24.442	0.0395	ripple_TLL7-8	100	48884
24.4425	0.143	ripple_TLL15-16	80	48885
24.4735	0.156	ripple_TLL19-20	83	48947
24.4805	0.0805	ripple_TLL5-6	98	48961
24.5115	0.014	fr_TLL17-18	14	49023
24.5145	0.0575	ripple_TLL7-8	100	49029
24.539	0.082	ripple_TLL1-2	74	49078
24.5445	0.043	ripple_TLL22-23	87	49089
24.5455	0.331	ripple_TLL23-24	88	49091
24.557	0.0385	ripple_TBAL2-3	69	49114
24.567	0.0645	ripple_TLL31-32	96	49134
24.585	0.043	ripple_TLL21-22	86	49170
24.606	0.0595	ripple_TLL7-8	100	49212
24.6145	0.078	ripple_TLL15-16	80	49229
24.616	0.0855	ripple_TLL14-15	79	49232
24.6425	0.174	ripple_TLL28-29	92	49285
24.6445	0.065	ripple_TBAL1-2	68	49289
24.653	0.0275	ripple_TLL20-21	85	49306
24.665	0.143	ripple_TLL21-22	86	49330
24.67	0.0155	fr_TLL25-26	22	49340
24.6795	0.073	ripple_TLL2-3	84	49359
24.688	0.0885	ripple_TBPL2-3	72	49376
24.7105	0.178	ripple_TLL7-8	100	49421
24.724	0.0685	ripple_TLL11-12	76	49448
24.7535	0.041	ripple_TLL14-15	79	49507
24.7655	0.091	ripple_TLL22-23	87	49531
24.7775	0.1715	ripple_TLL18-19	82	49555
24.782	0.0905	ripple_TLL30-31	95	49564
24.82	0.0645	ripple_TLL14-15	79	49640
24.824	0.119	ripple_TLL31-32	96	49648
24.829	0.0445	ripple_TLL1-2	74	49658
24.833	0.089	ripple_TLL13-14	78	49666
24.84	0.1555	ripple_TLL21-22	86	49680
24.8515	0.1915	ripple_TLL29-30	93	49703
24.856	0.054	ripple_TLL15-16	80	49712
24.893	0.0995	ripple_TLL20-21	85	49786
24.894	0.2125	ripple_TLL30-31	95	49788
24.9135	0.0765	ripple_TLL28-29	92	49827
24.9265	0.0425	ripple_TLL6-7	99	49853
24.929	0.041	ripple_TBAL1-2	68	49858
24.9295	0.1615	ripple_TLL1-2	74	49859
24.932	0.0355	ripple_TBPL3-4	73	49864
24.936	0.0415	ripple_TLL5-6	98	49872
24.9695	0.0405	ripple_TLL3-4	94	49939
24.9705	0.091	ripple_TLL15-16	80	49941
24.9875	0.0655	ripple_TLL18-19	82	49975
25.007	0.035	ripple_TLL2-3	84	50014
25.0125	0.0495	ripple_TLL6-7	99	50025
25.0135	0.12	ripple_TLL7-8	100	50027
25.0155	0.035	ripple_TLL19-20	83	50031
25.032	0.0305	ripple_TLL20-21	85	50064
25.0455	0.04	ripple_TLL10-11	75	50091
25.054	0.104	ripple_TLL22-23	87	50108
25.063	0.193	ripple_TLL29-30	93	50126
25.077	0.032	ripple_TLL21-22	86	50154
25.078	0.0645	ripple_TLL12-13	77	50156
25.107	0.0735	ripple_TLL23-24	88	50214
25.108	0.0455	ripple_TLL20-21	85	50216
25.113	0.093	ripple_TLL28-29	92	50226
25.1185	0.061	ripple_TLL13-14	78	50237
25.1225	0.052	ripple_TLL5-6	98	50245
25.1225	0.166	ripple_TLL18-19	82	50245
25.126	0.1025	ripple_TBPL1-2	71	50252
25.14	0.086	ripple_TLL6-7	99	50280
25.143	0.0645	ripple_TLL31-32	96	50286
25.1855	0.0325	ripple_TLL11-12	76	50371
25.1935	0.013	fr_TLL17-18	14	50387
25.216	0.089	ripple_TLL30-31	95	50432
25.2435	0.0475	ripple_TLL11-12	76	50487
25.2585	0.079	ripple_TLL20-21	85	50517
25.2635	0.0535	ripple_TBPL2-3	72	50527
25.2655	0.0755	ripple_TLL15-16	80	50531
25.2675	0.12	ripple_TBPL1-2	71	50535
25.277	0.0585	ripple_TLL1-2	74	50554
25.281	0.0395	ripple_TLL2-3	84	50562
25.2915	0.1315	ripple_TLL21-22	86	50583
25.2935	0.045	ripple_TLL14-15	79	50587
25.2945	0.0495	ripple_TLL5-6	98	50589
25.3035	0.0515	ripple_TLL31-32	96	50607
25.3135	0.051	ripple_TLL28-29	92	50627
25.32	0.068	ripple_TBAL1-2	68	50640
25.3265	0.164	ripple_TLL19-20	83	50653
25.366	0.0515	ripple_TLL26-27	90	50732
25.3715	0.0405	ripple_TLL14-15	79	50743
25.3825	0.1115	ripple_TLL10-11	75	50765
25.3985	0.0375	ripple_TLL2-3	84	50797
25.413	0.248	ripple_TLL30-31	95	50826
25.414	0.1495	ripple_TLL15-16	80	50828
25.44	0.029	ripple_TBPL2-3	72	50880
25.4425	0.0585	ripple_TLL29-30	93	50885
25.445	0.1975	ripple_TLL21-22	86	50890
25.4495	0.0565	ripple_TLL14-15	79	50899
25.464	0.034	ripple_TBAL1-2	68	50928
25.4965	0.1465	ripple_TLL6-7	99	50993
25.4975	0.0445	ripple_TLL2-3	84	50995
25.4995	0.1385	ripple_TLL7-8	100	50999
25.508	0.0175	fr_TLL22-23	20	51016
25.508	0.028	ripple_TLL20-21	85	51016
25.5105	0.057	ripple_TLL5-6	98	51021
25.5315	0.1085	ripple_TLL31-32	96	51063
25.5415	0.062	ripple_TLL18-19	82	51083
25.549	0.091	ripple_TLL19-20	83	51098
25.557	0.0645	ripple_TBPL3-4	73	51114
25.566	0.04	ripple_TLL2-3	84	51132
25.578	0.037	ripple_TLL12-13	77	51156
25.5875	0.0615	ripple_TBAL1-2	68	51175
25.589	0.073	ripple_TLL11-12	76	51178
25.602	0.107	ripple_TLL1-2	74	51204
25.602	0.107	fr_TLL1-2	7	51204
25.602	0.107	frandr_TLL1-2	41	51204
25.629	0.1615	ripple_TLL15-16	80	51258
25.6355	0.0765	ripple_TLL2-3	84	51271
25.64	0.082	ripple_TLL13-14	78	51280
25.6445	0.203	ripple_TLL20-21	85	51289
25.6565	0.0715	ripple_TLL26-27	90	51313
25.6845	0.065	ripple_TLL27-28	91	51369
25.694	0.197	ripple_TLL6-7	99	51388
25.6945	0.0325	ripple_TLL29-30	93	51389
25.696	0.065	ripple_TLL28-29	92	51392
25.697	0.146	ripple_TLL31-32	96	51394
25.7285	0.307	ripple_TLL18-19	82	51457
25.7285	0.307	fr_TLL18-19	15	51457
25.7285	0.307	frandr_TLL18-19	49	51457
25.729	0.217	ripple_TBPL1-2	71	51458
25.752	0.0405	ripple_TLL7-8	100	51504
25.752	0.082	ripple_TLL11-12	76	51504
25.7785	0.0595	ripple_TLL30-31	95	51557
25.7925	0.036	ripple_TLL27-28	91	51585
25.796	0.154	ripple_TBPL2-3	72	51592
25.818	0.051	ripple_TLL14-15	79	51636
25.82	0.041	ripple_TLL13-14	78	51640
25.841	0.054	ripple_TLL5-6	98	51682
25.844	0.119	ripple_TLL1-2	74	51688
25.845	0.1925	ripple_TLL10-11	75	51690
25.852	0.3405	ripple_TLL15-16	80	51704
25.867	0.052	ripple_TLL7-8	100	51734
25.878	0.119	ripple_TLL20-21	85	51756
25.8895	0.077	ripple_TLL14-15	79	51779
25.891	0.0825	ripple_TLL31-32	96	51782
25.893	0.0495	ripple_TLL30-31	95	51786
25.903	0.0855	ripple_TLL13-14	78	51806
25.91	0.0705	ripple_TLL11-12	76	51820
25.913	0.041	ripple_TLL2-3	84	51826
25.915	0.0425	ripple_TLL6-7	99	51830
25.9495	0.0305	ripple_TLL5-6	98	51899
25.95	0.141	ripple_TLL29-30	93	51900
25.9555	0.0385	ripple_TBPL3-4	73	51911
25.9625	0.086	ripple_TLL19-20	83	51925
25.9695	0.036	ripple_TLL3-4	94	51939
25.9705	0.111	ripple_TLL28-29	92	51941
25.974	0.042	ripple_TLL2-3	84	51948
25.98	0.0465	ripple_TLL26-27	90	51960
25.9895	0.0385	ripple_TLL4-5	97	51979
25.9905	0.111	ripple_TLL1-2	74	51981
25.9905	0.111	fr_TLL1-2	7	51981
25.9905	0.111	frandr_TLL1-2	41	51981
25.9995	0.0265	ripple_TLL21-22	86	51999
26.014	0.0555	ripple_TBPL3-4	73	52028
26.02	0.1345	ripple_TBPL2-3	72	52040
26.043	0.238	ripple_TLL23-24	88	52086
26.048	0.066	ripple_TLL2-3	84	52096
26.0495	0.0585	ripple_TLL21-22	86	52099
26.058	0.109	ripple_TLL31-32	96	52116
26.0875	0.0605	ripple_TLL22-23	87	52175
26.092	0.132	ripple_TLL18-19	82	52184
26.1025	0.0905	ripple_TLL14-15	79	52205
26.125	0.246	ripple_TLL1-2	74	52250
26.1255	0.131	ripple_TLL20-21	85	52251
26.151	0.058	ripple_TLL28-29	92	52302
26.154	0.035	ripple_TLL4-5	97	52308
26.1615	0.0425	ripple_TLL9-10	101	52323
26.166	0.3155	ripple_TLL21-22	86	52332
26.2	0.0495	ripple_TLL2-3	84	52400
26.2175	0.038	ripple_TLL7-8	100	52435
26.2245	0.192	ripple_TLL29-30	93	52449
26.237	0.0495	ripple_TLL15-16	80	52474
26.306	0.062	ripple_TLL28-29	92	52612
26.317	0.1685	ripple_TLL18-19	82	52634
26.3215	0.1105	ripple_TLL22-23	87	52643
26.3415	0.082	ripple_TLL14-15	79	52683
26.3445	0.1085	ripple_TLL19-20	83	52689
26.3505	0.0395	ripple_TLL13-14	78	52701
26.352	0.299	ripple_TLL20-21	85	52704
26.366	0.1275	ripple_TLL15-16	80	52732
26.375	0.035	ripple_TLL10-11	75	52750
26.389	0.0475	ripple_TLL30-31	95	52778
26.398	0.1745	ripple_TLL23-24	88	52796
26.4045	0.146	ripple_TLL1-2	74	52809
26.409	0.059	ripple_TLL6-7	99	52818
26.4185	0.038	ripple_TLL2-3	84	52837
26.438	0.0675	ripple_TLL13-14	78	52876
26.438	0.0785	ripple_TBPL1-2	71	52876
26.4485	0.041	ripple_TLL31-32	96	52897
26.4975	0.054	ripple_TLL26-27	90	52995
26.5055	0.0845	ripple_TBPL3-4	73	53011
26.5085	0.101	ripple_TBPL2-3	72	53017
26.5105	0.024	ripple_TLL6-7	99	53021
26.5135	0.0435	ripple_TLL9-10	101	53027
26.521	0.045	ripple_TLL29-30	93	53042
26.5245	0.0435	ripple_TLL31-32	96	53049
26.526	0.0305	ripple_TLL18-19	82	53052
26.5265	0.0735	ripple_TLL27-28	91	53053
26.527	0.135	ripple_TLL28-29	92	53054
26.5365	0.0565	ripple_TLL30-31	95	53073
26.5425	0.047	ripple_TLL7-8	100	53085
26.553	0.1155	ripple_TLL2-3	84	53106
26.5675	0.0715	ripple_TLL12-13	77	53135
26.5725	0.0645	ripple_TLL19-20	83	53145
26.5825	0.032	ripple_TLL11-12	76	53165
26.5825	0.087	ripple_TLL21-22	86	53165
26.594	0.1205	ripple_TLL29-30	93	53188
26.609	0.044	ripple_TLL31-32	96	53218
26.6155	0.2145	ripple_TLL15-16	80	53231
26.6195	0.1005	ripple_TLL30-31	95	53239
26.641	0.288	ripple_TLL14-15	79	53282
26.6565	0.0635	ripple_TLL6-7	99	53313
26.678	0.0875	ripple_TLL31-32	96	53356
26.6865	0.1425	ripple_TLL1-2	74	53373
26.699	0.0585	ripple_TLL23-24	88	53398
26.7095	0.081	ripple_TLL28-29	92	53419
26.7365	0.0795	ripple_TLL3-4	94	53473
26.744	0.0545	ripple_TLL11-12	76	53488
26.7995	0.0905	ripple_TLL29-30	93	53599
26.803	0.075	ripple_TLL4-5	97	53606
26.8035	0.0575	ripple_TLL5-6	98	53607
26.82	0.155	ripple_TLL31-32	96	53640
26.8205	0.0355	ripple_TLL7-8	100	53641
26.826	0.046	ripple_TBPL2-3	72	53652
26.8275	0.0365	ripple_TLL6-7	99	53655
26.8715	0.1685	ripple_TLL13-14	78	53743
26.8715	0.1945	ripple_TLL30-31	95	53743
26.8795	0.092	ripple_TLL21-22	86	53759
26.8965	0.0455	ripple_TLL7-8	100	53793
26.8975	0.1285	ripple_TBPL2-3	72	53795
26.9115	0.033	ripple_TLL4-5	97	53823
26.937	0.1	ripple_TLL2-3	84	53874
26.9565	0.038	ripple_TLL5-6	98	53913
26.957	0.0545	ripple_TLL19-20	83	53914
26.958	0.0505	ripple_TLL12-13	77	53916
26.9605	0.047	ripple_TLL6-7	99	53921
26.961	0.056	ripple_TBPL3-4	73	53922
26.9715	0.0825	ripple_TLL20-21	85	53943
26.9735	0.0915	ripple_TLL14-15	79	53947
27.0085	0.308	ripple_TLL7-8	100	54017
27.01	0.1665	ripple_TLL15-16	80	54020
27.0215	0.087	ripple_TLL26-27	90	54043
27.023	0.048	ripple_TLL31-32	96	54046
27.0235	0.0625	ripple_TLL27-28	91	54047
27.0305	0.0955	ripple_TLL1-2	74	54061
27.0365	0.055	ripple_TLL6-7	99	54073
27.107	0.0585	ripple_TLL31-32	96	54214
27.109	0.0585	ripple_TLL29-30	93	54218
27.1125	0.1015	ripple_TLL21-22	86	54225
27.127	0.087	ripple_TLL30-31	95	54254
27.1275	0.0405	ripple_TLL18-19	82	54255
27.1425	0.0605	ripple_TLL20-21	85	54285
27.161	0.072	ripple_TLL1-2	74	54322
27.162	0.0295	ripple_TLL2-3	84	54324
27.204	0.0335	ripple_TLL12-13	77	54408
27.204	0.115	ripple_TLL5-6	98	54408
27.205	0.045	ripple_TLL18-19	82	54410
27.2185	0.052	ripple_TLL31-32	96	54437
27.2275	0.086	ripple_TLL14-15	79	54455
27.238	0.0425	ripple_TLL30-31	95	54476
27.239	0.0415	ripple_TBPL3-4	73	54478
27.245	0.1345	ripple_TLL21-22	86	54490
27.253	0.0665	ripple_TLL6-7	99	54506
27.2585	0.1375	ripple_TLL9-10	101	54517
27.276	0.071	ripple_TLL29-30	93	54552
27.28	0.1	ripple_TLL11-12	76	54560
27.2935	0.222	ripple_TLL28-29	92	54587
27.2945	0.0485	ripple_TLL13-14	78	54589
27.298	0.0415	ripple_TLL18-19	82	54596
27.302	0.0515	ripple_TLL19-20	83	54604
27.304	0.0255	ripple_TBPL3-4	73	54608
27.3185	0.055	ripple_TLL1-2	74	54637
27.319	0.0815	ripple_TLL2-3	84	54638
27.3545	0.08	ripple_TBPL2-3	72	54709
27.356	0.0545	ripple_TLL20-21	85	54712
27.3645	0.03	ripple_TLL30-31	95	54729
27.3845	0.056	ripple_TLL13-14	78	54769
27.3975	0.0435	ripple_TLL14-15	79	54795
27.4035	0.104	ripple_TLL7-8	100	54807
27.4085	0.0505	ripple_TLL29-30	93	54817
27.411	0.0325	ripple_TLL1-2	74	54822
27.42	0.042	ripple_TLL11-12	76	54840
27.4235	0.2	ripple_TLL19-20	83	54847
27.426	0.0335	ripple_TLL30-31	95	54852
27.431	0.1125	ripple_TLL20-21	85	54862
27.4375	0.0605	ripple_TLL6-7	99	54875
27.4435	0.166	ripple_TLL23-24	88	54887
27.47	0.1725	ripple_TLL21-22	86	54940
27.48	0.014	fr_TLL12-13	10	54960
27.506	0.064	ripple_TLL22-23	87	55012
27.507	0.045	ripple_TLL10-11	75	55014
27.5145	0.203	ripple_TLL13-14	78	55029
27.5185	0.3025	ripple_TLL14-15	79	55037
27.54	0.0295	ripple_TLL6-7	99	55080
27.546	0.0585	ripple_TLL31-32	96	55092
27.5695	0.0395	ripple_TLL20-21	85	55139
27.5755	0.025	ripple_TLL7-8	100	55151
27.583	0.044	ripple_TLL10-11	75	55166
27.583	0.061	ripple_TLL30-31	95	55166
27.5845	0.049	ripple_TLL29-30	93	55169
27.5865	0.046	ripple_TLL15-16	80	55173
27.596	0.036	ripple_TLL27-28	91	55192
27.6025	0.0405	ripple_TLL26-27	90	55205
27.6465	0.2085	ripple_TBPL2-3	72	55293
27.649	0.046	ripple_TBPL3-4	73	55298
27.6565	0.0495	ripple_TLL15-16	80	55313
27.6685	0.041	ripple_TLL6-7	99	55337
27.675	0.077	ripple_TLL30-31	95	55350
27.6835	0.031	ripple_TLL28-29	92	55367
27.687	0.032	ripple_TLL7-8	100	55374
27.7045	0.032	ripple_TLL2-3	84	55409
27.7045	0.0425	ripple_TLL1-2	74	55409
27.714	0.051	ripple_TLL18-19	82	55428
27.7395	0.0605	ripple_TLL6-7	99	55479
27.747	0.05	ripple_TLL19-20	83	55494
27.807	0.1075	ripple_TLL2-3	84	55614
27.822	0.0515	ripple_TLL1-2	74	55644
27.825	0.0535	ripple_TLL31-32	96	55650
27.8305	0.0515	ripple_TLL13-14	78	55661
27.838	0.1505	ripple_TLL15-16	80	55676
27.839	0.062	ripple_TLL19-20	83	55678
27.8415	0.0595	ripple_TLL17-18	81	55683
27.845	0.057	ripple_TLL27-28	91	55690
27.8465	0.0415	ripple_TLL7-8	100	55693
27.8635	0.0475	ripple_TLL26-27	90	55727
27.868	0.054	ripple_TLL21-22	86	55736
27.881	0.0405	ripple_TLL4-5	97	55762
27.913	0.095	ripple_TBPL2-3	72	55826
27.9185	0.0335	ripple_TLL18-19	82	55837
27.9195	0.0555	ripple_TLL6-7	99	55839
27.9325	0.035	ripple_TBPL3-4	73	55865
27.9475	0.1025	ripple_TLL29-30	93	55895
27.9495	0.06	ripple_TLL19-20	83	55899
27.9495	0.0725	ripple_TLL4-5	97	55899
27.9515	0.0405	ripple_TLL27-28	91	55903
27.9515	0.1425	ripple_TLL20-21	85	55903
27.955	0.055	ripple_TLL31-32	96	55910
27.955	0.055	fr_TLL31-32	29	55910
27.955	0.055	frandr_TLL31-32	62	55910
27.957	0.104	ripple_TLL21-22	86	55914
27.9595	0.0705	ripple_TLL30-31	95	55919
27.982	0.037	ripple_TLL18-19	82	55964
27.9985	0.0575	ripple_TLL26-27	90	55997
28.002	0.079	ripple_TLL1-2	74	56004
28.0075	0.035	ripple_TLL28-29	92	56015
28.0285	0.034	ripple_TLL11-12	76	56057
28.047	0.0675	ripple_TBPL2-3	72	56094
28.06	0.074	ripple_TLL15-16	80	56120
28.096	0.046	ripple_TLL21-22	86	56192
28.104	0.04	ripple_TLL2-3	84	56208
28.1045	0.038	ripple_TLL1-2	74	56209
28.1095	0.2515	ripple_TLL23-24	88	56219
28.116	0.172	ripple_TLL20-21	85	56232
28.118	0.168	ripple_TLL14-15	79	56236
28.1225	0.044	ripple_TLL7-8	100	56245
28.1245	0.0565	ripple_TLL18-19	82	56249
28.126	0.124	ripple_TLL31-32	96	56252
28.145	0.0355	ripple_TBPL1-2	71	56290
28.151	0.0435	ripple_TBPL2-3	72	56302
28.1815	0.0395	ripple_TLL15-16	80	56363
28.1865	0.0415	ripple_TLL19-20	83	56373
28.1965	0.1575	ripple_TLL22-23	87	56393
28.1995	0.0485	ripple_TLL29-30	93	56399
28.2215	0.054	ripple_TBPL2-3	72	56443
28.2285	0.1015	ripple_TLL1-2	74	56457
28.2445	0.0665	ripple_TLL15-16	80	56489
28.257	0.0685	ripple_TLL12-13	77	56514
28.2685	0.141	ripple_TLL18-19	82	56537
28.271	0.0415	ripple_TLL7-8	100	56542
28.2735	0.0455	ripple_TLL6-7	99	56547
28.2755	0.0355	ripple_TBPL3-4	73	56551
28.2765	0.045	ripple_TLL19-20	83	56553
28.3005	0.1065	ripple_TBPL1-2	71	56601
28.3025	0.055	ripple_TLL30-31	95	56605
28.326	0.0835	ripple_TLL29-30	93	56652
28.3275	0.079	ripple_TBPL2-3	72	56655
28.3335	0.062	ripple_TLL14-15	79	56667
28.354	0.033	ripple_TLL9-10	101	56708
28.36	0.0385	ripple_TLL15-16	80	56720
28.3685	0.032	ripple_TBPL3-4	73	56737
28.3705	0.0525	ripple_TLL20-21	85	56741
28.372	0.0605	ripple_TLL5-6	98	56744
28.3785	0.1265	ripple_TLL30-31	95	56757
28.38	0.197	ripple_TLL21-22	86	56760
28.39	0.047	ripple_TLL19-20	83	56780
28.4205	0.0565	ripple_TLL23-24	88	56841
28.4245	0.0595	ripple_TLL17-18	81	56849
28.4315	0.37	ripple_TLL7-8	100	56863
28.432	0.038	ripple_TLL2-3	84	56864
28.4345	0.0875	ripple_TLL29-30	93	56869
28.4355	0.071	ripple_TLL1-2	74	56871
28.4365	0.0495	ripple_TLL28-29	92	56873
28.4585	0.047	ripple_TLL4-5	97	56917
28.463	0.0615	ripple_TLL14-15	79	56926
28.463	0.152	ripple_TLL31-32	96	56926
28.4645	0.04	ripple_TLL6-7	99	56929
28.4655	0.0765	ripple_TLL11-12	76	56931
28.473	0.055	ripple_TLL13-14	78	56946
28.4915	0.0815	ripple_TLL18-19	82	56983
28.497	0.3555	ripple_TBPL2-3	72	56994
28.5005	0.0385	ripple_TLL26-27	90	57001
28.51	0.0375	ripple_TLL17-18	81	57020
28.516	0.051	ripple_TLL19-20	83	57032
28.529	0.218	ripple_TLL1-2	74	57058
28.5325	0.0705	ripple_TLL30-31	95	57065
28.537	0.082	ripple_TLL28-29	92	57074
28.5815	0.2845	ripple_TLL20-21	85	57163
28.591	0.093	ripple_TLL6-7	99	57182
28.597	0.1065	ripple_TBPL1-2	71	57194
28.61	0.044	ripple_TLL2-3	84	57220
28.623	0.0495	ripple_TLL11-12	76	57246
28.6355	0.228	ripple_TLL29-30	93	57271
28.6385	0.2625	ripple_TLL31-32	96	57277
28.646	0.135	ripple_TLL23-24	88	57292
28.707	0.052	ripple_TLL4-5	97	57414
28.712	0.153	ripple_TLL21-22	86	57424
28.718	0.042	ripple_TLL2-3	84	57436
28.7265	0.0405	ripple_TLL17-18	81	57453
28.7285	0.0675	ripple_TLL18-19	82	57457
28.746	0.0895	ripple_TLL19-20	83	57492
28.766	0.0335	ripple_TLL6-7	99	57532
28.768	0.046	ripple_TLL30-31	95	57536
28.785	0.102	ripple_TLL22-23	87	57570
28.812	0.055	ripple_TLL28-29	92	57624
28.821	0.0965	ripple_TLL1-2	74	57642
28.8215	0.057	ripple_TLL7-8	100	57643
28.828	0.035	ripple_TLL11-12	76	57656
28.829	0.043	ripple_TLL18-19	82	57658
28.8555	0.071	ripple_TLL30-31	95	57711
28.9145	0.2405	ripple_TLL19-20	83	57829
28.9185	0.2075	ripple_TLL20-21	85	57837
28.94	0.0345	ripple_TLL6-7	99	57880
28.942	0.033	ripple_TLL23-24	88	57884
28.9485	0.084	ripple_TLL7-8	100	57897
28.9575	0.031	ripple_TLL29-30	93	57915
28.97	0.196	ripple_TLL30-31	95	57940
28.9875	0.112	ripple_TLL21-22	86	57975
29.0035	0.0705	ripple_TLL1-2	74	58007
29.0045	0.092	ripple_TLL31-32	96	58009
29.012	0.038	ripple_TLL27-28	91	58024
29.078	0.0485	ripple_TLL7-8	100	58156
29.0935	0.042	ripple_TLL22-23	87	58187
29.0955	0.1485	ripple_TLL29-30	93	58191
29.0985	0.072	ripple_TLL2-3	84	58197
29.1	0.036	ripple_TLL23-24	88	58200
29.113	0.039	ripple_TLL6-7	99	58226
29.1305	0.0315	ripple_TLL26-27	90	58261
29.1425	0.0425	ripple_TLL21-22	86	58285
29.1545	0.0605	ripple_TLL14-15	79	58309
29.1695	0.1095	ripple_TLL7-8	100	58339
29.186	0.1045	ripple_TLL15-16	80	58372
29.21	0.1325	ripple_TLL31-32	96	58420
29.212	0.036	ripple_TLL20-21	85	58424
29.22	0.043	ripple_TBPL1-2	71	58440
29.2215	0.0675	ripple_TLL27-28	91	58443
29.227	0.0355	ripple_TLL6-7	99	58454
29.239	0.1615	ripple_TBPL2-3	72	58478
29.254	0.057	ripple_TLL30-31	95	58508
29.295	0.0455	ripple_TLL29-30	93	58590
29.3	0.058	ripple_TLL2-3	84	58600
29.304	0.038	ripple_TLL28-29	92	58608
29.308	0.0775	ripple_TLL14-15	79	58616
29.3095	0.1485	ripple_TLL7-8	100	58619
29.313	0.0395	ripple_TLL19-20	83	58626
29.329	0.0445	ripple_TLL22-23	87	58658
29.3325	0.1235	ripple_TLL18-19	82	58665
29.3375	0.248	ripple_TLL1-2	74	58675
29.34	0.0915	ripple_TLL30-31	95	58680
29.3665	0.098	ripple_TLL20-21	85	58733
29.367	0.1	ripple_TLL6-7	99	58734
29.3785	0.056	ripple_TLL19-20	83	58757
29.381	0.056	ripple_TLL31-32	96	58762
29.3885	0.0445	ripple_TLL27-28	91	58777
29.401	0.4825	ripple_TLL22-23	87	58802
29.402	0.038	ripple_TLL5-6	98	58804
29.4455	0.035	ripple_TLL29-30	93	58891
29.4585	0.141	ripple_TLL31-32	96	58917
29.463	0.11	ripple_TLL19-20	83	58926
29.48	0.057	ripple_TLL18-19	82	58960
29.517	0.231	ripple_TLL14-15	79	59034
29.5185	0.0465	ripple_TLL3-4	94	59037
29.521	0.093	ripple_TLL28-29	92	59042
29.5245	0.1695	ripple_TLL6-7	99	59049
29.5255	0.0625	ripple_TBPL2-3	72	59051
29.5265	0.0365	ripple_TLL7-8	100	59053
29.5265	0.2525	ripple_TLL30-31	95	59053
29.532	0.03	ripple_TLL15-16	80	59064
29.559	0.0325	ripple_TLL26-27	90	59118
29.562	0.084	ripple_TLL13-14	78	59124
29.589	0.034	ripple_TLL12-13	77	59178
29.6105	0.1235	ripple_TLL20-21	85	59221
29.62	0.0415	ripple_TLL21-22	86	59240
29.6205	0.1035	ripple_TLL23-24	88	59241
29.63	0.0345	ripple_TLL3-4	94	59260
29.637	0.0375	ripple_TLL17-18	81	59274
29.644	0.031	ripple_TLL5-6	98	59288
29.6475	0.0905	ripple_TBPL2-3	72	59295
29.6495	0.064	ripple_TLL7-8	100	59299
29.653	0.1985	ripple_TLL1-2	74	59306
29.677	0.0745	ripple_TLL15-16	80	59354
29.7015	0.065	ripple_TLL18-19	82	59403
29.7035	0.11	ripple_TLL19-20	83	59407
29.7185	0.036	ripple_TLL27-28	91	59437
29.735	0.04	ripple_TLL9-10	101	59470
29.7505	0.0695	ripple_TLL2-3	84	59501
29.754	0.215	ripple_TLL21-22	86	59508
29.7645	0.054	ripple_TLL7-8	100	59529
29.7645	0.1075	ripple_TLL31-32	96	59529
29.77	0.035	ripple_TLL6-7	99	59540
29.788	0.0365	ripple_TLL29-30	93	59576
29.792	0.0825	ripple_TLL13-14	78	59584
29.7955	0.181	ripple_TLL15-16	80	59591
29.796	0.037	ripple_TLL27-28	91	59592
29.8015	0.076	ripple_TLL20-21	85	59603
29.804	0.0455	ripple_TLL26-27	90	59608
29.818	0.219	ripple_TLL14-15	79	59636
29.8315	0.114	ripple_TLL30-31	95	59663
29.8495	0.0505	ripple_TBPL3-4	73	59699
29.8605	0.0955	ripple_TLL12-13	77	59721
29.869	0.051	ripple_TLL29-30	93	59738
29.879	0.039	ripple_TLL18-19	82	59758
29.89	0.065	ripple_TLL27-28	91	59780
29.8955	0.0485	ripple_TLL26-27	90	59791
29.8975	0.3535	ripple_TLL31-32	96	59795
29.916	0.049	ripple_TLL11-12	76	59832
29.936	0.292	ripple_TLL20-21	85	59872
29.9365	0.0795	ripple_TLL1-2	74	59873
29.94	0.04	ripple_TLL29-30	93	59880
29.956	0.042	ripple_TBPL3-4	73	59912
29.967	0.063	ripple_TLL6-7	99	59934
29.971	0.098	ripple_TLL19-20	83	59942
29.987	0.0685	ripple_TLL11-12	76	59974
29.9975	0.078	ripple_TLL30-31	95	59995
30.009	0.0455	ripple_TLL12-13	77	60018
30.0285	0.0845	ripple_TLL21-22	86	60057
30.045	0.2795	ripple_TBPL2-3	72	60090
30.045	0.2795	fr_TBPL2-3	5	60090
30.045	0.2795	frandr_TBPL2-3	39	60090
30.0575	0.125	ripple_TLL14-15	79	60115
30.0625	0.2065	ripple_TLL6-7	99	60125
30.073	0.34	ripple_TBPL1-2	71	60146
30.082	0.0605	ripple_TLL13-14	78	60164
30.0885	0.0815	ripple_TLL26-27	90	60177
30.091	0.119	ripple_TLL3-4	94	60182
30.1	0.3015	ripple_TLL23-24	88	60200
30.1215	0.102	ripple_TLL7-8	100	60243
30.1215	0.102	fr_TLL7-8	33	60243
30.1215	0.102	frandr_TLL7-8	66	60243
30.1375	0.0385	ripple_TLL15-16	80	60275
30.1515	0.052	ripple_TLL27-28	91	60303
30.159	0.043	ripple_TLL22-23	87	60318
30.2015	0.075	ripple_TLL18-19	82	60403
30.2045	0.554	ripple_TLL14-15	79	60409
30.208	0.067	ripple_TLL2-3	84	60416
30.21	0.073	ripple_TLL1-2	74	60420
30.239	0.0755	ripple_TBPL3-4	73	60478
30.2435	0.036	ripple_TLL28-29	92	60487
30.2575	0.084	ripple_TLL4-5	97	60515
30.2605	0.0935	ripple_TLL13-14	78	60521
30.2815	0.149	ripple_TLL31-32	96	60563
30.2885	0.0415	ripple_TLL19-20	83	60577
30.2895	0.041	ripple_TLL9-10	101	60579
30.2985	0.041	ripple_TLL11-12	76	60597
30.3025	0.0375	ripple_TLL2-3	84	60605
30.305	0.0405	ripple_TLL1-2	74	60610
30.308	0.2225	ripple_TLL28-29	92	60616
30.311	0.0665	ripple_TLL6-7	99	60622
30.34	0.061	ripple_TLL15-16	80	60680
30.3565	0.038	ripple_TLL7-8	100	60713
30.363	0.0345	ripple_TLL2-3	84	60726
30.368	0.144	ripple_TLL1-2	74	60736
30.398	0.047	ripple_TLL9-10	101	60796
30.401	0.125	ripple_TLL6-7	99	60802
30.4205	0.0455	ripple_TLL10-11	75	60841
30.4295	0.3615	ripple_TLL7-8	100	60859
30.43	0.0565	ripple_TLL5-6	98	60860
30.4555	0.2235	ripple_TLL19-20	83	60911
30.4595	0.0475	ripple_TLL20-21	85	60919
30.4745	0.037	ripple_TLL18-19	82	60949
30.4885	0.354	ripple_TLL22-23	87	60977
30.4905	0.037	ripple_TLL29-30	93	60981
30.506	0.227	ripple_TLL23-24	88	61012
30.5085	0.0365	ripple_TBPL3-4	73	61017
30.5185	0.053	ripple_TLL15-16	80	61037
30.5285	0.061	ripple_TBPL2-3	72	61057
30.534	0.0375	ripple_TLL25-26	89	61068
30.55	0.149	ripple_TLL30-31	95	61100
30.5525	0.085	ripple_TLL3-4	94	61105
30.583	0.028	ripple_TLL5-6	98	61166
30.5835	0.08	ripple_TLL6-7	99	61167
30.5925	0.093	ripple_TLL28-29	92	61185
30.5945	0.033	ripple_TLL1-2	74	61189
30.598	0.0155	fr_TLL11-12	9	61196
30.6035	0.082	ripple_TLL31-32	96	61207
30.604	0.054	ripple_TLL15-16	80	61208
30.62	0.115	ripple_TLL13-14	78	61240
30.635	0.046	ripple_TLL21-22	86	61270
30.662	0.0445	ripple_TLL29-30	93	61324
30.6685	0.037	ripple_TBPL1-2	71	61337
30.6895	0.0325	ripple_TLL3-4	94	61379
30.6935	0.193	ripple_TLL20-21	85	61387
30.704	0.079	ripple_TLL6-7	99	61408
30.7055	0.0425	ripple_TLL28-29	92	61411
30.7625	0.0475	ripple_TLL3-4	94	61525
30.7675	0.064	ripple_TLL4-5	97	61535
30.774	0.064	ripple_TLL31-32	96	61548
30.8	0.03	ripple_TLL27-28	91	61600
30.8075	0.1325	ripple_TLL30-31	95	61615
30.818	0.1305	ripple_TLL29-30	93	61636
30.827	0.043	ripple_TLL21-22	86	61654
30.833	0.036	ripple_TBPL3-4	73	61666
30.8425	0.073	ripple_TLL26-27	90	61685
30.8595	0.1265	ripple_TLL15-16	80	61719
30.866	0.15	ripple_TLL22-23	87	61732
30.883	0.041	ripple_TLL2-3	84	61766
30.888	0.042	ripple_TLL4-5	97	61776
30.8965	0.1035	ripple_TLL23-24	88	61793
30.898	0.191	ripple_TLL6-7	99	61796
30.8995	0.0435	ripple_TBPL1-2	71	61799
30.9	0.0435	ripple_TLL1-2	74	61800
30.906	0.0335	ripple_TLL17-18	81	61812
30.9125	0.037	ripple_TLL10-11	75	61825
30.9255	0.1145	ripple_TLL19-20	83	61851
30.9455	0.1575	ripple_TLL7-8	100	61891
30.9485	0.0495	ripple_TLL18-19	82	61897
30.965	0.2185	ripple_TLL20-21	85	61930
30.974	0.033	ripple_TLL21-22	86	61948
30.991	0.1055	ripple_TLL31-32	96	61982
31.0115	0.0485	ripple_TLL28-29	92	62023
31.016	0.0865	ripple_TLL3-4	94	62032
31.017	0.0395	ripple_TLL4-5	97	62034
31.018	0.0505	ripple_TLL12-13	77	62036
31.0285	0.091	ripple_TLL1-2	74	62057
31.0305	0.2715	ripple_TLL29-30	93	62061
31.045	0.1875	ripple_TBPL2-3	72	62090
31.051	0.047	ripple_TLL15-16	80	62102
31.0525	0.05	ripple_TLL2-3	84	62105
31.087	0.0415	ripple_TLL14-15	79	62174
31.108	0.161	ripple_TLL18-19	82	62216
31.1215	0.1085	ripple_TLL30-31	95	62243
31.1285	0.12	ripple_TLL23-24	88	62257
31.1435	0.057	ripple_TLL3-4	94	62287
31.1565	0.112	ripple_TLL6-7	99	62313
31.179	0.0545	ripple_TBAL1-2	68	62358
31.188	0.173	ripple_TLL22-23	87	62376
31.1985	0.113	ripple_TLL17-18	81	62397
31.205	0.2595	ripple_TLL19-20	83	62410
31.23	0.0625	ripple_TLL11-12	76	62460
31.252	0.0745	ripple_TLL30-31	95	62504
31.2585	0.141	ripple_TLL15-16	80	62517
31.265	0.0355	ripple_TLL28-29	92	62530
31.275	0.0435	ripple_TLL14-15	79	62550
31.277	0.0455	ripple_TLL20-21	85	62554
31.2785	0.1045	ripple_TLL1-2	74	62557
31.2915	0.0435	ripple_TLL9-10	101	62583
31.2945	0.0785	ripple_TLL5-6	98	62589
31.295	0.144	ripple_TLL23-24	88	62590
31.308	0.021	fr_TLL25-26	22	62616
31.3145	0.0435	ripple_TLL6-7	99	62629
31.3415	0.167	ripple_TLL31-32	96	62683
31.362	0.091	ripple_TLL7-8	100	62724
31.363	0.034	ripple_TLL11-12	76	62726
31.373	0.066	ripple_TLL10-11	75	62746
31.3775	0.051	ripple_TLL21-22	86	62755
31.388	0.1925	ripple_TLL13-14	78	62776
31.4125	0.089	ripple_TLL6-7	99	62825
31.421	0.0745	ripple_TLL3-4	94	62842
31.4215	0.094	ripple_TLL1-2	74	62843
31.424	0.157	ripple_TLL28-29	92	62848
31.4295	0.0445	ripple_TLL30-31	95	62859
31.4695	0.0865	ripple_TLL14-15	79	62939
31.471	0.0585	ripple_TLL21-22	86	62942
31.481	0.036	ripple_TBPL1-2	71	62962
31.4825	0.064	ripple_TBAL2-3	69	62965
31.4885	0.0405	ripple_TLL2-3	84	62977
31.498	0.0365	ripple_TBPL3-4	73	62996
31.5025	0.0525	ripple_TLL15-16	80	63005
31.505	0.03	ripple_TLL7-8	100	63010
31.541	0.0475	ripple_TLL5-6	98	63082
31.5645	0.2815	ripple_TLL31-32	96	63129
31.5665	0.0565	ripple_TLL30-31	95	63133
31.588	0.033	ripple_TLL26-27	90	63176
31.5905	0.077	ripple_TLL2-3	84	63181
31.6105	0.1295	ripple_TLL14-15	79	63221
31.621	0.032	ripple_TLL15-16	80	63242
31.6375	0.271	ripple_TLL21-22	86	63275
31.6425	0.074	ripple_TBPL1-2	71	63285
31.6545	0.1245	ripple_TLL13-14	78	63309
31.673	0.096	ripple_TLL22-23	87	63346
31.6735	0.051	ripple_TLL29-30	93	63347
31.6755	0.034	ripple_TLL28-29	92	63351
31.7105	0.0355	ripple_TBPL2-3	72	63421
31.735	0.012	fr_TBAL1-2	1	63470
31.756	0.0345	ripple_TLL15-16	80	63512
31.759	0.0885	ripple_TLL29-30	93	63518
31.7725	0.1015	ripple_TLL1-2	74	63545
31.7755	0.045	ripple_TLL4-5	97	63551
31.8385	0.038	ripple_TLL2-3	84	63677
31.839	0.071	ripple_TLL15-16	80	63678
31.86	0.06	ripple_TLL14-15	79	63720
31.873	0.058	ripple_TLL5-6	98	63746
31.8745	0.2735	ripple_TLL28-29	92	63749
31.8935	0.15	ripple_TLL30-31	95	63787
31.908	0.044	ripple_TLL19-20	83	63816
31.9165	0.0305	ripple_TBPL3-4	73	63833
31.9295	0.09	ripple_TLL1-2	74	63859
31.9365	0.0345	ripple_TLL27-28	91	63873
31.9565	0.127	ripple_TLL21-22	86	63913
31.967	0.28599999999999637	ripple_TLL7-8	100	63934
31.974	0.113	ripple_TLL14-15	79	63948
31.9795	0.05000000000000364	ripple_TLL2-3	84	63959
32.016	0.03349999999999636	ripple_TLL3-4	94	64032
32.0185	0.0875	ripple_TLL6-7	99	64037
32.0185	0.0875	fr_TLL6-7	32	64037
32.0185	0.0875	frandr_TLL6-7	65	64037
32.019	0.017999999999992723	fr_TBPL1-2	4	64038
32.0225	0.04899999999999636	ripple_TLL5-6	98	64045
32.042	0.185	ripple_TBPL1-2	71	64084
32.0445	0.10000000000000364	ripple_TLL13-14	78	64089
32.0525	0.048499999999996365	ripple_TLL4-5	97	64105
32.0585	0.0525	ripple_TLL19-20	83	64117
32.06	0.073	ripple_TLL18-19	82	64120
32.0695	0.0505	ripple_TLL3-4	94	64139
32.09	0.046999999999996364	ripple_TLL26-27	90	64180
32.107	0.16050000000000728	ripple_TLL15-16	80	64214
32.112	0.1785	ripple_TLL30-31	95	64224
32.113	0.08300000000000728	ripple_TLL14-15	79	64226
32.1245	0.048499999999996365	ripple_TLL11-12	76	64249
32.1245	0.13049999999999637	ripple_TLL20-21	85	64249
32.1275	0.1235	ripple_TLL6-7	99	64255
32.162	0.13000000000000364	ripple_TLL9-10	101	64324
32.162	0.13000000000000364	fr_TLL9-10	34	64324
32.162	0.13000000000000364	frandr_TLL9-10	67	64324
32.162	0.19600000000000364	ripple_TLL21-22	86	64324
32.172	0.06899999999999636	ripple_TLL2-3	84	64344
32.174	0.13450000000000364	ripple_TLL10-11	75	64348
32.179	0.054	ripple_TLL5-6	98	64358
32.2	0.021	ripple_TLL28-29	92	64400
32.2025	0.054999999999996364	ripple_TLL13-14	78	64405
32.2085	0.058	ripple_TLL12-13	77	64417
32.217	0.03749999999999273	ripple_TLL11-12	76	64434
32.2275	0.03250000000000727	ripple_TLL3-4	94	64455
32.2335	0.0835	ripple_TLL4-5	97	64467
32.245	0.1205	ripple_TLL1-2	74	64490
32.2635	0.028	ripple_TLL29-30	93	64527
32.275	0.05399999999999636	ripple_TLL27-28	91	64550
32.2915	0.06650000000000364	ripple_TLL13-14	78	64583
32.3085	0.045	ripple_TLL7-8	100	64617
32.3115	0.1505	ripple_TLL14-15	79	64623
32.3115	0.20150000000000365	ripple_TLL20-21	85	64623
32.3135	0.091	ripple_TLL3-4	94	64627
32.3185	0.0445	ripple_TLL29-30	93	64637
32.3275	0.3755	ripple_TLL15-16	80	64655
32.3335	0.063	ripple_TLL28-29	92	64667
32.3345	0.07649999999999636	ripple_TLL30-31	95	64669
32.341	0.06949999999999636	ripple_TLL5-6	98	64682
32.3755	0.03499999999999636	ripple_TLL17-18	81	64751
32.3765	0.038000000000003635	ripple_TLL18-19	82	64753
32.3765	0.0505	ripple_TLL4-5	97	64753
32.385	0.44699999999999634	ripple_TLL2-3	84	64770
32.3985	0.11199999999999273	ripple_TLL7-8	100	64797
32.4035	0.0645	ripple_TLL29-30	93	64807
32.4045	0.035999999999992725	ripple_TLL31-32	96	64809
32.4105	0.09000000000000363	ripple_TLL22-23	87	64821
32.411	0.038499999999996364	ripple_TLL23-24	88	64822
32.4335	0.04249999999999636	ripple_TLL26-27	90	64867
32.4335	0.22	ripple_TLL28-29	92	64867
32.467	0.04099999999999636	ripple_TLL1-2	74	64934
32.476	0.05700000000000364	ripple_TLL17-18	81	64952
32.484	0.076	ripple_TLL4-5	97	64968
32.495	0.12449999999999636	ripple_TLL29-30	93	64990
32.508	0.04800000000000364	ripple_TLL23-24	88	65016
32.51	0.09049999999999636	ripple_TLL27-28	91	65020
32.514	0.1965	ripple_TLL14-15	79	65028
32.5585	0.091	ripple_TLL1-2	74	65117
32.559	0.17599999999999272	ripple_TBPL2-3	72	65118
32.56	0.031	ripple_TLL19-20	83	65120
32.563	0.10499999999999636	ripple_TLL30-31	95	65126
32.5795	0.04	ripple_TLL26-27	90	65159
32.586	0.04099999999999636	ripple_TLL17-18	81	65172
32.589	0.1665	ripple_TLL7-8	100	65178
32.594	0.03650000000000364	ripple_TLL21-22	86	65188
32.5965	0.050500000000007275	ripple_TLL20-21	85	65193
32.5975	0.053	ripple_TLL11-12	76	65195
32.6045	0.054499999999996364	ripple_TLL4-5	97	65209
32.6195	0.266	ripple_TLL6-7	99	65239
32.6285	0.061500000000003635	ripple_TLL22-23	87	65257
32.6285	0.061500000000003635	fr_TLL22-23	20	65257
32.6285	0.061500000000003635	frandr_TLL22-23	54	65257
32.643	0.0245	fr_TLL18-19	15	65286
32.6515	0.03899999999999272	ripple_TLL13-14	78	65303
32.672	0.0385	ripple_TLL31-32	96	65344
32.679	0.408	ripple_TLL1-2	74	65358
32.6965	0.05250000000000364	ripple_TLL26-27	90	65393
32.7075	0.0445	ripple_TLL27-28	91	65415
32.7225	0.1035	ripple_TLL28-29	92	65445
32.7235	0.048	ripple_TLL29-30	93	65447
32.7305	0.05150000000000364	ripple_TLL5-6	98	65461
32.7315	0.0335	ripple_TLL15-16	80	65463
32.732	0.09800000000000364	ripple_TLL18-19	82	65464
32.771	0.152	ripple_TLL23-24	88	65542
32.771	0.2215	ripple_TLL22-23	87	65542
32.771	0.244	ripple_TLL31-32	96	65542
32.778	0.0665	ripple_TLL30-31	95	65556
32.782	0.0395	ripple_TLL11-12	76	65564
32.7835	0.0445	ripple_TLL7-8	100	65567
32.793	0.0345	ripple_TLL27-28	91	65586
32.795	0.1225	ripple_TLL15-16	80	65590
32.8095	0.0415	ripple_TLL19-20	83	65619
32.8225	0.046	ripple_TLL9-10	101	65645
32.829	0.136	ripple_TLL29-30	93	65658
32.8395	0.0365	ripple_TLL17-18	81	65679
32.841	0.1015	ripple_TLL10-11	75	65682
32.854	0.0665	ripple_TLL27-28	91	65708
32.855	0.1095	ripple_TLL2-3	84	65710
32.8635	0.0375	ripple_TLL7-8	100	65727
32.869	0.0545	ripple_TLL28-29	92	65738
32.8885	0.0375	ripple_TLL11-12	76	65777
32.946	0.051	ripple_TLL17-18	81	65892
32.963	0.037	ripple_TLL7-8	100	65926
32.966	0.042	ripple_TLL3-4	94	65932
32.9705	0.103	ripple_TLL28-29	92	65941
32.996	0.084	ripple_TLL2-3	84	65992
33.0065	0.133	ripple_TLL5-6	98	66013
33.0505	0.1495	ripple_TLL21-22	86	66101
33.053	0.0385	ripple_TLL18-19	82	66106
33.0995	0.3405	ripple_TBPL1-2	71	66199
33.101	0.0435	ripple_TLL11-12	76	66202
33.108	0.4515	ripple_TLL20-21	85	66216
33.1125	0.05	ripple_TLL31-32	96	66225
33.1175	0.0295	ripple_TLL2-3	84	66235
33.119	0.046	ripple_TBPL3-4	73	66238
33.1235	0.0275	ripple_TLL15-16	80	66247
33.1245	0.143	ripple_TLL14-15	79	66249
33.148	0.028	ripple_TLL1-2	74	66296
33.16	0.037	ripple_TLL28-29	92	66320
33.165	0.0395	ripple_TLL27-28	91	66330
33.165	0.0815	ripple_TLL6-7	99	66330
33.1705	0.037	ripple_TLL30-31	95	66341
33.1865	0.088	ripple_TLL19-20	83	66373
33.2015	0.0525	ripple_TLL15-16	80	66403
33.208	0.2895	ripple_TLL31-32	96	66416
33.2125	0.037	ripple_TLL13-14	78	66425
33.2275	0.061	ripple_TLL29-30	93	66455
33.2315	0.041	ripple_TLL18-19	82	66463
33.2445	0.039	ripple_TLL7-8	100	66489
33.255	0.05	ripple_TLL2-3	84	66510
33.2745	0.0595	ripple_TLL15-16	80	66549
33.2805	0.034	ripple_TLL6-7	99	66561
33.281	0.3055	ripple_TBPL2-3	72	66562
33.282	0.047	ripple_TLL30-31	95	66564
33.307	0.035	ripple_TLL13-14	78	66614
33.309	0.047	ripple_TLL19-20	83	66618
33.3155	0.044	ripple_TLL29-30	93	66631
33.324	0.1175	ripple_TLL7-8	100	66648
33.338	0.062	ripple_TLL6-7	99	66676
33.3415	0.055	ripple_TBPL3-4	73	66683
33.347	0.0395	ripple_TLL14-15	79	66694
33.376	0.0855	ripple_TLL21-22	86	66752
33.3795	0.1395	ripple_TLL15-16	80	66759
33.3815	0.064	ripple_TLL29-30	93	66763
33.399	0.0825	ripple_TLL30-31	95	66798
33.4005	0.029	ripple_TLL1-2	74	66801
33.4015	0.055	ripple_TLL22-23	87	66803
33.4395	0.039	ripple_TBPL3-4	73	66879
33.4505	0.1745	ripple_TLL19-20	83	66901
33.465	0.039	ripple_TLL28-29	92	66930
33.4785	0.0405	ripple_TLL18-19	82	66957
33.481	0.096	ripple_TLL23-24	88	66962
33.4925	0.07	ripple_TLL2-3	84	66985
33.499	0.0555	ripple_TLL1-2	74	66998
33.506	0.0605	ripple_TLL22-23	87	67012
33.5225	0.055	ripple_TLL30-31	95	67045
33.524	0.1065	ripple_TBPL1-2	71	67048
33.536	0.041	ripple_TLL27-28	91	67072
33.5385	0.0475	ripple_TLL26-27	90	67077
33.544	0.0515	ripple_TLL15-16	80	67088
33.5445	0.0345	ripple_TLL29-30	93	67089
33.549	0.035	ripple_TLL21-22	86	67098
33.5595	0.198	ripple_TLL31-32	96	67119
33.574	0.1415	ripple_TLL7-8	100	67148
33.596	0.077	ripple_TLL6-7	99	67192
33.5995	0.0385	ripple_TLL30-31	95	67199
33.6325	0.0755	ripple_TLL28-29	92	67265
33.6425	0.084	ripple_TLL3-4	94	67285
33.643	0.1445	ripple_TLL14-15	79	67286
33.6465	0.148	ripple_TLL18-19	82	67293
33.6565	0.0345	ripple_TLL21-22	86	67313
33.6715	0.1275	ripple_TLL1-2	74	67343
33.6755	0.056	ripple_TLL4-5	97	67351
33.6865	0.071	ripple_TLL22-23	87	67373
33.7045	0.0665	ripple_TLL15-16	80	67409
33.7105	0.0265	ripple_TLL27-28	91	67421
33.722	0.034	ripple_TBAL1-2	68	67444
33.737	0.0565	ripple_TLL30-31	95	67474
33.7485	0.0535	ripple_TLL7-8	100	67497
33.7535	0.084	ripple_TLL21-22	86	67507
33.7565	0.1335	ripple_TLL20-21	85	67513
33.763	0.0395	ripple_TLL28-29	92	67526
33.812	0.314	ripple_TLL19-20	83	67624
33.812	0.314	fr_TLL19-20	16	67624
33.812	0.314	frandr_TLL19-20	50	67624
33.8485	0.068	ripple_TLL30-31	95	67697
33.849	0.031	ripple_TLL6-7	99	67698
33.849	0.0735	ripple_TLL13-14	78	67698
33.851	0.0485	ripple_TLL15-16	80	67702
33.862	0.375	ripple_TLL21-22	86	67724
33.8705	0.075	ripple_TLL14-15	79	67741
33.8715	0.052	ripple_TLL29-30	93	67743
33.8865	0.3815	ripple_TLL18-19	82	67773
33.911	0.0515	ripple_TLL20-21	85	67822
33.92	0.039	ripple_TLL22-23	87	67840
33.922	0.1445	ripple_TLL1-2	74	67844
33.9945	0.0835	ripple_TLL13-14	78	67989
33.9995	0.0505	ripple_TLL23-24	88	67999
34.0055	0.1685	ripple_TLL20-21	85	68011
34.016	0.0385	ripple_TLL9-10	101	68032
34.0255	0.1315	ripple_TLL29-30	93	68051
34.038	0.2535	ripple_TLL14-15	79	68076
34.044	0.0455	ripple_TLL26-27	90	68088
34.0755	0.077	ripple_TLL17-18	81	68151
34.0775	0.05	ripple_TLL30-31	95	68155
34.094	0.0365	ripple_TLL4-5	97	68188
34.1205	0.08	ripple_TLL13-14	78	68241
34.122	0.071	ripple_TLL1-2	74	68244
34.1415	0.0305	ripple_TLL7-8	100	68283
34.144	0.0665	ripple_TLL2-3	84	68288
34.1505	0.101	ripple_TLL31-32	96	68301
34.154	0.0585	ripple_TLL26-27	90	68308
34.176	0.1015	ripple_TLL19-20	83	68352
34.182	0.0295	ripple_TLL30-31	95	68364
34.1935	0.1055	ripple_TLL5-6	98	68387
34.198	0.064	ripple_TLL3-4	94	68396
34.199	0.175	ripple_TLL6-7	99	68398
34.2065	0.05	ripple_TLL7-8	100	68413
34.221	0.0355	ripple_TLL15-16	80	68442
34.269	0.041	ripple_TLL28-29	92	68538
34.2715	0.062	ripple_TLL2-3	84	68543
34.2725	0.091	ripple_TLL30-31	95	68545
34.2845	0.0555	ripple_TLL29-30	93	68569
34.293	0.044	ripple_TLL10-11	75	68586
34.295	0.048	ripple_TLL7-8	100	68590
34.309	0.221	ripple_TLL11-12	76	68618
34.318	0.079	ripple_TLL18-19	82	68636
34.346	0.0365	ripple_TLL31-32	96	68692
34.348	0.059	ripple_TLL20-21	85	68696
34.365	0.0355	ripple_TLL3-4	94	68730
34.37	0.059	ripple_TLL21-22	86	68740
34.3715	0.052	ripple_TLL2-3	84	68743
34.373	0.2265	ripple_TLL29-30	93	68746
34.3875	0.0535	ripple_TLL19-20	83	68775
34.3915	0.4775	ripple_TLL14-15	79	68783
34.397	0.068	ripple_TLL13-14	78	68794
34.4045	0.0555	ripple_TLL6-7	99	68809
34.4055	0.0725	ripple_TLL15-16	80	68811
34.406	0.126	ripple_TLL7-8	100	68812
34.412	0.0275	ripple_TBAL2-3	69	68824
34.413	0.173	ripple_TLL30-31	95	68826
34.417	0.041	ripple_TLL9-10	101	68834
34.4175	0.0655	ripple_TLL4-5	97	68835
34.4195	0.1385	ripple_TLL31-32	96	68839
34.421	0.042	ripple_TLL3-4	94	68842
34.4305	0.0335	ripple_TLL12-13	77	68861
34.436	0.063	ripple_TLL22-23	87	68872
34.442	0.2285	ripple_TLL28-29	92	68884
34.452	0.137	ripple_TLL10-11	75	68904
34.466	0.0435	ripple_TLL19-20	83	68932
34.467	0.06	ripple_TLL20-21	85	68934
34.4695	0.591	ripple_TLL18-19	82	68939
34.4755	0.069	ripple_TLL2-3	84	68951
34.4845	0.039	ripple_TLL17-18	81	68969
34.492	0.0645	ripple_TLL9-10	101	68984
34.4975	0.06	ripple_TLL26-27	90	68995
34.5	0.052	ripple_TLL3-4	94	69000
34.5	0.1215	ripple_TLL27-28	91	69000
34.5085	0.0555	ripple_TLL13-14	78	69017
34.5325	0.1955	ripple_TLL19-20	83	69065
34.536	0.056	ripple_TBAL1-2	68	69072
34.5515	0.033	ripple_TLL4-5	97	69103
34.5545	0.0425	ripple_TLL15-16	80	69109
34.5575	0.0595	ripple_TLL7-8	100	69115
34.568	0.092	ripple_TLL11-12	76	69136
34.5735	0.117	ripple_TLL21-22	86	69147
34.574	0.0385	ripple_TLL5-6	98	69148
34.6175	0.013	fr_TLL2-3	17	69235
34.623	0.1855	ripple_TLL13-14	78	69246
34.625	0.0505	ripple_TLL10-11	75	69250
34.6355	0.123	ripple_TLL6-7	99	69271
34.6495	0.0385	ripple_TLL5-6	98	69299
34.6645	0.054	ripple_TLL20-21	85	69329
34.6655	0.055	ripple_TLL4-5	97	69331
34.666	0.0455	ripple_TLL15-16	80	69332
34.6695	0.064	ripple_TLL1-2	74	69339
34.6905	0.125	ripple_TLL7-8	100	69381
34.6935	0.0945	ripple_TLL17-18	81	69387
34.704	0.0545	ripple_TLL2-3	84	69408
34.7115	0.1145	ripple_TLL29-30	93	69423
34.7165	0.0685	ripple_TLL28-29	92	69433
34.73	0.034	ripple_TLL31-32	96	69460
34.7425	0.0575	ripple_TBPL3-4	73	69485
34.7515	0.0905	ripple_TLL9-10	101	69503
34.7605	0.128	ripple_TBPL1-2	71	69521
34.761	0.109	ripple_TLL1-2	74	69522
34.7805	0.1005	ripple_TLL6-7	99	69561
34.7815	0.1175	ripple_TLL2-3	84	69563
34.782	0.0375	ripple_TLL30-31	95	69564
34.7825	0.118	ripple_TLL10-11	75	69565
34.7885	0.041	ripple_TLL19-20	83	69577
34.8205	0.036	ripple_TBPL3-4	73	69641
34.8345	0.09	ripple_TLL11-12	76	69669
34.8355	0.0405	ripple_TLL5-6	98	69671
34.8425	0.0725	ripple_TLL30-31	95	69685
34.8495	0.037	ripple_TLL7-8	100	69699
34.854	0.0725	ripple_TLL23-24	88	69708
34.8785	0.0605	ripple_TLL28-29	92	69757
34.891	0.1285	ripple_TLL4-5	97	69782
34.896	0.1385	ripple_TLL13-14	78	69792
34.897	0.0585	ripple_TLL14-15	79	69794
34.9135	0.0575	ripple_TLL15-16	80	69827
34.9235	0.0885	ripple_TLL3-4	94	69847
34.937	0.0715	ripple_TLL31-32	96	69874
34.942	0.067	ripple_TLL30-31	95	69884
34.9435	0.1785	ripple_TLL2-3	84	69887
34.968	0.066	ripple_TLL17-18	81	69936
34.9705	0.052	ripple_TLL11-12	76	69941
34.9805	0.0555	ripple_TLL14-15	79	69961
34.9905	0.0575	ripple_TLL5-6	98	69981
34.992	0.0645	ripple_TLL19-20	83	69984
34.9995	0.0775	ripple_TLL21-22	86	69999
34.9995	0.0775	fr_TLL21-22	19	69999
34.9995	0.0775	frandr_TLL21-22	53	69999
35.0385	0.124	ripple_TLL31-32	96	70077
35.0525	0.2885	ripple_TLL29-30	93	70105
35.053	0.034	ripple_TLL30-31	95	70106
35.0615	0.13	ripple_TLL14-15	79	70123
35.071	0.126	ripple_TBPL1-2	71	70142
35.0775	0.047	ripple_TLL7-8	100	70155
35.078	0.1985	ripple_TLL1-2	74	70156
35.101	0.053	ripple_TLL9-10	101	70202
35.1075	0.1155	ripple_TBPL3-4	73	70215
35.108	0.051	ripple_TLL21-22	86	70216
35.1205	0.045	ripple_TLL19-20	83	70241
35.1295	0.2275	ripple_TLL5-6	98	70259
35.147	0.038	ripple_TLL23-24	88	70294
35.148	0.1965	ripple_TLL22-23	87	70296
35.1575	0.03	ripple_TLL13-14	78	70315
35.1655	0.0685	ripple_TLL3-4	94	70331
35.171	0.038	ripple_TLL15-16	80	70342
35.2035	0.1705	ripple_TLL7-8	100	70407
35.2335	0.0725	ripple_TLL15-16	80	70467
35.237	0.1065	ripple_TLL23-24	88	70474
35.238	0.1075	ripple_TLL27-28	91	70476
35.245	0.093	ripple_TLL31-32	96	70490
35.2505	0.0415	ripple_TLL6-7	99	70501
35.2565	0.062	ripple_TLL3-4	94	70513
35.2695	0.035	ripple_TLL30-31	95	70539
35.2865	0.0955	ripple_TLL28-29	92	70573
35.322	0.049	ripple_TLL20-21	85	70644
35.3255	0.0605	ripple_TLL14-15	79	70651
35.3445	0.057	ripple_TLL15-16	80	70689
35.357	0.146	ripple_TLL1-2	74	70714
35.3765	0.1155	ripple_TLL21-22	86	70753
35.392	0.054	ripple_TLL6-7	99	70784
35.3925	0.0515	ripple_TLL31-32	96	70785
35.406	0.0535	ripple_TLL19-20	83	70812
35.411	0.0445	ripple_TLL11-12	76	70822
35.4125	0.1365	ripple_TLL7-8	100	70825
35.4235	0.086	ripple_TLL18-19	82	70847
35.4405	0.2255	ripple_TLL29-30	93	70881
35.4635	0.0545	ripple_TLL22-23	87	70927
35.4645	0.086	ripple_TLL31-32	96	70929
35.4915	0.0505	ripple_TLL4-5	97	70983
35.4925	0.1295	ripple_TBPL2-3	72	70985
35.499	0.0425	ripple_TLL30-31	95	70998
35.5285	0.043	ripple_TBAL1-2	68	71057
35.5365	0.064	ripple_TLL27-28	91	71073
35.5485	0.1235	ripple_TLL22-23	87	71097
35.549	0.143	ripple_TLL15-16	80	71098
35.553	0.1325	ripple_TLL20-21	85	71106
35.553	0.328	ripple_TLL23-24	88	71106
35.56	0.085	ripple_TLL14-15	79	71120
35.5785	0.218	ripple_TLL7-8	100	71157
35.5795	0.105	ripple_TLL28-29	92	71159
35.5805	0.172	ripple_TLL13-14	78	71161
35.59	0.0975	ripple_TLL11-12	76	71180
35.593	0.211	ripple_TBPL1-2	71	71186
35.5935	0.0665	ripple_TLL21-22	86	71187
35.605	0.121	ripple_TLL31-32	96	71210
35.618	0.0465	ripple_TLL30-31	95	71236
35.6205	0.03	ripple_TLL19-20	83	71241
35.6355	0.0475	ripple_TLL6-7	99	71271
35.6435	0.037	ripple_TLL27-28	91	71287
35.667	0.072	ripple_TLL1-2	74	71334
35.671	0.0465	ripple_TLL4-5	97	71342
35.674	0.0355	ripple_TLL3-4	94	71348
35.6745	0.065	ripple_TLL2-3	84	71349
35.68	0.045	ripple_TLL5-6	98	71360
35.6805	0.0475	ripple_TLL26-27	90	71361
35.691	0.121	ripple_TLL29-30	93	71382
35.7005	0.041	ripple_TBPL2-3	72	71401
35.7015	0.0345	ripple_TLL18-19	82	71403
35.728	0.119	ripple_TLL15-16	80	71456
35.7335	0.0405	ripple_TLL6-7	99	71467
35.757	0.0895	ripple_TLL20-21	85	71514
35.7615	0.055	ripple_TLL14-15	79	71523
35.7625	0.043	ripple_TLL21-22	86	71525
35.763	0.032	ripple_TLL18-19	82	71526
35.7695	0.0695	ripple_TLL30-31	95	71539
35.803	0.166	ripple_TLL1-2	74	71606
35.813	0.0425	ripple_TLL2-3	84	71626
35.83	0.083	ripple_TLL26-27	90	71660
35.832	0.0265	ripple_TLL7-8	100	71664
35.844	0.0425	ripple_TLL28-29	92	71688
35.865	0.0435	ripple_TLL27-28	91	71730
35.8665	0.0955	ripple_TLL29-30	93	71733
35.8805	0.079	ripple_TLL7-8	100	71761
35.881	0.072	ripple_TLL6-7	99	71762
35.888	0.0785	ripple_TBPL2-3	72	71776
35.908	0.0755	ripple_TLL2-3	84	71816
35.915	0.04	ripple_TLL12-13	77	71830
35.9355	0.0325	ripple_TLL20-21	85	71871
35.946	0.049	ripple_TLL23-24	88	71892
35.954	0.0405	ripple_TLL4-5	97	71908
35.9925	0.026	ripple_TLL19-20	83	71985
35.9955	0.114	ripple_TLL31-32	96	71991
35.9975	0.0115	fr_TLL2-3	17	71995
35.999	0.04	ripple_TLL21-22	86	71998
36.001	0.1215	ripple_TLL14-15	79	72002
36.007	0.0975	ripple_TLL22-23	87	72014
36.0085	0.0655	ripple_TLL15-16	80	72017
36.017	0.027	ripple_TLL11-12	76	72034
36.02	0.046	ripple_TLL18-19	82	72040
36.0265	0.1275	ripple_TLL30-31	95	72053
36.052	0.17	ripple_TLL19-20	83	72104
36.055	0.045	ripple_TLL3-4	94	72110
36.055	0.0915	ripple_TLL29-30	93	72110
36.057	0.036	ripple_TLL4-5	97	72114
36.061	0.053	ripple_TLL23-24	88	72122
36.0685	0.0295	ripple_TLL1-2	74	72137
36.0735	0.094	ripple_TLL26-27	90	72147
36.0865	0.107	ripple_TBPL2-3	72	72173
36.111	0.0625	ripple_TLL21-22	86	72222
36.117	0.1055	ripple_TLL28-29	92	72234
36.1245	0.31	ripple_TLL7-8	100	72249
36.145	0.107	ripple_TLL22-23	87	72290
36.15	0.1495	ripple_TLL23-24	88	72300
36.1515	0.0795	ripple_TLL13-14	78	72303
36.1535	0.138	ripple_TLL31-32	96	72307
36.157	0.0965	ripple_TLL15-16	80	72314
36.1605	0.31	ripple_TLL2-3	84	72321
36.1615	0.1605	ripple_TLL14-15	79	72323
36.182	0.038	ripple_TLL20-21	85	72364
36.2015	0.072	ripple_TLL29-30	93	72403
36.205	0.235	ripple_TLL6-7	99	72410
36.2235	0.0865	ripple_TLL30-31	95	72447
36.246	0.047	ripple_TLL3-4	94	72492
36.2545	0.1055	ripple_TBPL1-2	71	72509
36.263	0.072	ripple_TLL4-5	97	72526
36.2635	0.0855	ripple_TLL1-2	74	72527
36.268	0.136	ripple_TLL13-14	78	72536
36.286	0.0405	ripple_TLL12-13	77	72572
36.3175	0.0905	ripple_TLL18-19	82	72635
36.336	0.0345	ripple_TLL19-20	83	72672
36.3625	0.019	fr_TLL14-15	12	72725
36.375	0.047	ripple_TLL20-21	85	72750
36.3995	0.041	ripple_TBPL2-3	72	72799
36.4055	0.036	ripple_TLL23-24	88	72811
36.427	0.034	ripple_TLL31-32	96	72854
36.431	0.0485	ripple_TLL30-31	95	72862
36.431	0.057	ripple_TLL15-16	80	72862
36.439	0.063	ripple_TLL26-27	90	72878
36.4515	0.122	ripple_TLL20-21	85	72903
36.452	0.1	ripple_TBPL1-2	71	72904
36.4555	0.0495	ripple_TLL27-28	91	72911
36.4695	0.0955	ripple_TLL23-24	88	72939
36.473	0.1065	ripple_TLL22-23	87	72946
36.4895	0.0575	ripple_TLL14-15	79	72979
36.4955	0.058	ripple_TBPL2-3	72	72991
36.523	0.111	ripple_TLL11-12	76	73046
36.5265	0.0705	ripple_TLL1-2	74	73053
36.5325	0.055	ripple_TLL5-6	98	73065
36.5365	0.048	ripple_TLL6-7	99	73073
36.544	0.269	ripple_TLL19-20	83	73088
36.5645	0.0165	fr_TLL25-26	22	73129
36.575	0.064	ripple_TLL21-22	86	73150
36.5795	0.054	ripple_TLL14-15	79	73159
36.5835	0.066	ripple_TBPL3-4	73	73167
36.5865	0.174	ripple_TBPL1-2	71	73173
36.59	0.0535	ripple_TLL18-19	82	73180
36.591	0.1115	ripple_TLL7-8	100	73182
36.592	0.0555	ripple_TLL13-14	78	73184
36.5925	0.1105	ripple_TLL29-30	93	73185
36.596	0.0405	ripple_TLL4-5	97	73192
36.5975	0.0925	ripple_TBPL2-3	72	73195
36.607	0.077	ripple_TLL30-31	95	73214
36.608	0.063	ripple_TLL5-6	98	73216
36.644	0.0365	ripple_TLL31-32	96	73288
36.644	0.082	ripple_TLL15-16	80	73288
36.6565	0.034	ripple_TLL23-24	88	73313
36.662	0.049	ripple_TLL6-7	99	73324
36.6825	0.114	ripple_TLL14-15	79	73365
36.6845	0.165	ripple_TLL1-2	74	73369
36.708	0.038	ripple_TLL4-5	97	73416
36.7125	0.0375	ripple_TLL31-32	96	73425
36.7165	0.051	ripple_TBPL2-3	72	73433
36.7195	0.036	ripple_TLL30-31	95	73439
36.7405	0.1155	ripple_TLL13-14	78	73481
36.7465	0.1005	ripple_TLL20-21	85	73493
36.7695	0.157	ripple_TLL15-16	80	73539
36.7835	0.108	ripple_TLL22-23	87	73567
36.7845	0.1035	ripple_TLL29-30	93	73569
36.799	0.088	ripple_TLL28-29	92	73598
36.8025	0.1	ripple_TLL17-18	81	73605
36.813	0.1255	ripple_TLL30-31	95	73626
36.817	0.0775	ripple_TLL12-13	77	73634
36.8245	0.058	ripple_TLL11-12	76	73649
36.8375	0.1115	ripple_TLL19-20	83	73675
36.848	0.061	ripple_TLL18-19	82	73696
36.849	0.0565	ripple_TLL5-6	98	73698
36.8665	0.1545	ripple_TBAL1-2	68	73733
36.871	0.0375	ripple_TLL3-4	94	73742
36.8745	0.083	ripple_TLL1-2	74	73749
36.8805	0.039	ripple_TLL13-14	78	73761
36.8915	0.1475	ripple_TLL20-21	85	73783
36.906	0.019	fr_TBPL2-3	5	73812
36.9155	0.039	ripple_TLL2-3	84	73831
36.924	0.0675	ripple_TLL4-5	97	73848
36.9325	0.115	ripple_TLL23-24	88	73865
36.934	0.0535	ripple_TLL6-7	99	73868
36.943	0.2395	ripple_TLL7-8	100	73886
36.951	0.07	ripple_TLL22-23	87	73902
36.9615	0.069	ripple_TBPL1-2	71	73923
36.966	0.074	ripple_TLL28-29	92	73932
36.972	0.2825	ripple_TLL21-22	86	73944
36.9815	0.1075	ripple_TLL1-2	74	73963
36.9845	0.0355	ripple_TBPL2-3	72	73969
36.9935	0.0105	fr_TLL9-10	34	73987
36.9955	0.053	ripple_TLL27-28	91	73991
36.996	0.0725	ripple_TLL26-27	90	73992
36.998	0.0905	ripple_TBAL3-4	70	73996
37.0055	0.107	ripple_TLL29-30	93	74011
37.0095	0.0415	ripple_TLL3-4	94	74019
37.0115	0.07	ripple_TBAL2-3	69	74023
37.03	0.0445	ripple_TLL2-3	84	74060
37.031	0.0555	ripple_TLL19-20	83	74062
37.0395	0.037	ripple_TBPL3-4	73	74079
37.041	0.0655	ripple_TLL14-15	79	74082
37.041	0.11	ripple_TLL13-14	78	74082
37.041	0.2005	ripple_TLL6-7	99	74082
37.0485	0.076	ripple_TBPL2-3	72	74097
37.0505	0.147	ripple_TLL5-6	98	74101
37.0505	0.147	fr_TLL5-6	31	74101
37.0505	0.147	frandr_TLL5-6	64	74101
37.0615	0.1215	ripple_TLL18-19	82	74123
37.07	0.1545	ripple_TLL23-24	88	74140
37.0885	0.144	ripple_TLL10-11	75	74177
37.0915	0.0635	ripple_TLL17-18	81	74183
37.0995	0.16	ripple_TLL9-10	101	74199
37.1115	0.081	ripple_TBPL1-2	71	74223
37.1175	0.165	ripple_TLL15-16	80	74235
37.1205	0.112	ripple_TBPL3-4	73	74241
37.132	0.03	ripple_TLL12-13	77	74264
37.1405	0.034	ripple_TLL14-15	79	74281
37.1445	0.0425	ripple_TLL1-2	74	74289
37.145	0.443	ripple_TLL31-32	96	74290
37.169	0.0315	ripple_TBAL2-3	69	74338
37.1695	0.115	ripple_TBPL2-3	72	74339
37.182	0.073	ripple_TBAL3-4	70	74364
37.1905	0.1555	ripple_TLL11-12	76	74381
37.192	0.2235	ripple_TLL19-20	83	74384
37.196	0.0395	ripple_TLL30-31	95	74392
37.224	0.0965	ripple_TLL14-15	79	74448
37.241	0.0445	ripple_TLL3-4	94	74482
37.2415	0.059	ripple_TLL26-27	90	74483
37.2445	0.0345	ripple_TBAL2-3	69	74489
37.2445	0.036	ripple_TLL4-5	97	74489
37.2645	0.1455	ripple_TLL18-19	82	74529
37.2675	0.094	ripple_TLL12-13	77	74535
37.273	0.031	ripple_TLL6-7	99	74546
37.2885	0.0385	ripple_TLL13-14	78	74577
37.3005	0.1735	ripple_TLL1-2	74	74601
37.3065	0.064	ripple_TLL10-11	75	74613
37.312	0.0845	ripple_TLL21-22	86	74624
37.337	0.2905	ripple_TLL7-8	100	74674
37.3465	0.12	ripple_TLL22-23	87	74693
37.3515	0.2795	ripple_TLL29-30	93	74703
37.3585	0.04	ripple_TLL30-31	95	74717
37.359	0.055	ripple_TLL5-6	98	74718
37.374	0.0195	fr_TBPL1-2	4	74748
37.374	0.042	ripple_TLL28-29	92	74748
37.378	0.0535	ripple_TBPL2-3	72	74756
37.389	0.1195	ripple_TLL6-7	99	74778
37.397	0.259	ripple_TLL23-24	88	74794
37.398	0.165	ripple_TLL20-21	85	74796
37.413	0.049	ripple_TLL11-12	76	74826
37.422	0.05	ripple_TLL2-3	84	74844
37.4295	0.033	ripple_TLL21-22	86	74859
37.435	0.0325	ripple_TLL12-13	77	74870
37.4395	0.071	ripple_TLL30-31	95	74879
37.45	0.1965	ripple_TLL14-15	79	74900
37.4525	0.1705	ripple_TLL15-16	80	74905
37.4545	0.073	ripple_TLL28-29	92	74909
37.459	0.083	ripple_TBPL2-3	72	74918
37.4605	0.0385	ripple_TLL27-28	91	74921
37.471	0.17	ripple_TLL13-14	78	74942
37.472	0.033	ripple_TBPL3-4	73	74944
37.475	0.072	ripple_TBAL1-2	68	74950
37.495	0.045	ripple_TLL18-19	82	74990
37.502	0.0445	ripple_TLL9-10	101	75004
37.52	0.0825	ripple_TLL4-5	97	75040
37.5295	0.0315	ripple_TLL6-7	99	75059
37.5365	0.1235	ripple_TLL1-2	74	75073
37.5485	0.056	ripple_TLL30-31	95	75097
37.5545	0.063	ripple_TLL2-3	84	75109
37.5565	0.058	ripple_TLL26-27	90	75113
37.558	0.057	ripple_TLL25-26	89	75116
37.5835	0.1095	ripple_TLL9-10	101	75167
37.5845	0.04	ripple_TLL28-29	92	75169
37.585	0.1035	ripple_TLL12-13	77	75170
37.587	0.2155	ripple_TLL21-22	86	75174
37.602	0.0385	ripple_TLL5-6	98	75204
37.6105	0.095	ripple_TLL20-21	85	75221
37.611	0.0365	ripple_TLL18-19	82	75222
37.641	0.048	ripple_TLL11-12	76	75282
37.6445	0.0375	ripple_TLL22-23	87	75289
37.645	0.035	ripple_TBPL1-2	71	75290
37.645	0.037	ripple_TLL6-7	99	75290
37.6465	0.111	ripple_TLL26-27	90	75293
37.6565	0.06	ripple_TLL31-32	96	75313
37.665	0.1415	ripple_TLL28-29	92	75330
37.6705	0.048	ripple_TLL30-31	95	75341
37.6925	0.103	ripple_TLL23-24	88	75385
37.6945	0.112	ripple_TLL29-30	93	75389
37.7015	0.1945	ripple_TLL1-2	74	75403
37.722	0.0495	ripple_TLL9-10	101	75444
37.725	0.2415	ripple_TLL2-3	84	75450
37.737	0.0445	ripple_TLL27-28	91	75474
37.737	0.3145	ripple_TLL22-23	87	75474
37.7405	0.0875	ripple_TLL11-12	76	75481
37.745	0.06	ripple_TLL10-11	75	75490
37.749	0.134	ripple_TLL18-19	82	75498
37.75	0.0565	ripple_TLL19-20	83	75500
37.766	0.0635	ripple_TLL14-15	79	75532
37.776	0.0405	ripple_TLL3-4	94	75552
37.7995	0.057	ripple_TBPL1-2	71	75599
37.8165	0.064	ripple_TLL31-32	96	75633
37.817	0.089	ripple_TLL20-21	85	75634
37.829	0.074	ripple_TLL21-22	86	75658
37.8345	0.1755	ripple_TBPL2-3	72	75669
37.837	0.057	ripple_TLL29-30	93	75674
37.8525	0.062	ripple_TLL30-31	95	75705
37.854	0.0415	ripple_TLL3-4	94	75708
37.8705	0.0605	ripple_TLL11-12	76	75741
37.871	0.079	ripple_TLL27-28	91	75742
37.8715	0.038	ripple_TLL12-13	77	75743
37.878	0.0625	ripple_TLL26-27	90	75756
37.8855	0.059	ripple_TLL13-14	78	75771
37.899	0.0395	ripple_TLL9-10	101	75798
37.9	0.0635	ripple_TLL28-29	92	75800
37.902	0.046	ripple_TBAL3-4	70	75804
37.9115	0.036	ripple_TLL10-11	75	75823
37.9135	0.1025	ripple_TLL23-24	88	75827
37.93	0.072	ripple_TLL29-30	93	75860
37.94	0.054	ripple_TLL31-32	96	75880
37.9565	0.04	ripple_TLL4-5	97	75913
37.959	0.0455	ripple_TLL11-12	76	75918
37.971	0.087	ripple_TLL9-10	101	75942
37.9715	0.09	ripple_TLL30-31	95	75943
37.974	0.0475	ripple_TLL21-22	86	75948
37.974	0.052	ripple_TLL7-8	100	75948
37.994	0.032	ripple_TBPL1-2	71	75988
37.9995	0.135	ripple_TLL20-21	85	75999
38.025	0.057	ripple_TLL31-32	96	76050
38.0315	0.037	ripple_TBAL2-3	69	76063
38.0315	0.037	fr_TBAL2-3	2	76063
38.0315	0.037	frandr_TBAL2-3	36	76063
38.0325	0.091	ripple_TLL26-27	90	76065
38.0355	0.1055	ripple_TLL14-15	79	76071
38.041	0.0425	ripple_TLL10-11	75	76082
38.0665	0.075	ripple_TLL15-16	80	76133
38.0685	0.0425	ripple_TLL7-8	100	76137
38.0715	0.101	ripple_TLL6-7	99	76143
38.0715	0.24	ripple_TBPL2-3	72	76143
38.073	0.069	ripple_TLL29-30	93	76146
38.0785	0.063	ripple_TLL5-6	98	76157
38.0905	0.039	ripple_TLL1-2	74	76181
38.092	0.0375	ripple_TLL2-3	84	76184
38.0975	0.0705	ripple_TLL11-12	76	76195
38.1145	0.096	ripple_TLL21-22	86	76229
38.115	0.0455	ripple_TLL31-32	96	76230
38.156	0.037	ripple_TLL9-10	101	76312
38.158	0.036	ripple_TLL20-21	85	76316
38.1595	0.0625	ripple_TLL26-27	90	76319
38.166	0.1645	ripple_TLL19-20	83	76332
38.1955	0.1755	ripple_TLL23-24	88	76391
38.1955	0.267	ripple_TLL22-23	87	76391
38.2	0.0725	ripple_TLL31-32	96	76400
38.201	0.062	ripple_TLL18-19	82	76402
38.232	0.1945	ripple_TLL29-30	93	76464
38.25	0.069	ripple_TLL28-29	92	76500
38.258	0.0985	ripple_TLL21-22	86	76516
38.2665	0.0535	ripple_TLL20-21	85	76533
38.2715	0.052	ripple_TLL2-3	84	76543
38.2815	0.399	ripple_TLL1-2	74	76563
38.282	0.039	ripple_TBAL3-4	70	76564
38.283	0.0465	ripple_TLL18-19	82	76566
38.288	0.0415	ripple_TLL14-15	79	76576
38.308	0.042	ripple_TLL12-13	77	76616
38.312	0.12	ripple_TBPL1-2	71	76624
38.3535	0.081	ripple_TBPL2-3	72	76707
38.366	0.176	ripple_TLL20-21	85	76732
38.3675	0.06	ripple_TLL28-29	92	76735
38.3805	0.0565	ripple_TLL3-4	94	76761
38.3825	0.055	ripple_TLL30-31	95	76765
38.3835	0.0575	ripple_TLL27-28	91	76767
38.3955	0.035	ripple_TBPL3-4	73	76791
38.402	0.059	ripple_TLL21-22	86	76804
38.421	0.069	ripple_TLL31-32	96	76842
38.431	0.1275	ripple_TLL2-3	84	76862
38.4495	0.0335	ripple_TLL29-30	93	76899
38.453	0.01	fr_TLL26-27	23	76906
38.459	0.079	ripple_TLL7-8	100	76918
38.471	0.2335	ripple_TLL6-7	99	76942
38.473	0.056	ripple_TBPL1-2	71	76946
38.475	0.065	ripple_TBPL2-3	72	76950
38.5105	0.037	ripple_TLL31-32	96	77021
38.5105	0.043	ripple_TLL27-28	91	77021
38.515	0.0355	ripple_TLL23-24	88	77030
38.5175	0.1905	ripple_TLL29-30	93	77035
38.5205	0.0295	ripple_TLL22-23	87	77041
38.525	0.1515	ripple_TLL30-31	95	77050
38.566	0.39	ripple_TLL19-20	83	77132
38.569	0.0325	ripple_TLL20-21	85	77138
38.576	0.044	ripple_TLL28-29	92	77152
38.5865	0.075	ripple_TLL15-16	80	77173
38.59	0.0685	ripple_TLL14-15	79	77180
38.6095	0.106	ripple_TBPL2-3	72	77219
38.611	0.049	ripple_TLL23-24	88	77222
38.6115	0.0705	ripple_TLL22-23	87	77223
38.6465	0.0585	ripple_TLL18-19	82	77293
38.6735	0.1835	ripple_TLL20-21	85	77347
38.688	0.275	ripple_TLL23-24	88	77376
38.6985	0.042	ripple_TLL4-5	97	77397
38.702	0.0605	ripple_TLL14-15	79	77404
38.768	0.047	ripple_TLL30-31	95	77536
38.769	0.039	ripple_TLL29-30	93	77538
38.7705	0.1245	ripple_TLL22-23	87	77541
38.7845	0.0385	ripple_TLL2-3	84	77569
38.787	0.0795	ripple_TBPL1-2	71	77574
38.7905	0.0285	ripple_TLL6-7	99	77581
38.794	0.035	ripple_TLL1-2	74	77588
38.814	0.097	ripple_TLL21-22	86	77628
38.8285	0.118	ripple_TLL15-16	80	77657
38.855	0.0825	ripple_TLL27-28	91	77710
38.862	0.108	ripple_TLL6-7	99	77724
38.8835	0.045	ripple_TLL5-6	98	77767
38.887	0.057	ripple_TLL1-2	74	77774
38.901	0.043	ripple_TBPL2-3	72	77802
38.9015	0.159	ripple_TLL28-29	92	77803
38.903	0.155	ripple_TLL26-27	90	77806
38.9205	0.05	ripple_TLL29-30	93	77841
38.9345	0.079	ripple_TLL18-19	82	77869
38.9415	0.039	ripple_TLL2-3	84	77883
38.942	0.0585	ripple_TLL7-8	100	77884
38.954	0.0425	ripple_TLL30-31	95	77908
38.9595	0.0825	ripple_TLL9-10	101	77919
38.983	0.039	ripple_TBPL3-4	73	77966
38.9965	0.0455	ripple_TBPL1-2	71	77993
38.998	0.046	ripple_TLL27-28	91	77996
39.017	0.083	ripple_TLL15-16	80	78034
39.0325	0.086	ripple_TLL1-2	74	78065
39.0475	0.0735	ripple_TLL30-31	95	78095
39.085	0.0535	ripple_TLL2-3	84	78170
39.091	0.056	ripple_TLL18-19	82	78182
39.0945	0.067	ripple_TLL21-22	86	78189
39.0975	0.063	ripple_TLL28-29	92	78195
39.098	0.0965	ripple_TLL23-24	88	78196
39.0995	0.141	ripple_TLL20-21	85	78199
39.1255	0.064	ripple_TBAL3-4	70	78251
39.13	0.065	ripple_TBPL1-2	71	78260
39.132	0.1835	ripple_TBPL2-3	72	78264
39.146	0.0315	ripple_TLL30-31	95	78292
39.1465	0.0105	fr_TLL26-27	23	78293
39.165	0.0415	ripple_TLL14-15	79	78330
39.18	0.1135	ripple_TLL29-30	93	78360
39.182	0.036	ripple_TLL28-29	92	78364
39.2005	0.0535	ripple_TLL31-32	96	78401
39.213	0.0565	ripple_TLL25-26	89	78426
39.217	0.0395	ripple_TLL30-31	95	78434
39.2195	0.131	ripple_TLL15-16	80	78439
39.2205	0.1575	ripple_TLL23-24	88	78441
39.228	0.111	ripple_TBPL1-2	71	78456
39.2375	0.042	ripple_TLL1-2	74	78475
39.2625	0.09	ripple_TLL14-15	79	78525
39.2765	0.1755	ripple_TLL20-21	85	78553
39.28	0.169	ripple_TLL30-31	95	78560
39.2905	0.053	ripple_TLL22-23	87	78581
39.2985	0.0575	ripple_TLL9-10	101	78597
39.3125	0.072	ripple_TLL19-20	83	78625
39.3165	0.069	ripple_TLL27-28	91	78633
39.33	0.038	ripple_TLL7-8	100	78660
39.3355	0.0535	ripple_TLL28-29	92	78671
39.336	0.1085	ripple_TLL21-22	86	78672
39.337	0.046	ripple_TLL26-27	90	78674
39.337	0.219	ripple_TLL29-30	93	78674
39.3865	0.037	ripple_TLL15-16	80	78773
39.3885	0.043	ripple_TLL14-15	79	78777
39.393	0.0705	ripple_TBPL2-3	72	78786
39.4265	0.053	ripple_TLL4-5	97	78853
39.441	0.1025	ripple_TLL7-8	100	78882
39.4545	0.3115	ripple_TLL15-16	80	78909
39.4635	0.106	ripple_TLL19-20	83	78927
39.467	0.192	ripple_TLL28-29	92	78934
39.476	0.102	ripple_TLL14-15	79	78952
39.4785	0.0865	ripple_TLL18-19	82	78957
39.4995	0.108	ripple_TBPL2-3	72	78999
39.503	0.0935	ripple_TLL13-14	78	79006
39.5455	0.0595	ripple_TLL27-28	91	79091
39.551	0.045	ripple_TLL2-3	84	79102
39.5575	0.037	ripple_TLL11-12	76	79115
39.558	0.058	ripple_TLL21-22	86	79116
39.5585	0.053	ripple_TBAL3-4	70	79117
39.5655	0.0725	ripple_TLL20-21	85	79131
39.571	0.04	ripple_TBAL2-3	69	79142
39.573	0.034	ripple_TLL5-6	98	79146
39.588	0.036	ripple_TLL12-13	77	79176
39.597	0.026	ripple_TLL19-20	83	79194
39.625	0.041	ripple_TLL6-7	99	79250
39.6265	0.0875	ripple_TLL17-18	81	79253
39.644	0.152	ripple_TLL19-20	83	79288
39.6445	0.079	ripple_TLL21-22	86	79289
39.647	0.036	ripple_TBAL1-2	68	79294
39.649	0.037	ripple_TLL4-5	97	79298
39.655	0.0435	ripple_TLL1-2	74	79310
39.67	0.0355	ripple_TLL14-15	79	79340
39.6725	0.089	ripple_TLL29-30	93	79345
39.6825	0.0895	ripple_TLL18-19	82	79365
39.701	0.027	fr_TLL23-24	21	79402
39.735	0.109	ripple_TLL7-8	100	79470
39.7395	0.076	ripple_TBPL2-3	72	79479
39.745	0.0655	ripple_TBPL1-2	71	79490
39.7555	0.0665	ripple_TLL1-2	74	79511
39.759	0.233	ripple_TLL31-32	96	79518
39.7945	0.0305	ripple_TLL28-29	92	79589
39.7965	0.3555	ripple_TLL20-21	85	79593
39.7985	0.0845	ripple_TLL6-7	99	79597
39.8125	0.0645	ripple_TLL29-30	93	79625
39.827	0.1605	ripple_TLL30-31	95	79654
39.8285	0.047	ripple_TLL19-20	83	79657
39.833	0.081	ripple_TLL9-10	101	79666
39.84	0.151	ripple_TLL18-19	82	79680
39.8405	0.0455	ripple_TLL10-11	75	79681
39.8445	0.0455	ripple_TLL21-22	86	79689
39.852	0.1375	ripple_TLL1-2	74	79704
39.8795	0.035	ripple_TLL26-27	90	79759
39.8885	0.187	ripple_TBPL2-3	72	79777
39.9015	0.04	ripple_TLL29-30	93	79803
39.902	0.0475	ripple_TLL5-6	98	79804
39.916	0.045	ripple_TLL27-28	91	79832
39.92	0.2065	ripple_TLL7-8	100	79840
39.944	0.065	ripple_TLL19-20	83	79888
39.948	0.0865	ripple_TLL23-24	88	79896
39.9505	0.0615	ripple_TLL22-23	87	79901
39.964	0.011	fr_TLL10-11	8	79928
39.9735	0.0345	ripple_TLL11-12	76	79947
39.99	0.0365	ripple_TLL4-5	97	79980
40.011	0.143	ripple_TLL28-29	92	80022
40.02	0.408	ripple_TLL29-30	93	80040
40.0355	0.04	ripple_TLL14-15	79	80071
40.036	0.0525	ripple_TLL1-2	74	80072
40.063	0.1935	ripple_TLL15-16	80	80126
40.073	0.1315	ripple_TLL19-20	83	80146
40.089	0.0605	ripple_TLL2-3	84	80178
40.093	0.0785	ripple_TLL21-22	86	80186
40.103	0.06	ripple_TLL31-32	96	80206
40.139	0.037	ripple_TLL9-10	101	80278
40.1395	0.039	ripple_TLL27-28	91	80279
40.141	0.092	ripple_TBPL2-3	72	80282
40.1555	0.0485	ripple_TLL18-19	82	80311
40.161	0.2025	ripple_TLL1-2	74	80322
40.1865	0.1835	ripple_TLL13-14	78	80373
40.1895	0.035	ripple_TLL5-6	98	80379
40.2005	0.089	ripple_TLL7-8	100	80401
40.228	0.1385	ripple_TLL20-21	85	80456
40.239	0.054	ripple_TLL19-20	83	80478
40.2465	0.1265	ripple_TLL14-15	79	80493
40.2485	0.0375	ripple_TLL6-7	99	80497
40.2965	0.127	ripple_TBPL2-3	72	80593
40.299	0.0615	ripple_TLL15-16	80	80598
40.3115	0.0455	ripple_TLL26-27	90	80623
40.3135	0.325	ripple_TLL30-31	95	80627
40.324	0.014	fr_TLL3-4	27	80648
40.326	0.0355	ripple_TLL31-32	96	80652
40.3475	0.043	ripple_TLL21-22	86	80695
40.3515	0.0415	ripple_TLL18-19	82	80703
40.3525	0.1995	ripple_TLL22-23	87	80705
40.361	0.134	ripple_TLL6-7	99	80722
40.3645	0.011	fr_TLL31-32	29	80729
40.3755	0.037	ripple_TLL2-3	84	80751
40.4365	0.0595	ripple_TLL7-8	100	80873
40.445	0.068	ripple_TBPL2-3	72	80890
40.4485	0.0615	ripple_TLL23-24	88	80897
40.4505	0.0365	ripple_TLL29-30	93	80901
40.4685	0.0355	ripple_TLL2-3	84	80937
40.4945	0.0495	ripple_TLL20-21	85	80989
40.5	0.3975	ripple_TLL15-16	80	81000
40.508	0.1055	ripple_TLL27-28	91	81016
40.516	0.0935	ripple_TLL1-2	74	81032
40.527	0.0495	ripple_TLL6-7	99	81054
40.532	0.034	ripple_TLL26-27	90	81064
40.54	0.105	ripple_TLL5-6	98	81080
40.543	0.029	ripple_TLL7-8	100	81086
40.549	0.109	ripple_TLL13-14	78	81098
40.5605	0.038	ripple_TLL14-15	79	81121
40.566	0.0525	ripple_TLL29-30	93	81132
40.57	0.035	ripple_TLL3-4	94	81140
40.592	0.065	ripple_TBPL2-3	72	81184
40.597	0.15	ripple_TLL21-22	86	81194
40.5975	0.0405	ripple_TLL20-21	85	81195
40.6015	0.1425	ripple_TLL7-8	100	81203
40.6105	0.202	ripple_TLL18-19	82	81221
40.6155	0.143	ripple_TLL31-32	96	81231
40.639	0.081	ripple_TLL1-2	74	81278
40.6615	0.0405	ripple_TLL19-20	83	81323
40.664	0.0545	ripple_TLL2-3	84	81328
40.665	0.0555	ripple_TLL28-29	92	81330
40.672	0.0525	ripple_TLL27-28	91	81344
40.6785	0.1785	ripple_TLL29-30	93	81357
40.682	0.26	ripple_TLL30-31	95	81364
40.687	0.236	ripple_TLL13-14	78	81374
40.691	0.048	ripple_TLL20-21	85	81382
40.728	0.0305	ripple_TLL5-6	98	81456
40.7665	0.044	ripple_TLL11-12	76	81533
40.792	0.05	ripple_TBPL2-3	72	81584
40.7935	0.197	ripple_TLL1-2	74	81587
40.7965	0.058	ripple_TLL21-22	86	81593
40.812	0.214	ripple_TLL14-15	79	81624
40.817	0.258	ripple_TLL2-3	84	81634
40.8205	0.067	ripple_TLL6-7	99	81641
40.8555	0.0365	ripple_TBAL1-2	68	81711
40.863	0.0455	ripple_TBPL1-2	71	81726
40.8655	0.055	ripple_TLL20-21	85	81731
40.895	0.059	ripple_TLL11-12	76	81790
40.8985	0.033	ripple_TBPL2-3	72	81797
40.8985	0.036	ripple_TLL29-30	93	81797
40.915	0.3925	ripple_TLL6-7	99	81830
40.915	0.3925	fr_TLL6-7	32	81830
40.915	0.3925	frandr_TLL6-7	65	81830
40.9375	0.04	ripple_TBPL1-2	71	81875
40.9495	0.0395	ripple_TLL19-20	83	81899
40.9665	0.055	ripple_TLL3-4	94	81933
40.975	0.1365	ripple_TLL23-24	88	81950
40.976	0.083	ripple_TLL31-32	96	81952
40.985	0.036	ripple_TLL25-26	89	81970
40.988	0.1235	ripple_TLL10-11	75	81976
40.9895	0.059	ripple_TLL13-14	78	81979
41.008	0.1025	ripple_TLL29-30	93	82016
41.0085	0.0335	ripple_TLL28-29	92	82017
41.016	0.102	ripple_TLL30-31	95	82032
41.025	0.112	ripple_TLL19-20	83	82050
41.0295	0.0715	ripple_TLL21-22	86	82059
41.061	0.0625	ripple_TLL15-16	80	82122
41.0675	0.0765	ripple_TLL18-19	82	82135
41.0715	0.052	ripple_TLL5-6	98	82143
41.076	0.0755	ripple_TLL14-15	79	82152
41.09	0.0365	ripple_TLL4-5	97	82180
41.102	0.032	ripple_TLL20-21	85	82204
41.1215	0.048	ripple_TLL9-10	101	82243
41.1355	0.077	ripple_TBPL1-2	71	82271
41.1375	0.0725	ripple_TLL31-32	96	82275
41.138	0.174	ripple_TLL29-30	93	82276
41.1415	0.082	ripple_TLL21-22	86	82283
41.1655	0.0425	ripple_TLL28-29	92	82331
41.1675	0.044	ripple_TBPL2-3	72	82335
41.18	0.095	ripple_TLL26-27	90	82360
41.182	0.0335	ripple_TLL10-11	75	82364
41.183	0.1135	ripple_TLL11-12	76	82366
41.187	0.589	ripple_TLL1-2	74	82374
41.1905	0.1825	ripple_TLL19-20	83	82381
41.193	0.358	ripple_TLL30-31	95	82386
41.1945	0.0335	ripple_TLL2-3	84	82389
41.2025	0.0555	ripple_TLL13-14	78	82405
41.213	0.0585	ripple_TLL18-19	82	82426
41.224	0.186	ripple_TLL14-15	79	82448
41.2265	0.053	ripple_TBPL3-4	73	82453
41.239	0.0445	ripple_TBAL2-3	69	82478
41.239	0.0455	ripple_TBAL3-4	70	82478
41.2495	0.101	ripple_TLL7-8	100	82499
41.25	0.243	ripple_TLL15-16	80	82500
41.278	0.0365	ripple_TLL10-11	75	82556
41.2855	0.06	ripple_TBPL1-2	71	82571
41.323	0.0505	ripple_TLL20-21	85	82646
41.325	0.24	ripple_TLL28-29	92	82650
41.327	0.14	ripple_TLL4-5	97	82654
41.334	0.043	ripple_TLL27-28	91	82668
41.345	0.0465	ripple_TLL5-6	98	82690
41.359	0.3455	ripple_TLL6-7	99	82718
41.3625	0.064	ripple_TLL13-14	78	82725
41.3715	0.0645	ripple_TBPL2-3	72	82743
41.404	0.039	ripple_TLL2-3	84	82808
41.4105	0.0995	ripple_TLL19-20	83	82821
41.424	0.0435	ripple_TLL5-6	98	82848
41.433	0.0335	ripple_TLL11-12	76	82866
41.4385	0.438	ripple_TLL20-21	85	82877
41.439	0.073	ripple_TLL14-15	79	82878
41.4665	0.138	ripple_TLL29-30	93	82933
41.489	0.047	ripple_TLL11-12	76	82978
41.491	0.092	ripple_TLL4-5	97	82982
41.4945	0.0425	ripple_TLL13-14	78	82989
41.4945	0.0475	ripple_TLL21-22	86	82989
41.4945	0.2515	ripple_TLL18-19	82	82989
41.513	0.082	ripple_TBPL2-3	72	83026
41.5175	0.0515	ripple_TLL2-3	84	83035
41.519	0.173	ripple_TLL7-8	100	83038
41.5275	0.076	ripple_TLL15-16	80	83055
41.538	0.0565	ripple_TLL5-6	98	83076
41.538	0.1265	ripple_TLL19-20	83	83076
41.5685	0.0435	ripple_TLL14-15	79	83137
41.57	0.0375	ripple_TLL13-14	78	83140
41.608	0.071	ripple_TBPL3-4	73	83216
41.6095	0.0825	ripple_TLL27-28	91	83219
41.6425	0.0675	ripple_TLL21-22	86	83285
41.645	0.1825	ripple_TLL2-3	84	83290
41.6585	0.151	ripple_TLL23-24	88	83317
41.6715	0.043	ripple_TLL22-23	87	83343
41.6735	0.4795	ripple_TLL14-15	79	83347
41.691	0.0325	ripple_TLL11-12	76	83382
41.697	0.0705	ripple_TLL3-4	94	83394
41.698	0.049	ripple_TLL19-20	83	83396
41.698	0.056	ripple_TLL4-5	97	83396
41.705	0.0535	ripple_TBPL1-2	71	83410
41.705	0.0535	fr_TBPL1-2	4	83410
41.705	0.0535	frandr_TBPL1-2	38	83410
41.7105	0.0635	ripple_TLL15-16	80	83421
41.721	0.1505	ripple_TLL30-31	95	83442
41.7275	0.1575	ripple_TLL29-30	93	83455
41.7515	0.045	ripple_TLL22-23	87	83503
41.7625	0.039	ripple_TLL17-18	81	83525
41.7665	0.222	ripple_TLL21-22	86	83533
41.7695	0.052	ripple_TLL18-19	82	83539
41.7805	0.0715	ripple_TLL13-14	78	83561
41.807	0.05	ripple_TLL19-20	83	83614
41.8185	0.041	ripple_TLL4-5	97	83637
41.831	0.04	ripple_TLL27-28	91	83662
41.8495	0.0385	ripple_TLL9-10	101	83699
41.85	0.0185	fr_TLL7-8	33	83700
41.8805	0.091	ripple_TLL31-32	96	83761
41.8935	0.1345	ripple_TLL15-16	80	83787
41.8955	0.1005	ripple_TBPL2-3	72	83791
41.9065	0.0645	ripple_TLL19-20	83	83813
41.927	0.0415	ripple_TLL13-14	78	83854
41.936	0.1875	ripple_TLL30-31	95	83872
41.9495	0.1045	ripple_TLL9-10	101	83899
41.9515	0.1015	ripple_TBAL2-3	69	83903
41.9565	0.322	ripple_TLL7-8	100	83913
41.9585	0.0645	ripple_TLL23-24	88	83917
41.9615	0.199	ripple_TLL4-5	97	83923
41.991	0.05	ripple_TBAL3-4	70	83982
41.9985	0.1405	ripple_TLL6-7	99	83997
42.0065	0.039	ripple_TLL1-2	74	84013
42.013	0.1155	ripple_TLL29-30	93	84026
42.023	0.037	ripple_TBPL2-3	72	84046
42.0385	0.0365	ripple_TLL18-19	82	84077
42.0385	0.074	ripple_TLL25-26	89	84077
42.048	0.0455	ripple_TLL11-12	76	84096
42.048	0.0595	ripple_TLL31-32	96	84096
42.061	0.0885	ripple_TLL15-16	80	84122
42.0805	0.102	ripple_TLL12-13	77	84161
42.0815	0.072	ripple_TLL1-2	74	84163
42.0945	0.095	ripple_TBPL1-2	71	84189
42.1015	0.047	ripple_TLL3-4	94	84203
42.1055	0.0355	ripple_TLL28-29	92	84211
42.114	0.077	ripple_TLL17-18	81	84228
42.116	0.107	ripple_TLL9-10	101	84232
42.1315	0.068	ripple_TLL11-12	76	84263
42.137	0.0515	ripple_TLL26-27	90	84274
42.1515	0.2105	ripple_TLL30-31	95	84303
42.181	0.058	ripple_TLL10-11	75	84362
42.1895	0.495	ripple_TLL18-19	82	84379
42.201	0.041	ripple_TLL27-28	91	84402
42.2055	0.0965	ripple_TBPL2-3	72	84411
42.208	0.0425	ripple_TLL28-29	92	84416
42.2145	0.149	ripple_TLL29-30	93	84429
42.2285	0.222	ripple_TLL17-18	81	84457
42.233	0.0545	ripple_TLL4-5	97	84466
42.2385	0.057	ripple_TLL22-23	87	84477
42.2645	0.0115	fr_TBPL1-2	4	84529
42.27	0.048	ripple_TLL9-10	101	84540
42.283	0.035	ripple_TLL5-6	98	84566
42.29	0.0295	ripple_TLL19-20	83	84580
42.3	0.212	ripple_TLL2-3	84	84600
42.312	0.049	ripple_TLL4-5	97	84624
42.328	0.0655	ripple_TLL20-21	85	84656
42.328	0.0655	fr_TLL20-21	18	84656
42.328	0.0655	frandr_TLL20-21	52	84656
42.329	0.1135	ripple_TLL14-15	79	84658
42.331	0.068	ripple_TLL23-24	88	84662
42.336	0.049	ripple_TLL6-7	99	84672
42.341	0.078	ripple_TLL19-20	83	84682
42.345	0.0315	fr_TLL21-22	19	84690
42.351	0.0385	ripple_TBPL2-3	72	84702
42.3945	0.0545	ripple_TLL26-27	90	84789
42.399	0.144	ripple_TLL21-22	86	84798
42.4	0.0705	ripple_TLL10-11	75	84800
42.414	0.0605	ripple_TLL27-28	91	84828
42.4155	0.0565	ripple_TBPL2-3	72	84831
42.419	0.0915	ripple_TLL29-30	93	84838
42.434	0.0465	ripple_TLL28-29	92	84868
42.446	0.072	ripple_TLL20-21	85	84892
42.4515	0.035	ripple_TLL19-20	83	84903
42.477	0.065	ripple_TLL15-16	80	84954
42.482	0.0805	ripple_TLL17-18	81	84964
42.49	0.098	ripple_TLL14-15	79	84980
42.4935	0.103	ripple_TLL30-31	95	84987
42.497	0.0305	ripple_TLL4-5	97	84994
42.5075	0.0365	ripple_TLL28-29	92	85015
42.5125	0.048	ripple_TLL31-32	96	85025
42.5175	0.0695	ripple_TLL19-20	83	85035
42.5195	0.204	ripple_TLL7-8	100	85039
42.5225	0.026	ripple_TLL27-28	91	85045
42.5405	0.035	ripple_TLL25-26	89	85081
42.5625	0.073	ripple_TLL29-30	93	85125
42.5645	0.168	ripple_TLL1-2	74	85129
42.576	0.149	ripple_TBPL2-3	72	85152
42.597	0.189	ripple_TLL21-22	86	85194
42.6075	0.0795	ripple_TLL2-3	84	85215
42.6125	0.027	ripple_TLL10-11	75	85225
42.6165	0.077	ripple_TLL17-18	81	85233
42.618	0.1125	ripple_TLL28-29	92	85236
42.623	0.103	ripple_TLL14-15	79	85246
42.633	0.062	ripple_TLL13-14	78	85266
42.643	0.031	ripple_TLL3-4	94	85286
42.6615	0.066	ripple_TLL29-30	93	85323
42.682	0.048	ripple_TLL26-27	90	85364
42.7175	0.0385	ripple_TLL12-13	77	85435
42.722	0.0825	ripple_TLL31-32	96	85444
42.7435	0.1085	ripple_TLL7-8	100	85487
42.7485	0.039	ripple_TLL22-23	87	85497
42.7535	0.042	ripple_TLL6-7	99	85507
42.7545	0.1675	ripple_TLL15-16	80	85509
42.755	0.1225	ripple_TLL3-4	94	85510
42.7565	0.04	ripple_TLL20-21	85	85513
42.7565	0.04	fr_TLL20-21	18	85513
42.7565	0.04	frandr_TLL20-21	52	85513
42.7565	0.064	ripple_TLL4-5	97	85513
42.7705	0.103	ripple_TBPL2-3	72	85541
42.7945	0.045	ripple_TLL26-27	90	85589
42.7985	0.0955	ripple_TLL11-12	76	85597
42.8035	0.062	ripple_TLL27-28	91	85607
42.8035	0.2435	ripple_TLL1-2	74	85607
42.8035	0.2435	fr_TLL1-2	7	85607
42.8035	0.2435	frandr_TLL1-2	41	85607
42.8065	0.147	ripple_TBPL1-2	71	85613
42.811	0.0375	ripple_TLL22-23	87	85622
42.8115	0.036	ripple_TLL23-24	88	85623
42.838	0.036	ripple_TLL6-7	99	85676
42.8405	0.0615	ripple_TLL2-3	84	85681
42.841	0.0385	ripple_TLL12-13	77	85682
42.843	0.381	ripple_TLL19-20	83	85686
42.8495	0.055	ripple_TLL21-22	86	85699
42.852	0.081	ripple_TLL17-18	81	85704
42.8895	0.1525	ripple_TLL31-32	96	85779
42.895	0.035	ripple_TLL14-15	79	85790
42.919	0.0555	ripple_TLL30-31	95	85838
42.947	0.031	ripple_TLL22-23	87	85894
42.9475	0.0395	ripple_TLL23-24	88	85895
42.9475	0.0975	ripple_TLL11-12	76	85895
42.9645	0.0835	ripple_TLL21-22	86	85929
42.9765	0.053	ripple_TLL18-19	82	85953
42.9805	0.035	ripple_TLL14-15	79	85961
42.9815	0.0375	ripple_TLL15-16	80	85963
42.9885	0.069	ripple_TBAL3-4	70	85977
42.9915	0.0155	fr_TLL6-7	32	85983
43.0065	0.0425	ripple_TBAL2-3	69	86013
43.0105	0.0715	ripple_TLL30-31	95	86021
43.015	0.0385	ripple_TLL29-30	93	86030
43.0185	0.0745	ripple_TLL7-8	100	86037
43.0205	0.0465	ripple_TLL3-4	94	86041
43.021	0.0505	ripple_TLL6-7	99	86042
43.036	0.0635	ripple_TBPL2-3	72	86072
43.0465	0.048	ripple_TLL23-24	88	86093
43.0835	0.0615	ripple_TLL26-27	90	86167
43.0845	0.0415	ripple_TLL29-30	93	86169
43.0845	0.121	ripple_TLL27-28	91	86169
43.085	0.0875	ripple_TLL31-32	96	86170
43.085	0.1895	ripple_TLL21-22	86	86170
43.0855	0.1105	ripple_TLL18-19	82	86171
43.095	0.079	ripple_TLL4-5	97	86190
43.113	0.037	ripple_TLL14-15	79	86226
43.1165	0.033	ripple_TLL15-16	80	86233
43.145	0.1145	ripple_TBPL2-3	72	86290
43.1595	0.071	ripple_TLL29-30	93	86319
43.1775	0.0415	ripple_TLL6-7	99	86355
43.198	0.0865	ripple_TLL14-15	79	86396
43.2005	0.0995	ripple_TLL26-27	90	86401
43.2175	0.071	ripple_TBPL1-2	71	86435
43.2215	0.0785	ripple_TLL7-8	100	86443
43.225	0.0475	ripple_TLL13-14	78	86450
43.237	0.0445	ripple_TLL15-16	80	86474
43.244	0.08	ripple_TLL31-32	96	86488
43.254	0.049	ripple_TLL9-10	101	86508
43.2575	0.12	ripple_TLL29-30	93	86515
43.2695	0.0565	ripple_TLL19-20	83	86539
43.286	0.111	ripple_TLL30-31	95	86572
43.2915	0.3025	ripple_TLL18-19	82	86583
43.292	0.119	ripple_TLL3-4	94	86584
43.2955	0.0375	ripple_TLL1-2	74	86591
43.3005	0.176	ripple_TLL23-24	88	86601
43.3035	0.2565	ripple_TLL22-23	87	86607
43.309	0.0355	ripple_TLL6-7	99	86618
43.3405	0.1355	ripple_TBPL2-3	72	86681
43.359	0.06	ripple_TLL7-8	100	86718
43.3675	0.0455	ripple_TLL20-21	85	86735
43.3685	0.059	ripple_TLL1-2	74	86737
43.38	0.0495	ripple_TLL2-3	84	86760
43.389	0.068	ripple_TLL31-32	96	86778
43.41	0.044	ripple_TLL28-29	92	86820
43.422	0.194	ripple_TLL29-30	93	86844
43.424	0.0365	ripple_TBPL1-2	71	86848
43.469	0.0605	ripple_TLL1-2	74	86938
43.4765	0.1925	ripple_TLL30-31	95	86953
43.483	0.078	ripple_TLL21-22	86	86966
43.5105	0.0515	ripple_TLL23-24	88	87021
43.524	0.012	fr_TLL19-20	16	87048
43.538	0.152	ripple_TBPL1-2	71	87076
43.559	0.033	ripple_TLL1-2	74	87118
43.564	0.074	ripple_TLL31-32	96	87128
43.6185	0.0565	ripple_TBPL2-3	72	87237
43.6355	0.062	ripple_TLL1-2	74	87271
43.653	0.042	ripple_TLL21-22	86	87306
43.6595	0.0365	ripple_TLL26-27	90	87319
43.6635	0.07	ripple_TLL23-24	88	87327
43.669	0.08	ripple_TLL3-4	94	87338
43.6795	0.058	ripple_TLL29-30	93	87359
43.68	0.128	ripple_TLL18-19	82	87360
43.693	0.0455	ripple_TLL22-23	87	87386
43.694	0.0365	ripple_TLL6-7	99	87388
43.695	0.027	ripple_TLL14-15	79	87390
43.697	0.1125	ripple_TLL15-16	80	87394
43.6985	0.0365	ripple_TLL30-31	95	87397
43.7325	0.0395	ripple_TBAL1-2	68	87465
43.7385	0.0345	ripple_TLL7-8	100	87477
43.742	0.051	ripple_TLL11-12	76	87484
43.756	0.078	ripple_TLL26-27	90	87512
43.7845	0.0655	ripple_TLL31-32	96	87569
43.806	0.0535	ripple_TLL23-24	88	87612
43.806	0.101	ripple_TLL22-23	87	87612
43.8135	0.045	ripple_TLL29-30	93	87627
43.8195	0.037	ripple_TBPL3-4	73	87639
43.821	0.035	ripple_TBPL2-3	72	87642
43.8215	0.068	ripple_TLL7-8	100	87643
43.8285	0.179	ripple_TLL6-7	99	87657
43.8465	0.1575	ripple_TLL18-19	82	87693
43.8585	0.033	ripple_TLL5-6	98	87717
43.859	0.015	fr_TLL19-20	16	87718
43.8655	0.095	ripple_TLL21-22	86	87731
43.8725	0.0295	ripple_TBPL1-2	71	87745
43.877	0.1295	ripple_TLL31-32	96	87754
43.9475	0.108	ripple_TBPL2-3	72	87895
43.968	0.0415	ripple_TLL7-8	100	87936
43.9845	0.0625	ripple_TLL1-2	74	87969
43.9865	0.133	ripple_TLL22-23	87	87973
43.992	0.09	ripple_TLL20-21	85	87984
43.9965	0.0335	ripple_TLL27-28	91	87993
44.023	0.0535	ripple_TBAL3-4	70	88046
44.03	0.1145	ripple_TLL6-7	99	88060
44.0315	0.061	ripple_TLL14-15	79	88063
44.043	0.0585	ripple_TBPL3-4	73	88086
44.043	0.0715	ripple_TLL28-29	92	88086
44.062	0.041	ripple_TLL23-24	88	88124
44.064	0.034	ripple_TLL11-12	76	88128
44.0725	0.048	ripple_TLL25-26	89	88145
44.0725	0.106	ripple_TLL1-2	74	88145
44.073	0.1005	ripple_TLL31-32	96	88146
44.082	0.0165	fr_TLL9-10	34	88164
44.0845	0.2	ripple_TLL18-19	82	88169
44.095	0.0475	ripple_TLL7-8	100	88190
44.11	0.384	ripple_TLL20-21	85	88220
44.119	0.0405	ripple_TLL21-22	86	88238
44.121	0.0685	ripple_TLL19-20	83	88242
44.13	0.109	ripple_TLL2-3	84	88260
44.131	0.039	ripple_TLL30-31	95	88262
44.135	0.0455	ripple_TLL27-28	91	88270
44.1385	0.0385	ripple_TLL26-27	90	88277
44.1395	0.0745	ripple_TLL5-6	98	88279
44.149	0.0335	ripple_TLL3-4	94	88298
44.153	0.2145	ripple_TLL29-30	93	88306
44.1805	0.066	ripple_TLL21-22	86	88361
44.199	0.084	ripple_TLL23-24	88	88398
44.204	0.077	ripple_TLL22-23	87	88408
44.2175	0.06	ripple_TBAL3-4	70	88435
44.219	0.0495	ripple_TLL6-7	99	88438
44.2275	0.1325	ripple_TLL31-32	96	88455
44.2315	0.234	ripple_TBPL1-2	71	88463
44.2425	0.1565	ripple_TLL15-16	80	88485
44.2475	0.08	ripple_TLL14-15	79	88495
44.2505	0.064	ripple_TBPL2-3	72	88501
44.273	0.1405	ripple_TLL1-2	74	88546
44.28	0.079	ripple_TLL30-31	95	88560
44.297	0.0565	ripple_TLL2-3	84	88594
44.308	0.064	ripple_TLL18-19	82	88616
44.315	0.042	ripple_TLL21-22	86	88630
44.3175	0.156	ripple_TLL19-20	83	88635
44.3185	0.074	ripple_TLL26-27	90	88637
44.327	0.046	ripple_TLL17-18	81	88654
44.364	0.037	ripple_TLL14-15	79	88728
44.365	0.0525	ripple_TLL6-7	99	88730
44.3725	0.326	ripple_TLL22-23	87	88745
44.3795	0.0945	ripple_TBPL2-3	72	88759
44.387	0.122	ripple_TBAL2-3	69	88774
44.392	0.19	ripple_TLL30-31	95	88784
44.3955	0.2765	ripple_TLL23-24	88	88791
44.3975	0.06	ripple_TLL29-30	93	88795
44.438	0.0565	ripple_TLL9-10	101	88876
44.449	0.0525	ripple_TLL6-7	99	88898
44.4895	0.1625	ripple_TLL29-30	93	88979
44.515	0.1405	ripple_TLL20-21	85	89030
44.518	0.0335	ripple_TBPL2-3	72	89036
44.5185	0.065	ripple_TLL18-19	82	89037
44.528	0.043	ripple_TLL7-8	100	89056
44.6085	0.0385	ripple_TLL31-32	96	89217
44.6105	0.041	ripple_TLL19-20	83	89221
44.619	0.1815	ripple_TLL21-22	86	89238
44.634	0.0535	ripple_TLL27-28	91	89268
44.6345	0.1145	ripple_TLL26-27	90	89269
44.6405	0.0325	ripple_TBPL2-3	72	89281
44.6505	0.064	ripple_TLL6-7	99	89301
44.6815	0.061	ripple_TLL20-21	85	89363
44.6825	0.044	ripple_TLL18-19	82	89365
44.6925	0.0335	ripple_TLL15-16	80	89385
44.7005	0.052	ripple_TLL28-29	92	89401
44.703	0.0775	ripple_TLL30-31	95	89406
44.7135	0.079	ripple_TBPL1-2	71	89427
44.7205	0.069	ripple_TBPL2-3	72	89441
44.7225	0.0395	ripple_TLL5-6	98	89445
44.7435	0.1375	ripple_TLL29-30	93	89487
44.7475	0.055	ripple_TLL31-32	96	89495
44.7525	0.0345	ripple_TLL6-7	99	89505
44.77	0.069	ripple_TLL14-15	79	89540
44.7825	0.05	ripple_TLL11-12	76	89565
44.786	0.072	ripple_TLL1-2	74	89572
44.7935	0.0445	ripple_TLL15-16	80	89587
44.7945	0.097	ripple_TLL27-28	91	89589
44.8025	0.0515	ripple_TLL19-20	83	89605
44.8115	0.0105	fr_TLL12-13	10	89623
44.826	0.084	ripple_TLL2-3	84	89652
44.8625	0.037	ripple_TLL7-8	100	89725
44.8645	0.0835	ripple_TLL15-16	80	89729
44.8845	0.0475	ripple_TBPL2-3	72	89769
44.9015	0.0575	ripple_TLL29-30	93	89803
44.902	0.01	fr_TLL12-13	10	89804
44.9185	0.0685	ripple_TLL23-24	88	89837
44.9385	0.0475	ripple_TLL21-22	86	89877
45.3765	0.041	ripple_TLL21-22	86	90753
45.389	0.09	ripple_TLL30-31	95	90778
45.4025	0.0845	ripple_TLL6-7	99	90805
45.406	0.075	ripple_TLL18-19	82	90812
45.4185	0.041	ripple_TLL5-6	98	90837
45.436	0.0625	ripple_TLL19-20	83	90872
45.447	0.1555	ripple_TLL14-15	79	90894
45.45	0.046	ripple_TLL23-24	88	90900
45.4535	0.037	ripple_TLL13-14	78	90907
45.454	0.0605	ripple_TLL7-8	100	90908
45.457	0.0485	ripple_TBPL2-3	72	90914
45.471	0.091	ripple_TLL31-32	96	90942
45.4835	0.049	ripple_TLL28-29	92	90967
45.491	0.03	ripple_TBPL1-2	71	90982
45.494	0.0655	ripple_TLL11-12	76	90988
45.4955	0.115	ripple_TLL20-21	85	90991
45.502	0.0785	ripple_TLL1-2	74	91004
45.531	0.037	ripple_TLL13-14	78	91062
45.535	0.0405	ripple_TLL21-22	86	91070
45.5425	0.1335	ripple_TLL7-8	100	91085
45.548	0.0715	ripple_TLL23-24	88	91096
45.5885	0.0685	ripple_TLL29-30	93	91177
45.5955	0.0935	ripple_TBPL2-3	72	91191
45.6025	0.046	ripple_TLL28-29	92	91205
45.633	0.0715	ripple_TLL2-3	84	91266
45.642	0.061	ripple_TLL6-7	99	91284
45.645	0.2185	ripple_TLL22-23	87	91290
45.6455	0.0985	ripple_TLL20-21	85	91291
45.6475	0.1125	ripple_TLL23-24	88	91295
45.6515	0.061	ripple_TLL1-2	74	91303
45.6575	0.0885	ripple_TBPL1-2	71	91315
45.663	0.0565	ripple_TLL30-31	95	91326
45.72	0.0515	ripple_TLL5-6	98	91440
45.733	0.0385	ripple_TLL1-2	74	91466
45.7375	0.0775	ripple_TLL6-7	99	91475
45.7485	0.026	ripple_TLL29-30	93	91497
45.7505	0.0345	ripple_TLL30-31	95	91501
45.7565	0.0425	ripple_TLL11-12	76	91513
45.7785	0.0795	ripple_TLL10-11	75	91557
45.803	0.0875	ripple_TBPL1-2	71	91606
45.8185	0.044	ripple_TBPL2-3	72	91637
45.82	0.0425	ripple_TLL28-29	92	91640
45.8245	0.0975	ripple_TLL20-21	85	91649
45.8305	0.051	ripple_TLL30-31	95	91661
45.8575	0.0295	ripple_TLL1-2	74	91715
45.9095	0.064	ripple_TLL28-29	92	91819
45.9105	0.038	ripple_TLL15-16	80	91821
45.916	0.04	ripple_TLL18-19	82	91832
45.9185	0.113	ripple_TBPL2-3	72	91837
45.919	0.059	ripple_TLL23-24	88	91838
45.9255	0.0525	ripple_TLL22-23	87	91851
45.9275	0.244	ripple_TBPL1-2	71	91855
45.937	0.1185	ripple_TLL1-2	74	91874
45.94	0.054	ripple_TLL5-6	98	91880
45.9485	0.0405	ripple_TLL6-7	99	91897
45.9645	0.0395	ripple_TLL14-15	79	91929
45.986	0.0975	ripple_TLL21-22	86	91972
45.9955	0.048	ripple_TLL31-32	96	91991
45.9965	0.128	ripple_TLL20-21	85	91993
46.018	0.0905	ripple_TLL30-31	95	92036
46.0355	0.094	ripple_TLL22-23	87	92071
46.0585	0.084	ripple_TLL18-19	82	92117
46.0725	0.0545	ripple_TLL17-18	81	92145
46.082	0.0375	ripple_TLL9-10	101	92164
46.084	0.1275	ripple_TLL29-30	93	92168
46.093	0.1475	ripple_TBPL2-3	72	92186
46.1035	0.034	ripple_TLL19-20	83	92207
46.1525	0.092	ripple_TLL20-21	85	92305
46.1605	0.0425	ripple_TLL21-22	86	92321
46.164	0.0705	ripple_TLL26-27	90	92328
46.164	0.137	ripple_TLL19-20	83	92328
46.1645	0.0725	ripple_TLL27-28	91	92329
46.1655	0.0615	ripple_TLL28-29	92	92331
46.195	0.0265	ripple_TBPL1-2	71	92390
46.2015	0.038	ripple_TLL11-12	76	92403
46.203	0.0455	ripple_TLL14-15	79	92406
46.214	0.076	ripple_TLL31-32	96	92428
46.215	0.0415	ripple_TLL23-24	88	92430
46.2165	0.049	ripple_TLL30-31	95	92433
46.22	0.055	ripple_TLL18-19	82	92440
46.2555	0.0585	ripple_TLL1-2	74	92511
46.2665	0.0675	ripple_TLL21-22	86	92533
46.272	0.046	ripple_TLL20-21	85	92544
46.28	0.0395	ripple_TLL14-15	79	92560
46.2895	0.1695	ripple_TLL23-24	88	92579
46.2905	0.1705	ripple_TLL22-23	87	92581
46.3	0.0485	ripple_TBPL1-2	71	92600
46.303	0.0765	ripple_TLL11-12	76	92606
46.337	0.025	ripple_TLL1-2	74	92674
46.3375	0.047	ripple_TLL29-30	93	92675
46.366	0.0815	ripple_TLL15-16	80	92732
46.39	0.2095	ripple_TLL19-20	83	92780
46.4005	0.113	ripple_TBPL1-2	71	92801
46.404	0.0795	ripple_TLL20-21	85	92808
46.4195	0.0535	ripple_TLL1-2	74	92839
46.4205	0.1085	ripple_TLL21-22	86	92841
46.4545	0.054	ripple_TLL18-19	82	92909
46.471	0.2675	ripple_TLL29-30	93	92942
46.477	0.1015	ripple_TLL30-31	95	92954
46.4915	0.0335	ripple_TLL2-3	84	92983
46.4955	0.032	ripple_TLL1-2	74	92991
46.5265	0.093	ripple_TLL20-21	85	93053
46.5275	0.0335	ripple_TLL5-6	98	93055
46.5445	0.061	ripple_TBPL1-2	71	93089
46.545	0.0575	ripple_TLL6-7	99	93090
46.5765	0.031	ripple_TLL1-2	74	93153
46.5985	0.0425	ripple_TLL31-32	96	93197
46.611	0.2745	ripple_TBPL2-3	72	93222
46.6285	0.048	ripple_TLL14-15	79	93257
46.6305	0.0735	ripple_TLL30-31	95	93261
46.6345	0.0365	ripple_TLL19-20	83	93269
46.6365	0.1425	ripple_TBPL1-2	71	93273
46.6515	0.0425	ripple_TLL27-28	91	93303
46.677	0.0955	ripple_TLL20-21	85	93354
46.6805	0.058	ripple_TLL18-19	82	93361
46.688	0.05	ripple_TLL17-18	81	93376
46.694	0.096	ripple_TLL31-32	96	93388
46.695	0.038	ripple_TLL1-2	74	93390
46.7155	0.2385	ripple_TLL19-20	83	93431
46.728	0.1425	ripple_TLL23-24	88	93456
46.739	0.123	ripple_TLL22-23	87	93478
46.7655	0.0735	ripple_TLL7-8	100	93531
46.794	0.077	ripple_TLL20-21	85	93588
46.8145	0.068	ripple_TLL31-32	96	93629
46.8365	0.034	ripple_TLL1-2	74	93673
46.837	0.0345	ripple_TLL2-3	84	93674
46.868	0.0425	ripple_TLL15-16	80	93736
46.877	0.0105	fr_TBAL3-4	3	93754
46.8865	0.198	ripple_TLL22-23	87	93773
46.893	0.0775	ripple_TLL28-29	92	93786
46.895	0.187	ripple_TLL23-24	88	93790
46.897	0.065	ripple_TLL1-2	74	93794
46.908	0.135	ripple_TBPL1-2	71	93816
46.9105	0.058	ripple_TBPL2-3	72	93821
46.9565	0.0925	ripple_TLL30-31	95	93913
46.9585	0.0575	ripple_TLL20-21	85	93917
46.964	0.0485	ripple_TLL31-32	96	93928
47.009	0.0855	ripple_TLL19-20	83	94018
47.0165	0.0615	ripple_TLL26-27	90	94033
47.017	0.0575	ripple_TLL5-6	98	94034
47.018	0.038	ripple_TLL14-15	79	94036
47.03	0.0415	ripple_TLL27-28	91	94060
47.042	0.067	ripple_TLL11-12	76	94084
47.0455	0.0575	ripple_TLL28-29	92	94091
47.068	0.055	ripple_TLL10-11	75	94136
47.0755	0.07	ripple_TLL31-32	96	94151
47.087	0.0815	ripple_TLL18-19	82	94174
47.0915	0.0405	ripple_TLL17-18	81	94183
47.0955	0.1015	ripple_TLL14-15	79	94191
47.109	0.179	ripple_TLL21-22	86	94218
47.132	0.0565	ripple_TLL15-16	80	94264
47.1345	0.15	ripple_TBPL2-3	72	94269
47.143	0.067	ripple_TBPL1-2	71	94286
47.1445	0.273	ripple_TLL20-21	85	94289
47.1715	0.0385	ripple_TLL7-8	100	94343
47.18	0.0485	ripple_TLL30-31	95	94360
47.183	0.035	ripple_TLL28-29	92	94366
47.198	0.1285	ripple_TLL31-32	96	94396
47.224	0.0965	ripple_TLL14-15	79	94448
47.256	0.1135	ripple_TBPL1-2	71	94512
47.256	0.141	ripple_TLL26-27	90	94512
47.291	0.0685	ripple_TLL19-20	83	94582
47.295	0.048	ripple_TLL29-30	93	94590
47.318	0.1455	ripple_TLL1-2	74	94636
47.3205	0.0465	ripple_TLL22-23	87	94641
47.3685	0.0415	ripple_TLL27-28	91	94737
47.3755	0.0895	ripple_TLL31-32	96	94751
47.3915	0.041	ripple_TLL6-7	99	94783
47.3935	0.1105	ripple_TLL19-20	83	94787
47.409	0.163	ripple_TLL23-24	88	94818
47.41	0.214	ripple_TBPL1-2	71	94820
47.412	0.033	ripple_TLL29-30	93	94824
47.431	0.0825	ripple_TLL18-19	82	94862
47.434	0.0475	ripple_TBPL2-3	72	94868
47.4525	0.0535	ripple_TLL10-11	75	94905
47.463	0.1565	ripple_TLL15-16	80	94926
47.477	0.0705	ripple_TLL22-23	87	94954
47.5035	0.09	ripple_TBPL2-3	72	95007
47.512	0.0845	ripple_TLL21-22	86	95024
47.5475	0.0525	ripple_TLL30-31	95	95095
47.584	0.2275	ripple_TLL22-23	87	95168
47.593	0.1365	ripple_TLL11-12	76	95186
47.6075	0.065	ripple_TLL19-20	83	95215
47.6085	0.0305	ripple_TLL29-30	93	95217
47.6085	0.1545	ripple_TLL6-7	99	95217
47.62	0.0785	ripple_TLL21-22	86	95240
47.6275	0.043	ripple_TLL20-21	85	95255
47.6445	0.0385	ripple_TLL13-14	78	95289
47.6465	0.0785	ripple_TLL30-31	95	95293
47.6475	0.0625	ripple_TLL28-29	92	95295
47.648	0.033	ripple_TLL5-6	98	95296
47.65	0.0545	ripple_TLL31-32	96	95300
47.6515	0.0355	ripple_TBPL1-2	71	95303
47.6615	0.0535	ripple_TLL10-11	75	95323
47.667	0.0355	ripple_TLL1-2	74	95334
47.6675	0.1065	ripple_TLL23-24	88	95335
47.7265	0.054	ripple_TLL1-2	74	95453
47.7275	0.0655	ripple_TLL20-21	85	95455
47.729	0.0315	ripple_TLL14-15	79	95458
47.7345	0.0325	ripple_TLL27-28	91	95469
47.7355	0.0395	ripple_TLL26-27	90	95471
47.7525	0.033	ripple_TLL31-32	96	95505
47.771	0.106	ripple_TLL15-16	80	95542
47.7815	0.0295	ripple_TBPL2-3	72	95563
47.7865	0.06	ripple_TLL14-15	79	95573
47.804	0.23	ripple_TBPL1-2	71	95608
47.8155	0.115	ripple_TLL19-20	83	95631
47.828	0.038	ripple_TBAL1-2	68	95656
47.849	0.17	ripple_TLL23-24	88	95698
47.85	0.0595	ripple_TLL20-21	85	95700
47.853	0.0305	ripple_TLL21-22	86	95706
47.881	0.051	ripple_TLL26-27	90	95762
47.8925	0.1325	ripple_TLL18-19	82	95785
47.8945	0.1735	ripple_TLL22-23	87	95789
47.91	0.1195	ripple_TLL31-32	96	95820
47.918	0.0305	ripple_TLL27-28	91	95836
47.9215	0.1065	ripple_TLL7-8	100	95843
47.9255	0.0355	ripple_TLL6-7	99	95851
47.959	0.171	ripple_TLL20-21	85	95918
47.9705	0.0595	ripple_TBPL2-3	72	95941
47.982	0.0645	ripple_TLL30-31	95	95964
48.02	0.078	ripple_TLL2-3	84	96040
48.05	0.055	ripple_TBPL2-3	72	96100
48.06	0.059	ripple_TLL31-32	96	96120
48.0685	0.0435	ripple_TLL1-2	74	96137
48.0745	0.0475	ripple_TLL18-19	82	96149
48.0745	0.0655	ripple_TLL23-24	88	96149
48.0755	0.039	ripple_TLL30-31	95	96151
48.095	0.12	ripple_TLL29-30	93	96190
48.1015	0.171	ripple_TLL22-23	87	96203
48.11	0.099	ripple_TLL7-8	100	96220
48.16	0.046	ripple_TLL6-7	99	96320
48.1745	0.0415	ripple_TLL23-24	88	96349
48.185	0.162	ripple_TLL31-32	96	96370
48.195	0.0495	ripple_TLL13-14	78	96390
48.1985	0.0435	ripple_TLL28-29	92	96397
48.2205	0.0305	ripple_TLL30-31	95	96441
48.2225	0.0445	ripple_TLL14-15	79	96445
48.2305	0.0385	ripple_TLL15-16	80	96461
48.242	0.035	ripple_TBPL2-3	72	96484
48.2455	0.0325	ripple_TBPL1-2	71	96491
48.261	0.064	ripple_TLL20-21	85	96522
48.2645	0.0575	ripple_TLL21-22	86	96529
48.2645	0.0785	ripple_TLL2-3	84	96529
48.2655	0.0775	ripple_TLL1-2	74	96531
48.2785	0.0845	ripple_TLL29-30	93	96557
48.2925	0.0545	ripple_TLL26-27	90	96585
48.2945	0.069	ripple_TLL30-31	95	96589
48.301	0.099	ripple_TLL6-7	99	96602
48.3065	0.0765	ripple_TLL7-8	100	96613
48.314	0.0575	ripple_TLL10-11	75	96628
48.32	0.0325	ripple_TBPL2-3	72	96640
48.3275	0.1625	ripple_TLL18-19	82	96655
48.392	0.09	ripple_TLL21-22	86	96784
48.4115	0.045	ripple_TLL19-20	83	96823
48.4235	0.121	ripple_TLL31-32	96	96847
48.4315	0.0385	ripple_TLL1-2	74	96863
48.441	0.1535	ripple_TLL6-7	99	96882
48.443	0.082	ripple_TLL20-21	85	96886
48.464	0.0455	ripple_TLL9-10	101	96928
48.489	0.057	ripple_TLL15-16	80	96978
48.4945	0.153	ripple_TLL29-30	93	96989
48.5065	0.0625	ripple_TLL22-23	87	97013
48.508	0.0415	ripple_TLL14-15	79	97016
48.515	0.064	ripple_TLL30-31	95	97030
48.5295	0.025	ripple_TLL23-24	88	97059
48.5365	0.2375	ripple_TLL21-22	86	97073
48.5505	0.05	ripple_TLL19-20	83	97101
48.5645	0.088	ripple_TBPL1-2	71	97129
48.5755	0.0495	ripple_TLL7-8	100	97151
48.5805	0.074	ripple_TLL23-24	88	97161
48.5955	0.035	ripple_TLL26-27	90	97191
48.596	0.0445	ripple_TLL1-2	74	97192
48.601	0.252	ripple_TLL31-32	96	97202
48.634	0.0305	ripple_TLL27-28	91	97268
48.652	0.042	ripple_TBPL3-4	73	97304
48.6545	0.056	ripple_TLL7-8	100	97309
48.6715	0.0695	ripple_TBPL2-3	72	97343
48.6785	0.07	ripple_TLL20-21	85	97357
48.7005	0.0975	ripple_TLL30-31	95	97401
48.705	0.294	ripple_TLL23-24	88	97410
48.7085	0.073	ripple_TLL29-30	93	97417
48.7135	0.4105	ripple_TBPL1-2	71	97427
48.7255	0.0315	ripple_TLL1-2	74	97451
48.757	0.032	ripple_TLL9-10	101	97514
48.7625	0.239	ripple_TLL22-23	87	97525
48.7795	0.265	ripple_TLL19-20	83	97559
48.783	0.037	ripple_TLL18-19	82	97566
48.7875	0.185	ripple_TLL11-12	76	97575
48.805	0.0485	ripple_TLL1-2	74	97610
48.818	0.0375	ripple_TLL10-11	75	97636
48.823	0.0795	ripple_TLL29-30	93	97646
48.8265	0.027	ripple_TLL6-7	99	97653
48.8285	0.038	ripple_TLL5-6	98	97657
48.8365	0.0655	ripple_TBPL2-3	72	97673
48.843	0.053	ripple_TLL27-28	91	97686
48.8545	0.047	ripple_TLL14-15	79	97709
48.864	0.0755	ripple_TLL18-19	82	97728
48.8755	0.1085	ripple_TLL1-2	74	97751
48.8755	0.1085	fr_TLL1-2	7	97751
48.8755	0.1085	frandr_TLL1-2	41	97751
48.883	0.0515	ripple_TLL21-22	86	97766
48.9075	0.058	ripple_TLL31-32	96	97815
48.919	0.0395	ripple_TLL6-7	99	97838
48.928	0.0575	ripple_TLL20-21	85	97856
48.953	0.0405	ripple_TLL2-3	84	97906
48.979	0.091	ripple_TLL15-16	80	97958
48.988	0.048	ripple_TLL9-10	101	97976
49.0225	0.039	ripple_TLL4-5	97	98045
49.032	0.0165	fr_TLL29-30	26	98064
49.0445	0.196	ripple_TLL20-21	85	98089
49.0475	0.0525	ripple_TLL1-2	74	98095
49.054	0.028	ripple_TLL29-30	93	98108
49.073	0.195	ripple_TLL21-22	86	98146
49.0985	0.1525	ripple_TLL23-24	88	98197
49.118	0.0435	ripple_TLL10-11	75	98236
49.1195	0.038	ripple_TLL7-8	100	98239
49.124	0.0365	ripple_TLL3-4	94	98248
49.1535	0.17	ripple_TLL1-2	74	98307
49.155	0.0955	ripple_TLL31-32	96	98310
49.1715	0.0625	ripple_TLL19-20	83	98343
49.173	0.183	ripple_TLL18-19	82	98346
49.2055	0.068	ripple_TLL7-8	100	98411
49.2065	0.1265	ripple_TLL30-31	95	98413
49.207	0.0375	ripple_TLL28-29	92	98414
49.2075	0.1595	ripple_TLL29-30	93	98415
49.2125	0.01	fr_TLL2-3	17	98425
49.226	0.056	ripple_TLL6-7	99	98452
49.243	0.072	ripple_TLL2-3	84	98486
49.275	0.1745	ripple_TLL20-21	85	98550
49.289	0.1265	ripple_TBPL1-2	71	98578
49.298	0.0595	ripple_TLL31-32	96	98596
49.3025	0.0425	ripple_TLL23-24	88	98605
49.323	0.0605	ripple_TLL9-10	101	98646
49.3305	0.1075	ripple_TBPL2-3	72	98661
49.3365	0.0325	ripple_TLL27-28	91	98673
49.346	0.054	ripple_TLL1-2	74	98692
49.3755	0.036	ripple_TLL7-8	100	98751
49.3775	0.127	ripple_TLL21-22	86	98755
49.3915	0.0625	ripple_TLL29-30	93	98783
49.401	0.063	ripple_TLL30-31	95	98802
49.4145	0.05	ripple_TLL14-15	79	98829
49.4345	0.0475	ripple_TLL19-20	83	98869
49.4345	0.0475	fr_TLL19-20	16	98869
49.4345	0.0475	frandr_TLL19-20	50	98869
49.442	0.053	ripple_TLL6-7	99	98884
49.443	0.0435	ripple_TLL5-6	98	98886
49.475	0.0605	ripple_TLL2-3	84	98950
49.503	0.038	ripple_TLL29-30	93	99006
49.505	0.0495	ripple_TLL28-29	92	99010
49.5385	0.14	ripple_TLL31-32	96	99077
49.546	0.064	ripple_TLL18-19	82	99092
49.5595	0.055	ripple_TLL30-31	95	99119
49.5675	0.124	ripple_TBPL1-2	71	99135
49.581	0.081	ripple_TLL20-21	85	99162
49.5825	0.054	ripple_TLL23-24	88	99165
49.584	0.0325	ripple_TLL19-20	83	99168
49.589	0.0515	ripple_TLL1-2	74	99178
49.6	0.08	ripple_TLL15-16	80	99200
49.6015	0.05	ripple_TLL14-15	79	99203
49.6245	0.034	ripple_TLL21-22	86	99249
49.6395	0.2625	ripple_TBPL2-3	72	99279
49.657	0.057	ripple_TLL19-20	83	99314
49.6635	0.0635	ripple_TLL29-30	93	99327
49.6845	0.1305	ripple_TLL28-29	92	99369
49.6945	0.517	ripple_TLL23-24	88	99389
49.7195	0.3705	ripple_TBPL1-2	71	99439
49.7205	0.067	ripple_TLL20-21	85	99441
49.7215	0.0335	ripple_TLL14-15	79	99443
49.7565	0.1305	ripple_TLL19-20	83	99513
49.768	0.036	ripple_TLL5-6	98	99536
49.7705	0.04	ripple_TLL30-31	95	99541
49.826	0.061	ripple_TLL18-19	82	99652
49.835	0.058	ripple_TLL31-32	96	99670
49.8365	0.031	ripple_TLL6-7	99	99673
49.8535	0.0525	ripple_TLL30-31	95	99707
49.8625	0.0425	ripple_TBAL1-2	68	99725
49.893	0.121	ripple_TLL1-2	74	99786
49.909	0.0815	ripple_TLL22-23	87	99818
49.9225	0.0535	ripple_TBPL2-3	72	99845
49.9335	0.0895	ripple_TLL19-20	83	99867
49.9415	0.0545	ripple_TLL2-3	84	99883
49.954	0.0705	ripple_TLL20-21	85	99908
49.961	0.1185	ripple_TLL28-29	92	99922
49.987	0.038	ripple_TLL21-22	86	99974
50.013	0.163	ripple_TLL22-23	87	100026
50.0195	0.152	ripple_TBPL2-3	72	100039
50.024	0.0635	ripple_TLL29-30	93	100048
50.039	0.038	ripple_TLL2-3	84	100078
50.0525	0.083	ripple_TLL19-20	83	100105
50.0565	0.0315	ripple_TLL20-21	85	100113
50.0565	0.067	ripple_TLL30-31	95	100113
50.134	0.0715	ripple_TLL1-2	74	100268
50.136	0.046	ripple_TLL5-6	98	100272
50.155	0.0925	ripple_TLL28-29	92	100310
50.183	0.038	ripple_TLL19-20	83	100366
50.214	0.2325	ripple_TLL29-30	93	100428
50.218	0.0735	ripple_TLL31-32	96	100436
50.237	0.037	ripple_TLL17-18	81	100474
50.242	0.0415	ripple_TLL9-10	101	100484
50.2435	0.044	ripple_TLL30-31	95	100487
50.2555	0.0995	ripple_TLL19-20	83	100511
50.2575	0.0335	ripple_TBPL1-2	71	100515
50.266	0.088	ripple_TLL21-22	86	100532
50.2725	0.0705	ripple_TLL15-16	80	100545
50.285	0.0715	ripple_TLL7-8	100	100570
50.286	0.4165	ripple_TLL20-21	85	100572
50.288	0.0325	ripple_TLL14-15	79	100576
50.307	0.046	ripple_TLL5-6	98	100614
50.315	0.0385	ripple_TLL6-7	99	100630
50.317	0.0405	ripple_TLL18-19	82	100634
50.332	0.1955	ripple_TLL31-32	96	100664
50.347	0.0375	ripple_TLL1-2	74	100694
50.3575	0.0615	ripple_TLL4-5	97	100715
50.3665	0.0705	ripple_TLL30-31	95	100733
50.3925	0.0925	ripple_TBPL1-2	71	100785
50.3975	0.1295	ripple_TBPL2-3	72	100795
50.42	0.052	ripple_TLL23-24	88	100840
50.424	0.0475	ripple_TLL22-23	87	100848
50.431	0.0435	ripple_TLL14-15	79	100862
50.4455	0.0785	ripple_TLL7-8	100	100891
50.45	0.146	ripple_TLL28-29	92	100900
50.4825	0.149	ripple_TLL19-20	83	100965
50.484	0.126	ripple_TLL29-30	93	100968
50.518	0.0475	ripple_TLL1-2	74	101036
50.524	0.152	ripple_TLL21-22	86	101048
50.5245	0.1985	ripple_TLL23-24	88	101049
50.555	0.105	ripple_TBPL2-3	72	101110
50.58	0.052	ripple_TLL6-7	99	101160
50.589	0.1155	ripple_TLL30-31	95	101178
50.5985	0.076	ripple_TLL31-32	96	101197
50.6205	0.074	ripple_TLL22-23	87	101241
50.627	0.035	ripple_TBPL1-2	71	101254
50.6505	0.0645	ripple_TLL7-8	100	101301
50.6635	0.1005	ripple_TLL29-30	93	101327
50.71	0.0535	ripple_TLL31-32	96	101420
50.71	0.139	ripple_TLL19-20	83	101420
50.723	0.133	ripple_TLL6-7	99	101446
50.7235	0.033	ripple_TLL3-4	94	101447
50.725	0.129	ripple_TLL1-2	74	101450
50.727	0.062	ripple_TLL15-16	80	101454
50.7275	0.0355	ripple_TLL4-5	97	101455
50.732	0.038	ripple_TLL18-19	82	101464
50.7575	0.0465	ripple_TBPL1-2	71	101515
50.763	0.425	ripple_TLL23-24	88	101526
50.7705	0.037	ripple_TLL27-28	91	101541
50.7885	0.0365	ripple_TLL31-32	96	101577
50.7925	0.1575	ripple_TBPL2-3	72	101585
50.7985	0.0145	fr_TLL9-10	34	101597
50.801	0.245	ripple_TLL20-21	85	101602
50.831	0.0455	ripple_TLL26-27	90	101662
50.8525	0.132	ripple_TLL14-15	79	101705
50.865	0.056	ripple_TLL5-6	98	101730
50.8665	0.176	ripple_TLL30-31	95	101733
50.879	0.104	ripple_TBPL1-2	71	101758
50.8845	0.098	ripple_TLL15-16	80	101769
50.8945	0.051	ripple_TLL2-3	84	101789
50.8995	0.046	ripple_TLL1-2	74	101799
50.9075	0.1405	ripple_TLL21-22	86	101815
50.931	0.054	ripple_TLL6-7	99	101862
50.953	0.0475	ripple_TLL5-6	98	101906
50.995	0.01	fr_TBAL3-4	3	101990
51.021	0.0805	ripple_TLL1-2	74	102042
51.029	0.042	ripple_TLL14-15	79	102058
51.029	0.049	ripple_TLL19-20	83	102058
51.04	0.0795	ripple_TBPL2-3	72	102080
51.041	0.047	ripple_TLL7-8	100	102082
51.059	0.0695	ripple_TLL28-29	92	102118
51.067	0.15	ripple_TLL30-31	95	102134
51.087	0.076	ripple_TBPL1-2	71	102174
51.117	0.0295	ripple_TLL6-7	99	102234
51.128	0.0365	ripple_TLL1-2	74	102256
51.134	0.0405	ripple_TLL27-28	91	102268
51.1435	0.0585	ripple_TLL29-30	93	102287
51.144	0.1335	ripple_TLL22-23	87	102288
51.1465	0.1965	ripple_TLL20-21	85	102293
51.152	0.0575	ripple_TLL17-18	81	102304
51.1565	0.0655	ripple_TLL10-11	75	102313
51.159	0.062	ripple_TLL11-12	76	102318
51.1625	0.059	ripple_TLL21-22	86	102325
51.185	0.297	ripple_TBPL1-2	71	102370
51.2	0.0535	ripple_TLL15-16	80	102400
51.2075	0.0615	ripple_TLL1-2	74	102415
51.235	0.065	ripple_TLL31-32	96	102470
51.2365	0.0855	ripple_TLL29-30	93	102473
51.238	0.059	ripple_TLL19-20	83	102476
51.244	0.0905	ripple_TBPL2-3	72	102488
51.259	0.1875	ripple_TLL28-29	92	102518
51.294	0.0595	ripple_TLL30-31	95	102588
51.3035	0.0505	ripple_TLL27-28	91	102607
51.304	0.072	ripple_TLL26-27	90	102608
51.331	0.0195	fr_TLL15-16	13	102662
51.3345	0.033	ripple_TLL31-32	96	102669
51.339	0.0725	ripple_TLL2-3	84	102678
51.3655	0.084	ripple_TLL4-5	97	102731
51.3715	0.0635	ripple_TLL5-6	98	102743
51.372	0.039	ripple_TLL1-2	74	102744
51.381	0.076	ripple_TBPL2-3	72	102762
51.3835	0.052	ripple_TLL20-21	85	102767
51.387	0.0685	ripple_TLL3-4	94	102774
51.399	0.0895	ripple_TLL19-20	83	102798
51.4	0.0325	ripple_TLL10-11	75	102800
51.421	0.042	ripple_TLL15-16	80	102842
51.436	0.014	fr_TLL25-26	22	102872
51.44	0.0665	ripple_TLL6-7	99	102880
51.4435	0.124	ripple_TLL31-32	96	102887
51.4485	0.0765	ripple_TLL26-27	90	102897
51.4535	0.07	ripple_TLL21-22	86	102907
51.459	0.0685	ripple_TLL30-31	95	102918
51.4655	0.1805	ripple_TLL29-30	93	102931
51.4705	0.0115	fr_TLL25-26	22	102941
51.4705	0.418	ripple_TLL20-21	85	102941
51.4725	0.1785	ripple_TLL7-8	100	102945
51.488	0.0485	ripple_TLL11-12	76	102976
51.517	0.035	ripple_TLL19-20	83	103034
51.5175	0.081	fr_TBAL3-4	3	103035
51.5205	0.086	ripple_TLL1-2	74	103041
51.526	0.091	ripple_TLL2-3	84	103052
51.531	0.048	ripple_TBPL1-2	71	103062
51.539	0.1415	ripple_TLL6-7	99	103078
51.544	0.044	ripple_TLL14-15	79	103088
51.546	0.1505	ripple_TLL5-6	98	103092
51.5575	0.0535	ripple_TLL23-24	88	103115
51.583	0.1965	ripple_TLL19-20	83	103166
51.6085	0.2395	ripple_TLL31-32	96	103217
51.6115	0.071	ripple_TLL18-19	82	103223
51.625	0.063	ripple_TLL9-10	101	103250
51.6285	0.026	fr_TBAL3-4	3	103257
51.631	0.0565	ripple_TBPL3-4	73	103262
51.635	0.108	ripple_TLL1-2	74	103270
51.643	0.126	ripple_TLL27-28	91	103286
51.6555	0.0585	ripple_TLL14-15	79	103311
51.656	0.033	ripple_TLL15-16	80	103312
51.6615	0.132	ripple_TLL4-5	97	103323
51.6735	0.0765	ripple_TLL21-22	86	103347
51.682	0.067	ripple_TBPL1-2	71	103364
51.689	0.0775	ripple_TBPL2-3	72	103378
51.695	0.103	fr_TBAL3-4	3	103390
51.7185	0.134	ripple_TLL11-12	76	103437
51.7245	0.0925	ripple_TLL15-16	80	103449
51.7375	0.073	ripple_TLL29-30	93	103475
51.7445	0.0445	ripple_TLL30-31	95	103489
51.7635	0.0385	ripple_TLL2-3	84	103527
51.7725	0.1415	ripple_TLL14-15	79	103545
51.793	0.1105	ripple_TBPL2-3	72	103586
51.807	0.0355	ripple_TLL7-8	100	103614
51.8075	0.053	ripple_TLL6-7	99	103615
51.8075	0.063	ripple_TLL10-11	75	103615
51.8105	0.435	ripple_TLL30-31	95	103621
51.8325	0.093	ripple_TLL29-30	93	103665
51.8365	0.0535	ripple_TBAL2-3	69	103673
51.8365	0.0565	ripple_TLL9-10	101	103673
51.8385	0.076	ripple_TLL27-28	91	103677
51.8455	0.152	ripple_TLL15-16	80	103691
51.8765	0.075	ripple_TLL5-6	98	103753
51.886	0.052	ripple_TLL31-32	96	103772
51.891	0.033	ripple_TLL1-2	74	103782
51.9015	0.0465	ripple_TLL18-19	82	103803
51.9225	0.2585	ripple_TLL19-20	83	103845
51.9255	0.053	ripple_TLL7-8	100	103851
51.9315	0.2325	ripple_TBPL1-2	71	103863
51.9565	0.0705	ripple_TLL2-3	84	103913
51.9665	0.101	ripple_TLL31-32	96	103933
51.9725	0.0215	fr_TBAL3-4	3	103945
51.9765	0.0415	ripple_TLL11-12	76	103953
51.9795	0.072	ripple_TLL27-28	91	103959
51.982	0.061	ripple_TLL13-14	78	103964
51.9925	0.034	ripple_TLL29-30	93	103985
51.9995	0.248	ripple_TLL7-8	100	103999
52.0005	0.1795	ripple_TLL6-7	99	104001
52.0105	0.1025	ripple_TLL20-21	85	104021
52.015	0.026	fr_TLL25-26	22	104030
52.016	0.027	fr_TBAL3-4	3	104032
52.0265	0.035	ripple_TLL4-5	97	104053
52.043	0.027	ripple_TLL5-6	98	104086
52.054	0.017	fr_TBPL2-3	5	104108
52.0545	0.019	fr_TLL28-29	25	104109
52.058	0.016	fr_TLL15-16	13	104116
52.073	0.0245	fr_TLL25-26	22	104146
52.073	0.0965	ripple_TLL14-15	79	104146
52.087	0.0255	fr_TLL9-10	34	104174
52.088	0.0655	ripple_TLL31-32	96	104176
52.0945	0.0555	ripple_TLL23-24	88	104189
52.0945	0.0555	fr_TLL23-24	21	104189
52.0945	0.0555	frandr_TLL23-24	55	104189
52.095	0.012	fr_TLL3-4	27	104190
52.0965	0.199	ripple_TLL29-30	93	104193
52.1	0.0645	ripple_TLL10-11	75	104200
52.1025	0.0785	ripple_TLL13-14	78	104205
52.1085	0.0345	ripple_TBAL3-4	70	104217
52.1085	0.0345	fr_TBAL3-4	3	104217
52.1085	0.0345	frandr_TBAL3-4	37	104217
52.1125	0.096	ripple_TLL22-23	87	104225
52.1165	0.0675	ripple_TLL17-18	81	104233
52.1165	0.0675	fr_TLL17-18	14	104233
52.1165	0.0675	frandr_TLL17-18	48	104233
52.124	0.2445	ripple_TLL25-26	89	104248
52.124	0.2445	fr_TLL25-26	22	104248
52.124	0.2445	frandr_TLL25-26	56	104248
52.133	0.0415	ripple_TLL21-22	86	104266
52.1435	0.322	ripple_TLL5-6	98	104287
52.1665	0.067	ripple_TLL18-19	82	104333
52.169	0.0295	ripple_TBAL2-3	69	104338
52.169	0.0295	fr_TBAL2-3	2	104338
52.169	0.0295	frandr_TBAL2-3	36	104338
52.169	0.143	ripple_TLL11-12	76	104338
52.1705	0.0145	fr_TBPL2-3	5	104341
52.1715	0.014	fr_TBAL1-2	1	104343
52.1745	0.1495	ripple_TLL31-32	96	104349
52.1815	0.3305	ripple_TLL23-24	88	104363
52.202	0.055	ripple_TLL20-21	85	104404
52.202	0.1645	ripple_TLL6-7	99	104404
52.2125	0.038	ripple_TLL14-15	79	104425
52.2165	0.0755	ripple_TLL19-20	83	104433
52.2215	0.0725	ripple_TLL26-27	90	104443
52.2245	0.031	ripple_TLL10-11	75	104449
52.229	0.125	ripple_TLL28-29	92	104458
52.2365	0.105	ripple_TBAL3-4	70	104473
52.2365	0.105	fr_TBAL3-4	3	104473
52.2365	0.105	frandr_TBAL3-4	37	104473
52.2435	0.04	ripple_TBPL2-3	72	104487
52.281	0.031	ripple_TLL15-16	80	104562
52.284	0.0745	ripple_TLL27-28	91	104568
52.298	0.055	ripple_TLL2-3	84	104596
52.3025	0.043	ripple_TLL1-2	74	104605
52.306	0.094	ripple_TBPL2-3	72	104612
52.318	0.079	ripple_TLL21-22	86	104636
52.318	0.099	ripple_TLL18-19	82	104636
52.3295	0.176	ripple_TLL22-23	87	104659
52.3305	0.048	ripple_TLL14-15	79	104661
52.361	0.0455	ripple_TLL15-16	80	104722
52.373	0.05	ripple_TLL19-20	83	104746
52.378	0.012	fr_TLL26-27	23	104756
52.3785	0.049	ripple_TLL29-30	93	104757
52.393	0.061	ripple_TLL30-31	95	104786
52.396	0.064	ripple_TLL31-32	96	104792
52.4015	0.046	ripple_TLL1-2	74	104803
52.421	0.0385	ripple_TLL13-14	78	104842
52.4225	0.0335	ripple_TLL14-15	79	104845
52.4225	0.057	ripple_TBPL2-3	72	104845
52.425	0.0505	ripple_TLL26-27	90	104850
52.448	0.0875	ripple_TLL7-8	100	104896
52.4755	0.054	ripple_TLL20-21	85	104951
52.486	0.0695	ripple_TLL29-30	93	104972
52.4915	0.017	fr_TLL25-26	22	104983
52.4995	0.0565	ripple_TLL28-29	92	104999
52.514	0.027	ripple_TBAL3-4	70	105028
52.514	0.027	fr_TBAL3-4	3	105028
52.514	0.027	frandr_TBAL3-4	37	105028
52.5165	0.1435	ripple_TLL31-32	96	105033
52.5275	0.053	ripple_TBPL1-2	71	105055
52.532	0.0875	ripple_TLL14-15	79	105064
52.5385	0.0595	ripple_TLL15-16	80	105077
52.544	0.0455	ripple_TLL6-7	99	105088
52.555	0.081	ripple_TLL1-2	74	105110
52.5575	0.0825	ripple_TLL22-23	87	105115
52.5605	0.0905	ripple_TLL27-28	91	105121
52.5615	0.0975	ripple_TLL7-8	100	105123
52.578	0.0475	ripple_TLL29-30	93	105156
52.581	0.046	ripple_TLL26-27	90	105162
52.5855	0.0165	fr_TLL9-10	34	105171
52.5885	0.0305	ripple_TLL25-26	89	105177
52.5885	0.0305	fr_TLL25-26	22	105177
52.5885	0.0305	frandr_TLL25-26	56	105177
52.59	0.0735	ripple_TLL20-21	85	105180
52.602	0.088	ripple_TLL23-24	88	105204
52.614	0.0445	ripple_TLL3-4	94	105228
52.625	0.081	ripple_TLL30-31	95	105250
52.638	0.026	fr_TLL25-26	22	105276
52.6505	0.2105	ripple_TBPL1-2	71	105301
52.6545	0.1065	ripple_TLL29-30	93	105309
52.656	0.047	ripple_TLL21-22	86	105312
52.656	0.0555	ripple_TLL6-7	99	105312
52.6605	0.1665	ripple_TLL19-20	83	105321
52.6785	0.1245	ripple_TLL5-6	98	105357
52.6935	0.025	fr_TBAL3-4	3	105387
52.707	0.0795	ripple_TLL25-26	89	105414
52.707	0.0795	fr_TLL25-26	22	105414
52.707	0.0795	frandr_TLL25-26	56	105414
52.7105	0.036	ripple_TLL31-32	96	105421
52.7215	0.122	ripple_TLL1-2	74	105443
52.73	0.0365	ripple_TLL7-8	100	105460
52.7475	0.1055	ripple_TBPL2-3	72	105495
52.7705	0.037	ripple_TLL10-11	75	105541
52.777	0.038	ripple_TLL3-4	94	105554
52.78	0.082	ripple_TLL21-22	86	105560
52.7835	0.045	ripple_TLL23-24	88	105567
52.7835	0.1375	ripple_TLL22-23	87	105567
52.799	0.0135	fr_TLL25-26	22	105598
52.818	0.045	ripple_TLL15-16	80	105636
52.826	0.0445	ripple_TLL18-19	82	105652
52.827	0.0525	ripple_TLL29-30	93	105654
52.8465	0.0485	ripple_TLL30-31	95	105693
52.859	0.026	ripple_TLL2-3	84	105718
52.8775	0.091	ripple_TLL14-15	79	105755
52.8815	0.0705	ripple_TLL23-24	88	105763
52.8825	0.089	ripple_TLL20-21	85	105765
52.9175	0.0655	ripple_TLL6-7	99	105835
52.939	0.0395	ripple_TLL21-22	86	105878
52.9455	0.14	ripple_TLL1-2	74	105891
52.953	0.036	ripple_TLL19-20	83	105906
52.961	0.0895	ripple_TLL18-19	82	105922
52.9945	0.375	ripple_TLL22-23	87	105989
53.035	0.0325	ripple_TLL2-3	84	106070
53.0425	0.091	ripple_TBPL2-3	72	106085
53.043	0.048	ripple_TBPL1-2	71	106086
53.065	0.077	ripple_TLL23-24	88	106130
53.0815	0.2415	ripple_TLL20-21	85	106163
53.0985	0.033	ripple_TLL9-10	101	106197
53.109	0.0575	ripple_TLL31-32	96	106218
53.1095	0.124	ripple_TLL6-7	99	106219
53.1205	0.0385	ripple_TLL7-8	100	106241
53.1245	0.039	ripple_TLL18-19	82	106249
53.1505	0.0325	ripple_TLL21-22	86	106301
53.17	0.141	ripple_TLL30-31	95	106340
53.1725	0.0435	ripple_TLL3-4	94	106345
53.18	0.0355	ripple_TBPL2-3	72	106360
53.1805	0.0895	ripple_TLL1-2	74	106361
53.183	0.083	ripple_TLL5-6	98	106366
53.1925	0.0365	ripple_TLL11-12	76	106385
53.201	0.037	ripple_TBPL1-2	71	106402
53.2185	0.0405	ripple_TLL31-32	96	106437
53.2345	0.0875	ripple_TLL19-20	83	106469
53.257	0.0485	ripple_TLL14-15	79	106514
53.258	0.119	ripple_TLL13-14	78	106516
53.269	0.048	ripple_TLL18-19	82	106538
53.2765	0.113	ripple_TLL2-3	84	106553
53.288	0.086	ripple_TBPL1-2	71	106576
53.2985	0.09	ripple_TLL1-2	74	106597
53.299	0.041	ripple_TLL31-32	96	106598
53.322	0.04	ripple_TLL10-11	75	106644
53.3285	0.049	ripple_TLL17-18	81	106657
53.3335	0.041	ripple_TLL14-15	79	106667
53.3455	0.083	ripple_TLL18-19	82	106691
53.3485	0.077	ripple_TLL30-31	95	106697
53.358	0.0635	ripple_TLL21-22	86	106716
53.3745	0.064	ripple_TLL28-29	92	106749
53.377	0.084	ripple_TLL31-32	96	106754
53.4	0.242	ripple_TBPL1-2	71	106800
53.419	0.0565	ripple_TLL23-24	88	106838
53.4195	0.056	ripple_TLL22-23	87	106839
53.4325	0.1045	ripple_TLL14-15	79	106865
53.434	0.0565	ripple_TBPL2-3	72	106868
53.4585	0.036	ripple_TLL12-13	77	106917
53.461	0.0445	ripple_TLL19-20	83	106922
53.4915	0.215	ripple_TLL31-32	96	106983
53.493	0.032	ripple_TLL30-31	95	106986
53.521	0.13	ripple_TLL1-2	74	107042
53.5305	0.036	ripple_TLL29-30	93	107061
53.545	0.0595	ripple_TLL10-11	75	107090
53.546	0.0575	ripple_TLL11-12	76	107092
53.562	0.1205	ripple_TLL21-22	86	107124
53.5955	0.051	ripple_TLL28-29	92	107191
53.5955	0.118	ripple_TLL30-31	95	107191
53.6015	0.0415	ripple_TLL29-30	93	107203
53.6755	0.1375	ripple_TBPL2-3	72	107351
53.69	0.0415	ripple_TBPL1-2	71	107380
53.6905	0.0325	ripple_TLL28-29	92	107381
53.6915	0.0565	ripple_TLL26-27	90	107383
53.7015	0.0855	ripple_TLL2-3	84	107403
53.7045	0.046	ripple_TLL27-28	91	107409
53.7255	0.6655	ripple_TLL22-23	87	107451
53.7335	0.0725	ripple_TLL23-24	88	107467
53.7415	0.0255	ripple_TLL20-21	85	107483
53.747	0.052	ripple_TLL15-16	80	107494
53.7815	0.0445	ripple_TBPL1-2	71	107563
53.8205	0.043	ripple_TBAL1-2	68	107641
53.822	0.0345	ripple_TLL28-29	92	107644
53.824	0.0355	ripple_TLL3-4	94	107648
53.8265	0.0265	fr_TBAL3-4	3	107653
53.835	0.0125	fr_TBPL3-4	6	107670
53.835	0.5055	ripple_TLL23-24	88	107670
53.844	0.036	ripple_TLL20-21	85	107688
53.855	0.046	ripple_TLL29-30	93	107710
53.8565	0.1065	ripple_TLL2-3	84	107713
53.859	0.069	ripple_TLL30-31	95	107718
53.871	0.043	ripple_TLL6-7	99	107742
53.8725	0.046	ripple_TLL19-20	83	107745
53.886	0.031	ripple_TLL7-8	100	107772
53.8955	0.0635	ripple_TBPL1-2	71	107791
53.9	0.036	ripple_TLL27-28	91	107800
53.9405	0.051	ripple_TLL5-6	98	107881
53.9405	0.051	fr_TLL5-6	31	107881
53.9405	0.051	frandr_TLL5-6	64	107881
53.9405	0.075	ripple_TLL6-7	99	107881
53.9595	0.044	ripple_TLL29-30	93	107919
53.964	0.0795	ripple_TLL31-32	96	107928
53.965	0.217	ripple_TLL20-21	85	107930
54.0035	0.127	ripple_TLL1-2	74	108007
54.006	0.223	ripple_TBPL2-3	72	108012
54.017	0.046	ripple_TLL4-5	97	108034
54.058	0.0315	ripple_TLL26-27	90	108116
54.086	0.04	ripple_TLL17-18	81	108172
54.087	0.0975	ripple_TBPL1-2	71	108174
54.0935	0.1105	ripple_TLL7-8	100	108187
54.1315	0.0675	ripple_TLL14-15	79	108263
54.14	0.237	ripple_TLL19-20	83	108280
54.169	0.0115	fr_TBAL2-3	2	108338
54.1785	0.109	ripple_TLL31-32	96	108357
54.181	0.042	ripple_TLL29-30	93	108362
54.21	0.0395	ripple_TLL10-11	75	108420
54.224	0.096	ripple_TLL20-21	85	108448
54.229	0.0155	fr_TLL1-2	7	108458
54.2435	0.044	ripple_TLL30-31	95	108487
54.2455	0.1335	ripple_TLL2-3	84	108491
54.2465	0.039	ripple_TLL29-30	93	108493
54.277	0.012	fr_TLL21-22	19	108554
54.2855	0.0545	ripple_TLL18-19	82	108571
54.286	0.031	ripple_TBPL1-2	71	108572
54.298	0.1105	ripple_TLL1-2	74	108596
54.302	0.065	ripple_TLL15-16	80	108604
54.3155	0.0415	ripple_TLL14-15	79	108631
54.323	0.1115	ripple_TBPL2-3	72	108646
54.3255	0.0945	ripple_TLL21-22	86	108651
54.3415	0.0385	fr_TBAL3-4	3	108683
54.3455	0.0485	ripple_TLL27-28	91	108691
54.3485	0.074	ripple_TLL31-32	96	108697
54.3765	0.045	ripple_TLL6-7	99	108753
54.378	0.1295	ripple_TLL28-29	92	108756
54.3785	0.1515	ripple_TBPL1-2	71	108757
54.38	0.0635	ripple_TLL20-21	85	108760
54.3825	0.0385	ripple_TLL7-8	100	108765
54.391	0.0455	ripple_TLL18-19	82	108782
54.3975	0.0585	ripple_TLL9-10	101	108795
54.4065	0.067	ripple_TLL26-27	90	108813
54.411	0.2215	ripple_TLL22-23	87	108822
54.4205	0.052	ripple_TLL27-28	91	108841
54.4225	0.0475	ripple_TLL2-3	84	108845
54.426	0.038	fr_TBAL3-4	3	108852
54.4265	0.1055	ripple_TLL30-31	95	108853
54.4355	0.0445	ripple_TLL1-2	74	108871
54.451	0.1525	ripple_TLL23-24	88	108902
54.4765	0.0665	ripple_TLL19-20	83	108953
54.4795	0.1255	ripple_TLL18-19	82	108959
54.509	0.0295	fr_TBAL3-4	3	109018
54.509	0.1735	ripple_TLL7-8	100	109018
54.5385	0.0475	ripple_TLL21-22	86	109077
54.5395	0.0795	ripple_TLL1-2	74	109079
54.5625	0.146	ripple_TLL31-32	96	109125
54.574	0.02	fr_TBAL3-4	3	109148
54.5785	0.0395	ripple_TLL13-14	78	109157
54.595	0.0365	ripple_TLL12-13	77	109190
54.597	0.0955	ripple_TLL15-16	80	109194
54.61	0.1265	ripple_TBPL2-3	72	109220
54.613	0.099	ripple_TLL19-20	83	109226
54.622	0.0375	ripple_TLL11-12	76	109244
54.6305	0.069	ripple_TBPL1-2	71	109261
54.637	0.168	ripple_TLL23-24	88	109274
54.645	0.051	ripple_TLL17-18	81	109290
54.656	0.1035	ripple_TLL22-23	87	109312
54.6565	0.036	ripple_TLL18-19	82	109313
54.6625	0.032	ripple_TLL26-27	90	109325
54.6665	0.0355	ripple_TLL12-13	77	109333
54.677	0.0365	ripple_TLL4-5	97	109354
54.6775	0.04	ripple_TLL3-4	94	109355
54.69	0.113	ripple_TLL20-21	85	109380
54.7055	0.0525	ripple_TLL14-15	79	109411
54.7055	0.06	ripple_TLL1-2	74	109411
54.737	0.139	ripple_TLL19-20	83	109474
54.7385	0.0115	fr_TBAL3-4	3	109477
54.761	0.0485	ripple_TLL4-5	97	109522
54.786	0.0265	ripple_TLL31-32	96	109572
54.7895	0.105	ripple_TLL1-2	74	109579
54.79	0.0845	ripple_TLL30-31	95	109580
54.7915	0.146	ripple_TLL29-30	93	109583
54.8055	0.057	ripple_TLL28-29	92	109611
54.8265	0.012	fr_TLL27-28	24	109653
54.83	0.045	ripple_TLL2-3	84	109660
54.8375	0.185	ripple_TLL20-21	85	109675
54.8485	0.1795	ripple_TBPL2-3	72	109697
54.8905	0.073	ripple_TLL22-23	87	109781
54.891	0.0385	ripple_TLL23-24	88	109782
54.893	0.0835	ripple_TBPL1-2	71	109786
54.903	0.033	ripple_TLL30-31	95	109806
54.917	0.0605	ripple_TLL6-7	99	109834
54.927	0.039	ripple_TLL31-32	96	109854
54.972	0.0655	ripple_TLL19-20	83	109944
54.9795	0.06	ripple_TLL28-29	92	109959
54.984	0.055	ripple_TLL27-28	91	109968
54.992	0.0485	ripple_TLL26-27	90	109984
54.9945	0.033	ripple_TLL31-32	96	109989
54.999	0.1515	ripple_TLL22-23	87	109998
54.9995	0.0435	ripple_TLL2-3	84	109999
55.001	0.1035	ripple_TLL30-31	95	110002
55.0045	0.166	ripple_TLL23-24	88	110009
55.02	0.118	ripple_TLL29-30	93	110040
55.0425	0.0465	ripple_TLL7-8	100	110085
55.0565	0.0575	ripple_TBPL2-3	72	110113
55.0585	0.114	ripple_TBPL1-2	71	110117
55.06	0.04	ripple_TLL27-28	91	110120
55.0645	0.044	ripple_TLL28-29	92	110129
55.07	0.067	ripple_TLL20-21	85	110140
55.0705	0.0325	ripple_TLL15-16	80	110141
55.0705	0.09	ripple_TLL31-32	96	110141
55.0765	0.014	fr_TLL4-5	30	110153
55.091	0.045	ripple_TLL19-20	83	110182
55.102	0.054	ripple_TLL18-19	82	110204
55.1085	0.043	ripple_TLL1-2	74	110217
55.1095	0.0805	ripple_TLL2-3	84	110219
55.1225	0.0455	ripple_TLL14-15	79	110245
55.1525	0.1065	ripple_TLL15-16	80	110305
55.168	0.0155	fr_TBAL2-3	2	110336
55.169	0.1295	ripple_TLL29-30	93	110338
55.1805	0.0285	ripple_TLL4-5	97	110361
55.187	0.0615	ripple_TLL19-20	83	110374
55.1945	0.1335	ripple_TLL22-23	87	110389
55.195	0.084	ripple_TLL23-24	88	110390
55.1995	0.0865	ripple_TLL20-21	85	110399
55.212	0.067	ripple_TLL6-7	99	110424
55.2235	0.0655	ripple_TBPL1-2	71	110447
55.232	0.081	ripple_TLL13-14	78	110464
55.233	0.0715	ripple_TBPL2-3	72	110466
55.2575	0.142	ripple_TLL30-31	95	110515
55.259	0.039	ripple_TLL1-2	74	110518
55.2655	0.0445	ripple_TLL14-15	79	110531
55.2825	0.042	ripple_TLL2-3	84	110565
55.307	0.052	ripple_TLL20-21	85	110614
55.312	0.045	ripple_TLL4-5	97	110624
55.319	0.047	ripple_TLL21-22	86	110638
55.348	0.14	ripple_TLL29-30	93	110696
55.3485	0.0445	ripple_TLL7-8	100	110697
55.3495	0.088	ripple_TLL1-2	74	110699
55.35	0.1125	ripple_TLL31-32	96	110700
55.3505	0.042	ripple_TLL28-29	92	110701
55.363	0.03	ripple_TLL18-19	82	110726
55.3735	0.0335	ripple_TLL2-3	84	110747
55.3985	0.1555	ripple_TLL19-20	83	110797
55.412	0.0345	ripple_TLL27-28	91	110824
55.413	0.055	ripple_TLL21-22	86	110826
55.4195	0.2055	ripple_TLL30-31	95	110839
55.421	0.0685	ripple_TLL23-24	88	110842
55.4225	0.064	ripple_TLL22-23	87	110845
55.436	0.043	ripple_TLL28-29	92	110872
55.445	0.0885	ripple_TBPL1-2	71	110890
55.4585	0.0375	ripple_TLL2-3	84	110917
55.464	0.0495	ripple_TLL1-2	74	110928
55.467	0.0335	ripple_TBPL2-3	72	110934
55.4885	0.0575	ripple_TLL21-22	86	110977
55.499	0.059	ripple_TLL26-27	90	110998
55.5105	0.043	ripple_TLL31-32	96	111021
55.511	0.077	ripple_TLL28-29	92	111022
55.525	0.0555	ripple_TLL23-24	88	111050
55.5695	0.0525	ripple_TBPL2-3	72	111139
55.5735	0.1055	ripple_TLL1-2	74	111147
55.59	0.044	ripple_TLL19-20	83	111180
55.594	0.1085	ripple_TLL18-19	82	111188
55.6	0.034	ripple_TLL14-15	79	111200
55.623	0.0555	ripple_TLL7-8	100	111246
55.6425	0.0405	ripple_TLL20-21	85	111285
55.646	0.165	ripple_TLL21-22	86	111292
55.654	0.0695	ripple_TLL29-30	93	111308
55.654	0.1065	ripple_TBPL2-3	72	111308
55.655	0.0655	ripple_TLL30-31	95	111310
55.6875	0.0545	ripple_TLL15-16	80	111375
55.719	0.044	ripple_TLL11-12	76	111438
55.7225	0.0375	ripple_TLL12-13	77	111445
55.7265	0.082	ripple_TLL2-3	84	111453
55.7285	0.221	ripple_TLL20-21	85	111457
55.7325	0.0415	ripple_TLL22-23	87	111465
55.767	0.0735	ripple_TLL15-16	80	111534
55.772	0.0545	ripple_TLL30-31	95	111544
55.7835	0.0345	ripple_TLL31-32	96	111567
55.7845	0.0525	ripple_TLL9-10	101	111569
55.8095	0.0925	ripple_TLL29-30	93	111619
55.836	0.103	ripple_TLL6-7	99	111672
55.8395	0.0815	ripple_TBPL2-3	72	111679
55.85	0.0335	ripple_TLL19-20	83	111700
55.8515	0.128	ripple_TLL28-29	92	111703
55.8585	0.063	ripple_TLL18-19	82	111717
55.8645	0.065	ripple_TLL23-24	88	111729
55.873	0.051	ripple_TLL10-11	75	111746
55.879	0.1255	ripple_TLL31-32	96	111758
55.8885	0.0415	ripple_TLL15-16	80	111777
55.899	0.0885	ripple_TBPL1-2	71	111798
55.9	0.049	ripple_TLL9-10	101	111800
55.9195	0.203	ripple_TLL2-3	84	111839
55.926	0.039	ripple_TLL30-31	95	111852
55.936	0.0475	ripple_TLL27-28	91	111872
55.953	0.043	ripple_TLL29-30	93	111906
55.9565	0.038	ripple_TLL26-27	90	111913
55.9635	0.1445	ripple_TBPL2-3	72	111927
55.9645	0.0835	ripple_TLL23-24	88	111929
55.9695	0.074	ripple_TLL4-5	97	111939
55.9705	0.048	ripple_TLL19-20	83	111941
55.974	0.0715	ripple_TLL6-7	99	111948
55.9785	0.2295	ripple_TLL20-21	85	111957
56.0095	0.0535	ripple_TBPL1-2	71	112019
56.0185	0.032	ripple_TLL1-2	74	112037
56.0385	0.0365	ripple_TLL19-20	83	112077
56.0805	0.05	ripple_TLL30-31	95	112161
56.089	0.0375	ripple_TLL29-30	93	112178
56.099	0.045	ripple_TLL13-14	78	112198
56.111	0.094	ripple_TLL19-20	83	112222
56.1145	0.045	ripple_TLL5-6	98	112229
56.119	0.076	ripple_TBPL3-4	73	112238
56.123	0.04	ripple_TLL31-32	96	112246
56.138	0.195	ripple_TLL28-29	92	112276
56.142	0.0315	ripple_TLL21-22	86	112284
56.149	0.0785	ripple_TLL7-8	100	112298
56.1605	0.1125	ripple_TLL14-15	79	112321
56.1845	0.055	ripple_TLL31-32	96	112369
56.186	0.0605	ripple_TLL6-7	99	112372
56.2135	0.037	ripple_TLL5-6	98	112427
56.2255	0.0795	ripple_TLL2-3	84	112451
56.2405	0.0435	ripple_TLL23-24	88	112481
56.2405	0.046	ripple_TLL22-23	87	112481
56.242	0.0885	ripple_TLL29-30	93	112484
56.248	0.0605	ripple_TLL1-2	74	112496
56.2745	0.046	ripple_TLL30-31	95	112549
56.2755	0.058	ripple_TLL31-32	96	112551
56.2815	0.122	ripple_TLL15-16	80	112563
56.3175	0.0955	ripple_TBPL2-3	72	112635
56.3235	0.2955	ripple_TLL23-24	88	112647
56.3365	0.0335	ripple_TLL11-12	76	112673
56.3365	0.0685	ripple_TLL14-15	79	112673
56.3425	0.0405	ripple_TLL27-28	91	112685
56.346	0.073	ripple_TLL30-31	95	112692
56.3615	0.071	ripple_TBPL1-2	71	112723
56.386	0.04	ripple_TLL25-26	89	112772
56.41	0.0305	ripple_TLL31-32	96	112820
56.417	0.064	ripple_TLL20-21	85	112834
56.4275	0.0495	ripple_TLL22-23	87	112855
56.4325	0.068	ripple_TLL19-20	83	112865
56.437	0.052	ripple_TBPL2-3	72	112874
56.476	0.068	ripple_TLL7-8	100	112952
56.479	0.0635	ripple_TLL31-32	96	112958
56.4805	0.037	ripple_TLL1-2	74	112961
56.484	0.031	ripple_TLL14-15	79	112968
56.4965	0.061	ripple_TLL21-22	86	112993
56.4975	0.022	fr_TBAL2-3	2	112995
56.499	0.143	ripple_TLL30-31	95	112998
56.505	0.036	ripple_TLL28-29	92	113010
56.5095	0.2285	ripple_TLL29-30	93	113019
56.541	0.054	ripple_TLL27-28	91	113082
56.5485	0.0385	ripple_TLL1-2	74	113097
56.5645	0.2635	ripple_TBPL1-2	71	113129
56.5705	0.049	ripple_TLL22-23	87	113141
56.573	0.06	ripple_TLL3-4	94	113146
56.5935	0.032	ripple_TLL18-19	82	113187
56.602	0.0305	ripple_TLL20-21	85	113204
56.635	0.078	ripple_TLL28-29	92	113270
56.6385	0.0815	ripple_TLL27-28	91	113277
56.6485	0.1445	ripple_TLL19-20	83	113297
56.6585	0.057	ripple_TLL21-22	86	113317
56.665	0.077	ripple_TLL23-24	88	113330
56.669	0.0705	ripple_TLL18-19	82	113338
56.6705	0.0645	ripple_TLL30-31	95	113341
56.705	0.0925	ripple_TLL1-2	74	113410
56.7155	0.0455	ripple_TLL6-7	99	113431
56.7295	0.1	ripple_TLL15-16	80	113459
56.73	0.0405	ripple_TLL5-6	98	113460
56.741	0.0375	ripple_TLL27-28	91	113482
56.7415	0.032	ripple_TLL31-32	96	113483
56.7465	0.046	ripple_TLL11-12	76	113493
56.755	0.026	ripple_TLL30-31	95	113510
56.777	0.052	ripple_TLL14-15	79	113554
56.8	0.051	ripple_TLL31-32	96	113600
56.8065	0.048	ripple_TLL29-30	93	113613
56.809	0.0335	ripple_TLL22-23	87	113618
56.8095	0.0375	ripple_TLL23-24	88	113619
56.85	0.0655	ripple_TLL19-20	83	113700
56.869	0.2515	ripple_TBPL2-3	72	113738
56.8745	0.1345	ripple_TBPL1-2	71	113749
56.8765	0.039	ripple_TLL20-21	85	113753
56.8775	0.0305	ripple_TLL31-32	96	113755
56.88	0.0605	ripple_TLL23-24	88	113760
56.8865	0.0465	ripple_TLL18-19	82	113773
56.903	0.1905	ripple_TLL2-3	84	113806
56.908	0.0615	ripple_TLL30-31	95	113816
56.915	0.0525	ripple_TLL9-10	101	113830
56.9255	0.041	ripple_TLL21-22	86	113851
56.9315	0.16	ripple_TLL29-30	93	113863
56.9485	0.055	ripple_TLL10-11	75	113897
56.9495	0.0365	ripple_TLL31-32	96	113899
56.96	0.0535	ripple_TLL6-7	99	113920
56.9765	0.1085	ripple_TLL19-20	83	113953
56.9855	0.0985	ripple_TLL18-19	82	113971
56.9905	0.0355	ripple_TLL28-29	92	113981
57.011	0.065	ripple_TLL17-18	81	114022
57.0175	0.046	ripple_TLL20-21	85	114035
57.0305	0.0415	ripple_TLL14-15	79	114061
57.0345	0.04	ripple_TLL21-22	86	114069
57.0465	0.045	ripple_TLL7-8	100	114093
57.0725	0.081	ripple_TLL23-24	88	114145
57.0945	0.034	ripple_TLL28-29	92	114189
57.0965	0.1525	ripple_TLL21-22	86	114193
57.1005	0.0455	ripple_TLL30-31	95	114201
57.102	0.032	ripple_TLL13-14	78	114204
57.1095	0.091	ripple_TLL18-19	82	114219
57.1105	0.0445	ripple_TLL27-28	91	114221
57.1105	0.0615	ripple_TLL19-20	83	114221
57.1205	0.1505	ripple_TBPL1-2	71	114241
57.1435	0.1575	ripple_TLL20-21	85	114287
57.1545	0.055	ripple_TLL9-10	101	114309
57.158	0.0575	ripple_TBPL2-3	72	114316
57.1675	0.062	ripple_TLL28-29	92	114335
57.168	0.095	ripple_TLL26-27	90	114336
57.1845	0.323	ripple_TLL6-7	99	114369
57.224	0.0835	ripple_TLL23-24	88	114448
57.227	0.0335	ripple_TLL31-32	96	114454
57.2295	0.0355	ripple_TLL2-3	84	114459
57.234	0.033	ripple_TLL19-20	83	114468
57.237	0.2315	ripple_TLL27-28	91	114474
57.26	0.152	ripple_TLL30-31	95	114520
57.2615	0.0885	ripple_TLL7-8	100	114523
57.279	0.062	ripple_TBPL2-3	72	114558
57.2875	0.0425	ripple_TLL29-30	93	114575
57.315	0.0445	ripple_TLL26-27	90	114630
57.3235	0.0885	ripple_TLL18-19	82	114647
57.334	0.058	ripple_TLL2-3	84	114668
57.3365	0.0725	ripple_TLL15-16	80	114673
57.337	0.054	ripple_TLL19-20	83	114674
57.3385	0.0725	ripple_TLL14-15	79	114677
57.342	0.037	ripple_TLL23-24	88	114684
57.3545	0.053	ripple_TLL1-2	74	114709
57.3615	0.05	ripple_TBPL2-3	72	114723
57.364	0.063	ripple_TLL20-21	85	114728
57.3745	0.0485	ripple_TLL11-12	76	114749
57.3775	0.0525	ripple_TLL10-11	75	114755
57.381	0.031	ripple_TLL21-22	86	114762
57.418	0.054	ripple_TLL23-24	88	114836
57.42	0.053	ripple_TLL22-23	87	114840
57.423	0.064	ripple_TLL4-5	97	114846
57.4275	0.0465	ripple_TLL28-29	92	114855
57.452	0.023	ripple_TBPL1-2	71	114904
57.475	0.106	ripple_TLL20-21	85	114950
57.4765	0.1425	ripple_TLL19-20	83	114953
57.4815	0.044	ripple_TLL14-15	79	114963
57.49	0.2135	ripple_TLL1-2	74	114980
57.5195	0.081	ripple_TLL22-23	87	115039
57.5295	0.0465	ripple_TLL21-22	86	115059
57.532	0.039	ripple_TBPL1-2	71	115064
57.5335	0.1245	ripple_TLL30-31	95	115067
57.539	0.04	ripple_TLL10-11	75	115078
57.548	0.0855	ripple_TLL7-8	100	115096
57.549	0.0715	ripple_TLL6-7	99	115098
57.5515	0.051	ripple_TLL2-3	84	115103
57.552	0.0475	ripple_TLL23-24	88	115104
57.56	0.0495	ripple_TLL15-16	80	115120
57.579	0.1	ripple_TLL29-30	93	115158
57.627	0.382	ripple_TBPL2-3	72	115254
57.6515	0.04	ripple_TLL21-22	86	115303
57.661	0.0325	ripple_TLL31-32	96	115322
57.6645	0.069	ripple_TLL14-15	79	115329
57.6665	0.0865	ripple_TLL15-16	80	115333
57.668	0.0635	ripple_TLL7-8	100	115336
57.6695	0.071	ripple_TLL6-7	99	115339
57.6855	0.0535	ripple_TLL11-12	76	115371
57.7105	0.2225	ripple_TBPL1-2	71	115421
57.726	0.072	ripple_TLL19-20	83	115452
57.727	0.114	ripple_TLL20-21	85	115454
57.7275	0.054	ripple_TLL13-14	78	115455
57.739	0.05	ripple_TLL1-2	74	115478
57.755	0.0105	fr_TLL14-15	12	115510
57.768	0.0585	ripple_TLL18-19	82	115536
57.8035	0.062	ripple_TLL4-5	97	115607
57.811	0.117	ripple_TLL22-23	87	115622
57.813	0.3645	ripple_TLL23-24	88	115626
57.8315	0.0405	ripple_TLL31-32	96	115663
57.863	0.0625	ripple_TLL29-30	93	115726
57.882	0.0395	ripple_TLL21-22	86	115764
57.884	0.05	ripple_TLL19-20	83	115768
57.902	0.076	ripple_TLL30-31	95	115804
57.9125	0.044	ripple_TLL27-28	91	115825
57.947	0.128	ripple_TLL2-3	84	115894
57.9475	0.113	ripple_TLL1-2	74	115895
57.955	0.0285	ripple_TLL9-10	101	115910
57.962	0.098	ripple_TLL29-30	93	115924
57.973	0.0985	ripple_TLL28-29	92	115946
57.9775	0.1725	ripple_TLL22-23	87	115955
57.9955	0.1175	ripple_TLL21-22	86	115991
57.9995	0.2785	ripple_TLL31-32	96	115999
58.033	0.08	ripple_TBPL2-3	72	116066
58.042	0.1045	ripple_TLL18-19	82	116084
58.0545	0.0555	ripple_TLL19-20	83	116109
58.0675	0.1675	ripple_TLL7-8	100	116135
58.081	0.0545	ripple_TLL15-16	80	116162
58.0845	0.048	ripple_TLL14-15	79	116169
58.0995	0.054	ripple_TLL27-28	91	116199
58.0995	0.078	ripple_TLL26-27	90	116199
58.125	0.062	ripple_TLL6-7	99	116250
58.152	0.0365	ripple_TLL30-31	95	116304
58.1595	0.0475	ripple_TLL5-6	98	116319
58.1655	0.129	ripple_TLL19-20	83	116331
58.174	0.052	ripple_TLL15-16	80	116348
58.193	0.089	ripple_TLL1-2	74	116386
58.2025	0.038	ripple_TBPL2-3	72	116405
58.215	0.155	ripple_TLL18-19	82	116430
58.2195	0.0335	ripple_TLL29-30	93	116439
58.2315	0.099	ripple_TLL28-29	92	116463
58.2425	0.053	ripple_TLL6-7	99	116485
58.248	0.1205	ripple_TLL30-31	95	116496
58.2555	0.0495	ripple_TLL7-8	100	116511
58.2615	0.0685	ripple_TLL20-21	85	116523
58.2815	0.0445	ripple_TLL3-4	94	116563
58.319	0.0545	ripple_TLL19-20	83	116638
58.322	0.1105	ripple_TLL21-22	86	116644
58.3245	0.215	ripple_TLL29-30	93	116649
58.3585	0.1075	ripple_TLL1-2	74	116717
58.37	0.031	ripple_TLL2-3	84	116740
58.371	0.059	ripple_TLL26-27	90	116742
58.3775	0.0575	ripple_TLL31-32	96	116755
58.412	0.0995	ripple_TLL7-8	100	116824
58.4185	0.049	ripple_TBPL1-2	71	116837
58.4315	0.0845	ripple_TLL27-28	91	116863
58.432	0.137	ripple_TLL23-24	88	116864
58.4455	0.062	ripple_TLL19-20	83	116891
58.4535	0.038	ripple_TLL18-19	82	116907
58.468	0.073	ripple_TLL30-31	95	116936
58.474	0.07	ripple_TBPL2-3	72	116948
58.4845	0.0435	ripple_TLL17-18	81	116969
58.4915	0.0315	ripple_TLL31-32	96	116983
58.5045	0.106	ripple_TLL1-2	74	117009
58.5185	0.042	ripple_TLL20-21	85	117037
58.5395	0.036	ripple_TBPL3-4	73	117079
58.542	0.0335	ripple_TLL2-3	84	117084
58.574	0.0645	ripple_TLL6-7	99	117148
58.5755	0.0555	ripple_TLL28-29	92	117151
58.577	0.1895	ripple_TBPL2-3	72	117154
58.5805	0.0695	ripple_TLL31-32	96	117161
58.581	0.0475	ripple_TLL29-30	93	117162
58.5925	0.122	ripple_TLL23-24	88	117185
58.596	0.046	ripple_TLL7-8	100	117192
58.6095	0.233	ripple_TLL20-21	85	117219
58.613	0.0315	ripple_TLL12-13	77	117226
58.6205	0.3255	ripple_TLL22-23	87	117241
58.6465	0.04	ripple_TLL9-10	101	117293
58.648	0.1635	ripple_TLL15-16	80	117296
58.6495	0.047	ripple_TLL29-30	93	117299
58.6515	0.138	ripple_TLL1-2	74	117303
58.667	0.2015	ripple_TLL6-7	99	117334
58.6825	0.043	ripple_TLL3-4	94	117365
58.6985	0.0605	ripple_TLL7-8	100	117397
58.7155	0.1915	ripple_TLL19-20	83	117431
58.731	0.125	ripple_TLL14-15	79	117462
58.732	0.0575	ripple_TLL21-22	86	117464
58.741	0.0425	ripple_TLL4-5	97	117482
58.7605	0.066	ripple_TBPL3-4	73	117521
58.7695	0.032	ripple_TLL17-18	81	117539
58.7705	0.076	ripple_TLL26-27	90	117541
58.7715	0.066	ripple_TLL27-28	91	117543
58.7715	0.115	ripple_TLL31-32	96	117543
58.8	0.0555	ripple_TBPL2-3	72	117600
58.803	0.043	ripple_TBPL1-2	71	117606
58.8255	0.0375	ripple_TBAL2-3	69	117651
58.827	0.045	ripple_TLL5-6	98	117654
58.8525	0.3905	ripple_TLL30-31	95	117705
58.853	0.113	ripple_TLL29-30	93	117706
58.8565	0.0415	ripple_TLL28-29	92	117713
58.864	0.075	ripple_TLL4-5	97	117728
58.868	0.0325	ripple_TLL13-14	78	117736
58.898	0.0355	ripple_TLL3-4	94	117796
58.9215	0.074	ripple_TLL31-32	96	117843
58.9285	0.204	ripple_TLL20-21	85	117857
58.9305	0.2995	ripple_TBPL2-3	72	117861
58.9325	0.045	ripple_TLL28-29	92	117865
58.9415	0.0745	ripple_TLL26-27	90	117883
58.9795	0.04	ripple_TLL15-16	80	117959
58.98	0.0465	ripple_TLL1-2	74	117960
58.9875	0.0425	ripple_TLL23-24	88	117975
58.9875	0.049	ripple_TLL22-23	87	117975
58.9935	0.0555	ripple_TLL21-22	86	117987
59.036	0.0325	ripple_TLL29-30	93	118072
59.057	0.057	ripple_TLL19-20	83	118114
59.0615	0.1505	ripple_TLL6-7	99	118123
59.087	0.0675	ripple_TLL28-29	92	118174
59.088	0.1085	ripple_TLL23-24	88	118176
59.091	0.0595	ripple_TLL5-6	98	118182
59.101	0.1105	ripple_TLL2-3	84	118202
59.1035	0.158	ripple_TLL1-2	74	118207
59.104	0.037	ripple_TLL21-22	86	118208
59.1215	0.046	ripple_TLL18-19	82	118243
59.1615	0.176	ripple_TLL27-28	91	118323
59.1825	0.0355	ripple_TLL4-5	97	118365
59.189	0.0945	ripple_TLL31-32	96	118378
59.2035	0.156	ripple_TLL29-30	93	118407
59.2055	0.1845	ripple_TLL20-21	85	118411
59.2065	0.053	ripple_TLL15-16	80	118413
59.208	0.1505	ripple_TLL19-20	83	118416
59.2395	0.1265	ripple_TBPL1-2	71	118479
59.24	0.0345	ripple_TLL18-19	82	118480
59.2865	0.042	ripple_TLL7-8	100	118573
59.2885	0.039	ripple_TLL5-6	98	118577
59.3165	0.042	ripple_TBPL2-3	72	118633
59.317	0.057	ripple_TLL31-32	96	118634
59.319	0.032	ripple_TLL30-31	95	118638
59.3265	0.1035	ripple_TLL23-24	88	118653
59.3425	0.042	ripple_TLL15-16	80	118685
59.374	0.0145	fr_TLL3-4	27	118748
59.376	0.0495	ripple_TLL7-8	100	118752
59.3945	0.067	ripple_TBPL2-3	72	118789
59.3965	0.037	ripple_TLL6-7	99	118793
59.397	0.0385	ripple_TLL29-30	93	118794
59.402	0.091	ripple_TLL30-31	95	118804
59.411	0.056	ripple_TLL19-20	83	118822
59.428	0.0955	ripple_TLL3-4	94	118856
59.4345	0.0105	fr_TLL17-18	14	118869
59.4375	0.045	ripple_TLL15-16	80	118875
59.4505	0.06	ripple_TLL10-11	75	118901
59.4505	0.0745	ripple_TLL7-8	100	118901
59.494	0.113	ripple_TBPL2-3	72	118988
59.5185	0.1145	ripple_TLL14-15	79	119037
59.529	0.1985	ripple_TLL29-30	93	119058
59.5405	0.044	ripple_TLL20-21	85	119081
59.548	0.1145	ripple_TLL23-24	88	119096
59.55	0.042	ripple_TLL28-29	92	119100
59.5545	0.041	ripple_TLL5-6	98	119109
59.5615	0.037	ripple_TLL7-8	100	119123
59.567	0.2445	ripple_TLL31-32	96	119134
59.585	0.0375	ripple_TLL19-20	83	119170
59.5865	0.0605	ripple_TLL18-19	82	119173
59.5885	0.041	ripple_TBPL3-4	73	119177
59.607	0.057	ripple_TLL1-2	74	119214
59.6405	0.147	ripple_TLL2-3	84	119281
59.645	0.011	fr_TBPL1-2	4	119290
59.6475	0.0595	ripple_TBPL2-3	72	119295
59.66	0.162	ripple_TLL21-22	86	119320
59.6605	0.046	ripple_TLL26-27	90	119321
59.676	0.036	ripple_TLL22-23	87	119352
59.6785	0.045	ripple_TLL28-29	92	119357
59.6845	0.171	ripple_TLL1-2	74	119369
59.6985	0.0115	fr_TLL5-6	31	119397
59.7005	0.052	ripple_TLL19-20	83	119401
59.7045	0.028	ripple_TLL3-4	94	119409
59.7095	0.0305	ripple_TLL20-21	85	119419
59.713	0.0795	ripple_TLL17-18	81	119426
59.7365	0.1135	ripple_TBPL2-3	72	119473
59.75	0.0815	ripple_TBPL1-2	71	119500
59.7585	0.0515	ripple_TLL27-28	91	119517
59.79	0.065	ripple_TLL14-15	79	119580
59.793	0.1815	ripple_TLL19-20	83	119586
59.8	0.124	ripple_TLL30-31	95	119600
59.809	0.05	ripple_TLL29-30	93	119618
59.8225	0.04	ripple_TLL15-16	80	119645
59.8375	0.039	ripple_TLL27-28	91	119675
59.8405	0.053	ripple_TLL26-27	90	119681
59.8525	0.106	ripple_TBPL1-2	71	119705
59.858	0.0975	ripple_TLL20-21	85	119716
59.878	0.042	ripple_TLL11-12	76	119756
59.89	0.058	ripple_TLL21-22	86	119780
59.898	0.0955	ripple_TLL31-32	96	119796
59.8985	0.14	ripple_TLL1-2	74	119797
59.9025	0.0245	ripple_TLL6-7	99	119805
59.906	0.0405	ripple_TLL29-30	93	119812
59.926	0.0505	ripple_TLL14-15	79	119852
59.944	0.035	ripple_TLL3-4	94	119888
59.9505	0.0245	ripple_TLL13-14	78	119901
59.9675	0.0425	ripple_TLL10-11	75	119935
59.969	0.0615	ripple_TLL22-23	87	119938
59.9745	0.159	ripple_TLL7-8	100	119949
59.975	0.0565	ripple_TLL23-24	88	119950
59.988	0.0465	ripple_TLL4-5	97	119976
60.0105	0.057	ripple_TLL21-22	86	120021
60.012	0.032	ripple_TLL20-21	85	120024
60.0415	0.058	ripple_TBPL1-2	71	120083
60.0465	0.0465	ripple_TLL15-16	80	120093
60.047	0.077	ripple_TLL14-15	79	120094
60.05	0.05	ripple_TLL29-30	93	120100
60.0605	0.0615	ripple_TLL2-3	84	120121
60.061	0.0555	ripple_TLL19-20	83	120122
60.061	0.2	ripple_TLL6-7	99	120122
60.0625	0.163	ripple_TLL31-32	96	120125
60.0835	0.04	ripple_TLL3-4	94	120167
60.087	0.0325	ripple_TLL18-19	82	120174
60.1005	0.2315	ripple_TLL1-2	74	120201
60.111	0.077	ripple_TLL21-22	86	120222
60.129	0.035	ripple_TLL5-6	98	120258
60.137	0.037	ripple_TLL30-31	95	120274
60.1395	0.0435	ripple_TLL19-20	83	120279
60.1415	0.046	ripple_TLL13-14	78	120283
60.1575	0.102	ripple_TLL29-30	93	120315
60.163	0.041	ripple_TLL7-8	100	120326
60.1865	0.082	ripple_TLL23-24	88	120373
60.1955	0.08	ripple_TLL30-31	95	120391
60.1955	0.1245	ripple_TBPL1-2	71	120391
60.2015	0.244	ripple_TLL15-16	80	120403
60.2065	0.055	ripple_TLL11-12	76	120413
60.2295	0.0575	ripple_TLL21-22	86	120459
60.232	0.077	ripple_TBPL2-3	72	120464
60.2355	0.1985	ripple_TLL20-21	85	120471
60.2465	0.1455	ripple_TLL31-32	96	120493
60.291	0.118	ripple_TLL22-23	87	120582
60.309	0.097	ripple_TLL23-24	88	120618
60.3115	0.0815	ripple_TLL28-29	92	120623
60.3155	0.0545	ripple_TLL5-6	98	120631
60.372	0.096	ripple_TLL21-22	86	120744
60.3735	0.054	ripple_TBPL1-2	71	120747
60.3815	0.167	ripple_TLL14-15	79	120763
60.4165	0.065	ripple_TLL31-32	96	120833
60.4485	0.058	ripple_TLL22-23	87	120897
60.4685	0.061	ripple_TLL28-29	92	120937
60.472	0.0765	ripple_TLL23-24	88	120944
60.5015	0.0775	ripple_TLL21-22	86	121003
60.513	0.0235	ripple_TLL31-32	96	121026
60.528	0.04	ripple_TLL30-31	95	121056
60.538	0.129	ripple_TLL29-30	93	121076
60.5675	0.097	ripple_TLL19-20	83	121135
60.57	0.0445	ripple_TLL7-8	100	121140
60.5865	0.048	ripple_TLL11-12	76	121173
60.5895	0.076	ripple_TLL30-31	95	121179
60.5995	0.0605	ripple_TLL20-21	85	121199
60.6035	0.0985	ripple_TLL18-19	82	121207
60.6195	0.077	ripple_TLL2-3	84	121239
60.62	0.0935	ripple_TLL31-32	96	121240
60.649	0.039	ripple_TLL14-15	79	121298
60.652	0.0375	ripple_TLL15-16	80	121304
60.6615	0.0385	ripple_TLL1-2	74	121323
60.6695	0.058	ripple_TBPL2-3	72	121339
60.6865	0.043	ripple_TBPL3-4	73	121373
60.6885	0.242	ripple_TBPL1-2	71	121377
60.693	0.028	ripple_TLL29-30	93	121386
60.707	0.0435	ripple_TLL10-11	75	121414
60.712	0.085	ripple_TLL20-21	85	121424
60.725	0.022	fr_TLL30-31	28	121450
60.7305	0.0435	ripple_TLL7-8	100	121461
60.746	0.1095	ripple_TLL14-15	79	121492
60.7485	0.048	ripple_TLL1-2	74	121497
60.7495	0.204	ripple_TLL30-31	95	121499
60.7535	0.041	ripple_TLL11-12	76	121507
60.7545	0.167	ripple_TBPL2-3	72	121509
60.7565	0.216	ripple_TLL29-30	93	121513
60.766	0.113	ripple_TLL18-19	82	121532
60.7785	0.1445	ripple_TLL19-20	83	121557
60.795	0.0365	ripple_TLL6-7	99	121590
60.7975	0.043	ripple_TLL31-32	96	121595
60.801	0.0395	ripple_TLL21-22	86	121602
60.8045	0.0825	ripple_TLL23-24	88	121609
60.8165	0.061	ripple_TLL22-23	87	121633
60.8295	0.041	ripple_TLL5-6	98	121659
60.833	0.04	ripple_TLL28-29	92	121666
60.8395	0.249	ripple_TLL20-21	85	121679
60.8445	0.045	ripple_TLL1-2	74	121689
60.862	0.0505	ripple_TLL2-3	84	121724
60.894	0.079	ripple_TLL31-32	96	121788
60.8995	0.053	ripple_TLL21-22	86	121799
60.909	0.181	ripple_TLL28-29	92	121818
60.9205	0.125	ripple_TLL15-16	80	121841
60.923	0.0615	ripple_TLL22-23	87	121846
60.937	0.0365	ripple_TLL14-15	79	121874
61.0165	0.0395	ripple_TLL4-5	97	122033
61.0225	0.0895	ripple_TLL21-22	86	122045
61.0245	0.0945	ripple_TLL23-24	88	122049
61.0455	0.1485	ripple_TLL19-20	83	122091
61.0525	0.1515	ripple_TLL29-30	93	122105
61.0625	0.042	ripple_TLL5-6	98	122125
61.068	0.0375	ripple_TLL7-8	100	122136
61.0835	0.065	ripple_TBPL2-3	72	122167
61.093	0.0435	ripple_TLL30-31	95	122186
61.098	0.0625	ripple_TLL26-27	90	122196
61.1005	0.0545	ripple_TLL27-28	91	122201
61.1015	0.082	ripple_TLL18-19	82	122203
61.115	0.044	ripple_TLL20-21	85	122230
61.142	0.0615	ripple_TLL14-15	79	122284
61.149	0.055	ripple_TLL13-14	78	122298
61.155	0.082	ripple_TLL7-8	100	122310
61.1745	0.045	ripple_TLL31-32	96	122349
61.1755	0.045	ripple_TBPL2-3	72	122351
61.193	0.063	ripple_TLL10-11	75	122386
61.1995	0.156	ripple_TLL21-22	86	122399
61.204	0.051	ripple_TLL27-28	91	122408
61.209	0.119	ripple_TLL20-21	85	122418
61.212	0.047	ripple_TLL28-29	92	122424
61.2475	0.0625	ripple_TLL31-32	96	122495
61.2515	0.1305	ripple_TLL1-2	74	122503
61.2675	0.0805	ripple_TLL15-16	80	122535
61.2745	0.0635	ripple_TLL14-15	79	122549
61.2745	0.2085	ripple_TLL22-23	87	122549
61.2775	0.0495	ripple_TLL6-7	99	122555
61.282	0.1545	ripple_TLL7-8	100	122564
61.2835	0.1235	ripple_TLL28-29	92	122567
61.2855	0.1905	ripple_TLL23-24	88	122571
61.286	0.078	ripple_TLL29-30	93	122572
61.293	0.146	ripple_TLL19-20	83	122586
61.3015	0.071	ripple_TBPL2-3	72	122603
61.3095	0.0345	ripple_TLL2-3	84	122619
61.337	0.0495	ripple_TLL5-6	98	122674
61.341	0.05	ripple_TLL3-4	94	122682
61.3415	0.0425	ripple_TLL30-31	95	122683
61.354	0.093	ripple_TLL6-7	99	122708
61.361	0.1325	ripple_TLL20-21	85	122722
61.366	0.0125	fr_TLL26-27	23	122732
61.394	0.181	ripple_TBPL2-3	72	122788
61.3955	0.1005	ripple_TLL21-22	86	122791
61.444	0.05	ripple_TLL26-27	90	122888
61.511	0.0865	ripple_TLL11-12	76	123022
61.516	0.1285	ripple_TLL30-31	95	123032
61.53	0.0405	ripple_TLL9-10	101	123060
61.5385	0.037	ripple_TLL20-21	85	123077
61.5405	0.1325	ripple_TLL1-2	74	123081
61.543	0.062	ripple_TLL7-8	100	123086
61.548	0.1135	ripple_TLL31-32	96	123096
61.5485	0.0375	ripple_TLL6-7	99	123097
61.5625	0.0755	ripple_TLL28-29	92	123125
61.563	0.051	ripple_TLL26-27	90	123126
61.5855	0.0625	ripple_TLL29-30	93	123171
61.6195	0.04	ripple_TLL23-24	88	123239
61.626	0.0735	ripple_TLL22-23	87	123252
61.6425	0.075	ripple_TLL15-16	80	123285
61.645	0.3205	ripple_TLL19-20	83	123290
61.658	0.048	ripple_TLL27-28	91	123316
61.658	0.073	ripple_TLL4-5	97	123316
61.682	0.0425	ripple_TLL21-22	86	123364
61.693	0.1475	ripple_TLL30-31	95	123386
61.705	0.056	ripple_TLL23-24	88	123410
61.722	0.0435	ripple_TLL6-7	99	123444
61.7295	0.04	ripple_TLL7-8	100	123459
61.7315	0.0345	ripple_TLL10-11	75	123463
61.752	0.321	ripple_TLL29-30	93	123504
61.7555	0.017	fr_TLL21-22	19	123511
61.7555	0.033	ripple_TLL27-28	91	123511
61.7635	0.075	ripple_TLL1-2	74	123527
61.7655	0.1025	ripple_TLL31-32	96	123531
61.783	0.0585	ripple_TLL15-16	80	123566
61.7885	0.0485	ripple_TBPL1-2	71	123577
61.7995	0.0385	ripple_TLL21-22	86	123599
61.8025	0.08	ripple_TLL22-23	87	123605
61.813	0.2805	ripple_TLL23-24	88	123626
61.8515	0.118	ripple_TLL28-29	92	123703
61.8575	0.0685	ripple_TBPL2-3	72	123715
61.871	0.332	ripple_TLL20-21	85	123742
61.8895	0.0415	ripple_TLL11-12	76	123779
61.893	0.131	ripple_TLL30-31	95	123786
61.9035	0.035	ripple_TBPL1-2	71	123807
61.941	0.144	ripple_TLL31-32	96	123882
61.9565	0.0455	ripple_TLL2-3	84	123913
61.971	0.0475	ripple_TLL22-23	87	123942
61.9835	0.0425	ripple_TLL4-5	97	123967
61.987	0.052	ripple_TBPL1-2	71	123974
61.989	0.038	ripple_TLL5-6	98	123978
61.99	0.046	ripple_TLL27-28	91	123980
61.99	0.0995	ripple_TLL21-22	86	123980
62.0035	0.147	ripple_TLL28-29	92	124007
62.009	0.0855	ripple_TLL14-15	79	124018
62.067	0.0865	ripple_TLL5-6	98	124134
62.085	0.044	ripple_TBPL1-2	71	124170
62.086	0.1145	ripple_TLL6-7	99	124172
62.091	0.0615	ripple_TBPL2-3	72	124182
62.1005	0.131	ripple_TLL22-23	87	124201
62.1065	0.099	ripple_TLL7-8	100	124213
62.107	0.0355	ripple_TBAL2-3	69	124214
62.1175	0.104	ripple_TLL21-22	86	124235
62.118	0.1125	ripple_TLL23-24	88	124236
62.128	0.087	ripple_TLL19-20	83	124256
62.1575	0.206	ripple_TBPL1-2	71	124315
62.187	0.077	ripple_TLL31-32	96	124374
62.2005	0.041	ripple_TLL28-29	92	124401
62.204	0.188	ripple_TLL29-30	93	124408
62.2085	0.061	ripple_TBPL2-3	72	124417
62.231	0.1155	ripple_TLL20-21	85	124462
62.247	0.0945	ripple_TLL6-7	99	124494
62.267	0.134	ripple_TLL15-16	80	124534
62.2695	0.0415	ripple_TLL7-8	100	124539
62.2775	0.072	ripple_TLL21-22	86	124555
62.295	0.085	ripple_TLL14-15	79	124590
62.3045	0.041	ripple_TLL2-3	84	124609
62.308	0.1215	ripple_TLL18-19	82	124616
62.309	0.037	ripple_TLL27-28	91	124618
62.3145	0.0585	ripple_TBPL2-3	72	124629
62.3755	0.0435	ripple_TLL30-31	95	124751
62.3795	0.0435	ripple_TLL20-21	85	124759
62.3915	0.061	ripple_TLL2-3	84	124783
62.408	0.1065	ripple_TBPL1-2	71	124816
62.4105	0.0595	ripple_TLL14-15	79	124821
62.415	0.071	ripple_TLL31-32	96	124830
62.4265	0.037	ripple_TLL27-28	91	124853
62.428	0.035	ripple_TLL29-30	93	124856
62.432	0.0725	ripple_TLL1-2	74	124864
62.46	0.0355	ripple_TLL7-8	100	124920
62.4955	0.044	ripple_TLL29-30	93	124991
62.4965	0.1205	ripple_TLL30-31	95	124993
62.4975	0.064	ripple_TLL6-7	99	124995
62.5005	0.0445	ripple_TLL3-4	94	125001
62.5285	0.0425	ripple_TLL27-28	91	125057
62.53	0.0375	ripple_TLL31-32	96	125060
62.533	0.155	ripple_TLL22-23	87	125066
62.5385	0.1815	ripple_TLL5-6	98	125077
62.5395	0.1505	ripple_TLL23-24	88	125079
62.541	0.16	ripple_TLL21-22	86	125082
62.5685	0.316	ripple_TLL29-30	93	125137
62.584	0.084	ripple_TBPL1-2	71	125168
62.5865	0.077	ripple_TLL14-15	79	125173
62.5885	0.048	ripple_TBPL2-3	72	125177
62.5905	0.075	ripple_TLL1-2	74	125181
62.597	0.148	ripple_TLL19-20	83	125194
62.6165	0.0785	ripple_TLL31-32	96	125233
62.655	0.0515	ripple_TLL26-27	90	125310
62.6705	0.0645	ripple_TLL7-8	100	125341
62.682	0.058	ripple_TLL30-31	95	125364
62.685	0.0495	ripple_TLL6-7	99	125370
62.703	0.089	ripple_TLL15-16	80	125406
62.718	0.241	ripple_TLL14-15	79	125436
62.723	0.0495	ripple_TBPL2-3	72	125446
62.7235	0.0415	ripple_TLL3-4	94	125447
62.725	0.0355	ripple_TLL4-5	97	125450
62.7265	0.1425	ripple_TLL9-10	101	125453
62.739	0.055	ripple_TLL1-2	74	125478
62.7435	0.0945	ripple_TLL22-23	87	125487
62.7505	0.112	ripple_TLL31-32	96	125501
62.7555	0.085	ripple_TLL18-19	82	125511
62.782	0.0685	ripple_TLL5-6	98	125564
62.7895	0.0965	ripple_TLL6-7	99	125579
62.7965	0.091	ripple_TLL21-22	86	125593
62.797	0.077	ripple_TLL23-24	88	125594
62.8	0.039	ripple_TLL30-31	95	125600
62.804	0.0595	ripple_TLL7-8	100	125608
62.82	0.1255	ripple_TLL15-16	80	125640
62.836	0.0535	ripple_TBPL2-3	72	125672
62.8445	0.04	ripple_TLL26-27	90	125689
62.901	0.1755	ripple_TLL20-21	85	125802
62.904	0.0555	ripple_TLL1-2	74	125808
62.9125	0.1135	ripple_TLL6-7	99	125825
62.9205	0.2285	ripple_TLL30-31	95	125841
62.9235	0.437	ripple_TLL29-30	93	125847
62.931	0.04	ripple_TLL5-6	98	125862
62.964	0.154	ripple_TLL31-32	96	125928
62.9885	0.144	ripple_TBPL2-3	72	125977
62.9925	0.113	ripple_TLL15-16	80	125985
62.9945	0.1215	ripple_TLL14-15	79	125989
62.996	0.0375	ripple_TLL13-14	78	125992
63.006	0.066	ripple_TLL26-27	90	126012
63.01	0.0555	ripple_TLL27-28	91	126020
63.0575	0.063	ripple_TLL1-2	74	126115
63.08	0.046	ripple_TLL18-19	82	126160
63.0815	0.0775	ripple_TBPL1-2	71	126163
63.0835	0.1695	ripple_TLL19-20	83	126167
63.1255	0.033	ripple_TLL4-5	97	126251
63.134	0.0815	ripple_TLL6-7	99	126268
63.1415	0.0545	ripple_TLL31-32	96	126283
63.1455	0.0415	ripple_TLL5-6	98	126291
63.148	0.0795	ripple_TLL7-8	100	126296
63.1575	0.13	ripple_TLL22-23	87	126315
63.1725	0.0415	ripple_TLL2-3	84	126345
63.1785	0.1575	ripple_TLL1-2	74	126357
63.1795	0.0665	ripple_TLL18-19	82	126359
63.194	0.1345	ripple_TBPL1-2	71	126388
63.2045	0.0395	ripple_TLL9-10	101	126409
63.205	0.0395	ripple_TLL27-28	91	126410
63.2085	0.036	ripple_TLL26-27	90	126417
63.2145	0.1435	ripple_TLL30-31	95	126429
63.242	0.05	ripple_TLL15-16	80	126484
63.244	0.037	ripple_TLL6-7	99	126488
63.248	0.0315	ripple_TBPL2-3	72	126496
63.267	0.072	ripple_TLL18-19	82	126534
63.2885	0.028	ripple_TBPL3-4	73	126577
63.2945	0.089	ripple_TLL10-11	75	126589
63.3045	0.251	ripple_TBPL2-3	72	126609
63.3085	0.515	ripple_TLL31-32	96	126617
63.3395	0.1355	ripple_TLL7-8	100	126679
63.36	0.109	ripple_TLL6-7	99	126720
63.366	0.067	ripple_TLL2-3	84	126732
63.383	0.1625	ripple_TLL1-2	74	126766
63.386	0.1655	ripple_TLL29-30	93	126772
63.3995	0.0905	ripple_TBPL1-2	71	126799
63.442	0.069	ripple_TLL23-24	88	126884
63.443	0.0585	ripple_TLL22-23	87	126886
63.45	0.027	ripple_TLL18-19	82	126900
63.477	0.0345	ripple_TLL26-27	90	126954
63.4785	0.0895	ripple_TLL15-16	80	126957
63.4995	0.0575	ripple_TLL11-12	76	126999
63.5045	0.164	ripple_TLL21-22	86	127009
63.516	0.079	ripple_TLL27-28	91	127032
63.5355	0.141	ripple_TLL23-24	88	127071
63.537	0.106	ripple_TLL22-23	87	127074
63.555	0.0585	ripple_TLL18-19	82	127110
63.5625	0.052	ripple_TLL30-31	95	127125
63.5645	0.055	ripple_TLL19-20	83	127129
63.568	0.055	ripple_TLL10-11	75	127136
63.5785	0.0965	ripple_TLL14-15	79	127157
63.5885	0.123	ripple_TBPL2-3	72	127177
63.596	0.0345	ripple_TLL13-14	78	127192
63.6025	0.0645	ripple_TLL1-2	74	127205
63.6025	0.103	ripple_TLL29-30	93	127205
63.619	0.037	ripple_TLL28-29	92	127238
63.6245	0.035	ripple_TLL15-16	80	127249
63.637	0.094	ripple_TLL27-28	91	127274
63.6535	0.0495	ripple_TLL30-31	95	127307
63.6705	0.038	ripple_TLL4-5	97	127341
63.683	0.05	ripple_TLL26-27	90	127366
63.6855	0.0655	ripple_TLL7-8	100	127371
63.6915	0.0575	ripple_TLL6-7	99	127383
63.7065	0.04	ripple_TLL14-15	79	127413
63.71	0.211	ripple_TLL21-22	86	127420
63.72	0.0585	ripple_TLL19-20	83	127440
63.7295	0.0695	ripple_TLL29-30	93	127459
63.73	0.0135	fr_TBAL1-2	1	127460
63.7405	0.0735	ripple_TLL22-23	87	127481
63.762	0.44299999999999273	ripple_TLL30-31	95	127524
63.7655	0.037	ripple_TLL5-6	98	127531
63.768	0.035	ripple_TLL20-21	85	127536
63.77	0.044	ripple_TLL26-27	90	127540
63.77	0.05	ripple_TLL27-28	91	127540
63.779	0.041	ripple_TBAL1-2	68	127558
63.7855	0.034	ripple_TBPL2-3	72	127571
63.786	0.036	ripple_TLL10-11	75	127572
63.8065	0.081	ripple_TLL19-20	83	127613
63.82	0.0835	ripple_TLL1-2	74	127640
63.823	0.0955	ripple_TLL6-7	99	127646
63.8445	0.046	ripple_TLL29-30	93	127689
63.8475	0.346	ripple_TBPL1-2	71	127695
63.8525	0.067	ripple_TLL13-14	78	127705
63.856	0.0385	ripple_TLL15-16	80	127712
63.868	0.045	ripple_TLL2-3	84	127736
63.869	0.0375	ripple_TLL14-15	79	127738
63.878	0.2	ripple_TLL31-32	96	127756
63.8815	0.0525	ripple_TLL18-19	82	127763
63.889	0.1369999999999927	ripple_TLL26-27	90	127778
63.8895	0.0715	ripple_TLL27-28	91	127779
63.9025	0.036	ripple_TBPL2-3	72	127805
63.9305	0.0285	ripple_TLL15-16	80	127861
63.9365	0.10449999999999272	ripple_TLL19-20	83	127873
63.9695	0.0455	ripple_TLL7-8	100	127939
63.97	0.06750000000000728	ripple_TLL12-13	77	127940
63.977	0.08450000000000728	ripple_TLL22-23	87	127954
63.98	0.043499999999992725	ripple_TLL21-22	86	127960
63.9805	0.0495	ripple_TLL23-24	88	127961
64.0095	0.10500000000000728	ripple_TLL6-7	99	128019
64.0105	0.26249999999998547	ripple_TLL29-30	93	128021
64.021	0.205	ripple_TLL28-29	92	128042
64.026	0.044000000000014555	ripple_TLL20-21	85	128052
64.05	0.30150000000000726	ripple_TBPL2-3	72	128100
64.0785	0.06600000000000728	ripple_TLL23-24	88	128157
64.0795	0.16950000000001456	ripple_TLL5-6	98	128159
64.082	0.08199999999999272	ripple_TLL22-23	87	128164
64.093	0.04949999999999272	ripple_TLL14-15	79	128186
64.0975	0.06100000000000728	ripple_TLL1-2	74	128195
64.101	0.0305	ripple_TLL15-16	80	128202
64.11	0.08200000000000728	ripple_TLL20-21	85	128220
64.1145	0.0925	ripple_TLL21-22	86	128229
64.1155	0.083	ripple_TLL19-20	83	128231
64.136	0.06050000000000728	ripple_TLL31-32	96	128272
64.144	0.038	ripple_TLL7-8	100	128288
64.172	0.03150000000000728	ripple_TLL18-19	82	128344
64.1845	0.10349999999999272	ripple_TLL15-16	80	128369
64.1895	0.043500000000007276	ripple_TLL14-15	79	128379
64.231	0.32499999999998547	ripple_TLL30-31	95	128462
64.235	0.05250000000000728	ripple_TLL26-27	90	128470
64.24	0.0355	ripple_TLL2-3	84	128480
64.245	0.06099999999999273	ripple_TLL23-24	88	128490
64.25	0.033	ripple_TLL18-19	82	128500
64.2985	0.030999999999992724	ripple_TLL6-7	99	128597
64.3025	0.09399999999999273	ripple_TLL29-30	93	128605
64.305	0.063	ripple_TLL20-21	85	128610
64.311	0.0595	ripple_TLL22-23	87	128622
64.314	0.08399999999998545	ripple_TLL7-8	100	128628
64.317	0.369	ripple_TLL31-32	96	128634
64.3205	0.072	ripple_TLL15-16	80	128641
64.3455	0.063	ripple_TLL5-6	98	128691
64.3525	0.05549999999999272	ripple_TLL14-15	79	128705
64.3565	0.042500000000007275	ripple_TLL2-3	84	128713
64.3805	0.36100000000000726	ripple_TBPL2-3	72	128761
64.381	0.034999999999992724	ripple_TLL28-29	92	128762
64.3875	0.10599999999999273	ripple_TLL23-24	88	128775
64.3935	0.137	ripple_TLL4-5	97	128787
64.397	0.0975	ripple_TLL22-23	87	128794
64.4065	0.06349999999999273	ripple_TLL27-28	91	128813
64.409	0.044	ripple_TLL26-27	90	128818
64.4195	0.0625	ripple_TLL20-21	85	128839
64.4215	0.05699999999998545	ripple_TLL21-22	86	128843
64.4285	0.09449999999999273	ripple_TLL29-30	93	128857
64.446	0.253	ripple_TLL7-8	100	128892
64.4515	0.253	ripple_TLL6-7	99	128903
64.462	0.047	ripple_TLL1-2	74	128924
64.4655	0.0445	ripple_TLL15-16	80	128931
64.468	0.0595	ripple_TLL14-15	79	128936
64.476	0.084	ripple_TBPL1-2	71	128952
64.483	0.057500000000007274	ripple_TLL28-29	92	128966
64.4845	0.0235	ripple_TLL2-3	84	128969
64.5215	0.034499999999992724	ripple_TLL27-28	91	129043
64.5235	0.202	ripple_TLL20-21	85	129047
64.548	0.0115	fr_TLL29-30	26	129096
64.558	0.04649999999999272	ripple_TLL2-3	84	129116
64.5655	0.0485	ripple_TLL22-23	87	129131
64.5725	0.0405	ripple_TLL23-24	88	129145
64.578	0.1045	ripple_TLL29-30	93	129156
64.5795	0.034500000000007275	ripple_TLL26-27	90	129159
64.618	0.028499999999992726	ripple_TLL30-31	95	129236
64.619	0.037	ripple_TBAL1-2	68	129238
64.6295	0.03749999999999273	ripple_TLL21-22	86	129259
64.634	0.13850000000000728	ripple_TLL26-27	90	129268
64.6555	0.042	ripple_TLL10-11	75	129311
64.686	0.035499999999992725	ripple_TLL19-20	83	129372
64.6915	0.03999999999999272	ripple_TLL15-16	80	129383
64.711	0.0565	ripple_TLL23-24	88	129422
64.7285	0.10050000000001455	ripple_TLL30-31	95	129457
64.737	0.051999999999992726	ripple_TLL4-5	97	129474
64.763	0.012999999999992724	fr_TBAL3-4	3	129526
64.7705	0.05250000000001455	ripple_TLL19-20	83	129541
64.781	0.11149999999999273	ripple_TLL29-30	93	129562
64.781	0.186	ripple_TLL21-22	86	129562
64.7865	0.06399999999999273	ripple_TLL31-32	96	129573
64.7875	0.06599999999998545	ripple_TLL28-29	92	129575
64.802	0.028499999999992726	ripple_TLL20-21	85	129604
64.802	0.06399999999999273	ripple_TLL22-23	87	129604
64.8035	0.0275	ripple_TLL14-15	79	129607
64.828	0.06449999999999273	ripple_TBPL2-3	72	129656
64.8415	0.039	ripple_TLL15-16	80	129683
64.849	0.122	ripple_TLL18-19	82	129698
64.8565	0.06300000000000727	ripple_TLL20-21	85	129713
64.8575	0.09149999999999273	ripple_TLL19-20	83	129715
64.867	0.03999999999999272	ripple_TLL5-6	98	129734
64.869	0.111	ripple_TLL23-24	88	129738
64.8705	0.0415	ripple_TLL6-7	99	129741
64.8745	0.06700000000000728	ripple_TLL31-32	96	129749
64.903	0.0595	ripple_TLL15-16	80	129806
64.908	0.1195	ripple_TLL22-23	87	129816
64.9135	0.043500000000007276	ripple_TLL30-31	95	129827
64.9185	0.043999999999992725	ripple_TBPL2-3	72	129837
64.919	0.04800000000000727	ripple_TLL14-15	79	129838
64.9355	0.0555	ripple_TLL3-4	94	129871
64.946	0.1445000000000073	ripple_TLL6-7	99	129892
64.9465	0.10600000000000728	ripple_TLL27-28	91	129893
64.9655	0.08	ripple_TLL26-27	90	129931
64.9825	0.05450000000000728	ripple_TLL31-32	96	129965
64.9905	0.14050000000000729	ripple_TLL2-3	84	129981
64.995	0.027	ripple_TLL21-22	86	129990
65.002	0.20100000000000728	ripple_TBPL1-2	71	130004
65.003	0.039	ripple_TLL9-10	101	130006
65.03	0.11499999999999272	ripple_TLL28-29	92	130060
65.0345	0.042999999999992725	ripple_TLL4-5	97	130069
65.052	0.09899999999998545	ripple_TLL29-30	93	130104
65.053	0.05300000000001455	ripple_TLL30-31	95	130106
65.0605	0.0615	ripple_TBPL2-3	72	130121
65.0785	0.04550000000000728	ripple_TLL1-2	74	130157
65.079	0.036	ripple_TLL15-16	80	130158
65.0855	0.11200000000000727	ripple_TLL5-6	98	130171
65.111	0.092	ripple_TLL6-7	99	130222
65.1135	0.12999999999999273	ripple_TLL22-23	87	130227
65.1245	0.03700000000000728	ripple_TLL18-19	82	130249
65.135	0.033500000000007274	ripple_TLL23-24	88	130270
65.147	0.036000000000007276	ripple_TBPL2-3	72	130294
65.15	0.057999999999992724	ripple_TLL4-5	97	130300
65.1605	0.06	ripple_TLL15-16	80	130321
65.167	0.0475	ripple_TLL30-31	95	130334
65.1765	0.12000000000000728	ripple_TLL21-22	86	130353
65.182	0.07250000000000728	ripple_TLL14-15	79	130364
65.1825	0.04899999999999272	ripple_TLL31-32	96	130365
65.187	0.29300000000000725	ripple_TLL2-3	84	130374
65.205	0.03650000000000728	ripple_TLL23-24	88	130410
65.2165	0.06350000000000727	ripple_TLL19-20	83	130433
65.2285	0.057500000000007274	ripple_TLL1-2	74	130457
65.239	0.0405	ripple_TBPL2-3	72	130478
65.244	0.05299999999999273	ripple_TLL7-8	100	130488
65.248	0.0295	ripple_TLL5-6	98	130496
65.262	0.0305	ripple_TLL25-26	89	130524
65.282	0.12250000000000727	ripple_TLL23-24	88	130564
65.284	0.151	ripple_TBPL1-2	71	130568
65.3035	0.04050000000000727	ripple_TLL6-7	99	130607
65.308	0.06349999999998544	ripple_TLL1-2	74	130616
65.3405	0.057499999999992724	ripple_TLL19-20	83	130681
65.4	0.07800000000000727	ripple_TLL1-2	74	130800
65.402	0.049000000000007274	ripple_TLL3-4	94	130804
65.404	0.07350000000001455	ripple_TLL11-12	76	130808
65.409	0.1065	ripple_TLL30-31	95	130818
65.418	0.050499999999992724	ripple_TLL9-10	101	130836
65.4225	0.1435	ripple_TLL6-7	99	130845
65.4275	0.0325	ripple_TLL27-28	91	130855
65.437	0.07200000000000728	ripple_TLL29-30	93	130874
65.449	0.050000000000014554	ripple_TLL13-14	78	130898
65.4625	0.126	ripple_TLL14-15	79	130925
65.479	0.042	ripple_TLL22-23	87	130958
65.494	0.045	ripple_TLL31-32	96	130988
65.5035	0.086	ripple_TLL15-16	80	131007
65.506	0.0545	ripple_TLL19-20	83	131012
65.5065	0.04	ripple_TLL23-24	88	131013
65.565	0.1155	ripple_TLL31-32	96	131130
65.581	0.0285	ripple_TLL22-23	87	131162
65.5845	0.01	fr_TLL12-13	10	131169
65.6095	0.0495	ripple_TBPL1-2	71	131219
65.6155	0.0625	ripple_TLL26-27	90	131231
65.632	0.0445	ripple_TBPL2-3	72	131264
65.6405	0.0395	ripple_TLL6-7	99	131281
65.649	0.038	ripple_TLL1-2	74	131298
71.464	0.118	ripple_TLL23-24	88	142928
71.471	0.0575	ripple_TLL18-19	82	142942
71.472	0.0115	fr_TBPL3-4	6	142944
71.4765	0.0305	ripple_TLL6-7	99	142953
71.486	0.047	ripple_TBPL3-4	73	142972
71.4895	0.0445	ripple_TBPL2-3	72	142979
71.4995	0.061	ripple_TLL21-22	86	142999
71.5015	0.0405	ripple_TLL15-16	80	143003
71.5065	0.0185	fr_TBAL2-3	2	143013
71.5125	0.028	ripple_TLL9-10	101	143025
71.5345	0.0305	ripple_TLL19-20	83	143069
71.5805	0.0545	ripple_TLL27-28	91	143161
71.5835	0.0685	ripple_TLL15-16	80	143167
71.5845	0.1425	ripple_TLL20-21	85	143169
71.5895	0.033	ripple_TLL14-15	79	143179
71.6175	0.0625	ripple_TLL31-32	96	143235
71.6295	0.177	ripple_TLL22-23	87	143259
71.63	0.397	ripple_TLL23-24	88	143260
71.6395	0.103	ripple_TLL28-29	92	143279
71.6505	0.091	ripple_TLL29-30	93	143301
71.651	0.038	ripple_TLL5-6	98	143302
71.6785	0.0395	ripple_TLL21-22	86	143357
71.6915	0.0375	ripple_TLL7-8	100	143383
71.6925	0.053	ripple_TBPL1-2	71	143385
71.7	0.1495	ripple_TLL1-2	74	143400
71.711	0.0335	fr_TBAL3-4	3	143422
71.7235	0.1395	ripple_TLL14-15	79	143447
71.7245	0.1805	ripple_TLL15-16	80	143449
71.7365	0.073	ripple_TLL5-6	98	143473
71.7385	0.2925	ripple_TLL31-32	96	143477
71.7575	0.01	fr_TLL27-28	24	143515
71.7655	0.036	ripple_TLL11-12	76	143531
71.779	0.033	ripple_TLL12-13	77	143558
71.779	0.033	fr_TLL12-13	10	143558
71.779	0.033	frandr_TLL12-13	44	143558
71.783	0.1705	ripple_TBPL2-3	72	143566
71.7875	0.0295	fr_TBAL3-4	3	143575
71.788	0.013	fr_TLL9-10	34	143576
71.793	0.014	fr_TLL18-19	15	143586
71.794	0.1055	ripple_TLL29-30	93	143588
71.797	0.0155	fr_TBPL3-4	6	143594
71.7995	0.1215	ripple_TLL21-22	86	143599
71.8005	0.011	fr_TLL7-8	33	143601
71.807	0.056	ripple_TBPL1-2	71	143614
71.817	0.0995	ripple_TLL30-31	95	143634
71.824	0.06	ripple_TLL28-29	92	143648
71.824	0.06	fr_TLL28-29	25	143648
71.824	0.06	frandr_TLL28-29	59	143648
71.8255	0.045	ripple_TLL2-3	84	143651
71.839	0.044	ripple_TLL4-5	97	143678
71.8485	0.0365	ripple_TLL11-12	76	143697
71.8525	0.0515	ripple_TLL22-23	87	143705
71.863	0.06	ripple_TLL7-8	100	143726
71.881	0.041	ripple_TLL1-2	74	143762
71.8895	0.0855	ripple_TLL27-28	91	143779
71.8895	0.0855	fr_TLL27-28	24	143779
71.8895	0.0855	frandr_TLL27-28	58	143779
71.904	0.1325	ripple_TBPL3-4	73	143808
71.904	0.1325	fr_TBPL3-4	6	143808
71.904	0.1325	frandr_TBPL3-4	40	143808
71.91	0.0645	ripple_TLL18-19	82	143820
71.915	0.0665	ripple_TLL14-15	79	143830
71.9185	0.066	ripple_TBAL3-4	70	143837
71.9185	0.066	fr_TBAL3-4	3	143837
71.9185	0.066	frandr_TBAL3-4	37	143837
71.92	0.012	fr_TLL13-14	11	143840
71.925	0.038	ripple_TLL17-18	81	143850
71.933	0.144	ripple_TLL11-12	76	143866
71.9365	0.052	ripple_TLL20-21	85	143873
71.9545	0.104	ripple_TLL21-22	86	143909
71.979	0.087	fr_TLL27-28	24	143958
71.9865	0.028	fr_TLL26-27	23	143973
71.987	0.078	fr_TBAL2-3	2	143974
71.988	0.2655	ripple_TLL28-29	92	143976
71.996	0.034	ripple_TLL19-20	83	143992
72.0195	0.067	ripple_TLL1-2	74	144039
72.0235	0.05	ripple_TLL30-31	95	144047
72.0345	0.032	ripple_TLL13-14	78	144069
72.0575	0.106	ripple_TLL19-20	83	144115
72.0625	0.1715	ripple_TBAL3-4	70	144125
72.0625	0.1715	fr_TBAL3-4	3	144125
72.0625	0.1715	frandr_TBAL3-4	37	144125
72.063	0.031	ripple_TLL31-32	96	144126
72.0635	0.1255	ripple_TLL20-21	85	144127
72.0655	0.113	ripple_TLL15-16	80	144131
72.082	0.1135	ripple_TLL22-23	87	144164
72.0835	0.0375	ripple_TBPL1-2	71	144167
72.094	0.0435	ripple_TLL7-8	100	144188
72.102	0.189	ripple_TBPL2-3	72	144204
72.1025	0.0815	ripple_TLL29-30	93	144205
72.105	0.058	ripple_TLL23-24	88	144210
72.1105	0.0835	ripple_TLL14-15	79	144221
72.1295	0.0305	ripple_TLL31-32	96	144259
72.13	0.0195	fr_TLL25-26	22	144260
72.1385	0.0575	ripple_TLL5-6	98	144277
72.139	0.0385	ripple_TBPL3-4	73	144278
72.1395	0.062	ripple_TLL13-14	78	144279
72.1795	0.0375	ripple_TLL21-22	86	144359
72.1875	0.219	ripple_TLL1-2	74	144375
72.194	0.028	ripple_TLL2-3	84	144388
72.2045	0.0185	fr_TLL27-28	24	144409
72.2135	0.075	ripple_TLL23-24	88	144427
72.219	0.037	ripple_TLL15-16	80	144438
72.22	0.039	ripple_TLL11-12	76	144440
72.222	0.1105	ripple_TLL29-30	93	144444
72.2295	0.0415	ripple_TLL9-10	101	144459
72.237	0.0315	ripple_TLL27-28	91	144474
72.237	0.0315	fr_TLL27-28	24	144474
72.237	0.0315	frandr_TLL27-28	58	144474
72.2565	0.17	ripple_TLL31-32	96	144513
72.2575	0.0125	fr_TBAL3-4	3	144515
72.2605	0.0335	ripple_TLL26-27	90	144521
72.2805	0.17	ripple_TLL7-8	100	144561
72.2845	0.072	ripple_TBAL3-4	70	144569
72.2845	0.072	fr_TBAL3-4	3	144569
72.2845	0.072	frandr_TBAL3-4	37	144569
72.294	0.0805	ripple_TLL20-21	85	144588
72.295	0.1055	ripple_TLL6-7	99	144590
72.2955	0.067	ripple_TLL21-22	86	144591
72.2965	0.052	ripple_TBAL1-2	68	144593
72.2995	0.0525	ripple_TLL28-29	92	144599
72.301	0.038	ripple_TLL27-28	91	144602
72.3065	0.0365	ripple_TLL13-14	78	144613
72.312	0.041	ripple_TBPL2-3	72	144624
72.3205	0.048	ripple_TBPL1-2	71	144641
72.331	0.157	ripple_TLL23-24	88	144662
72.336	0.0465	ripple_TLL3-4	94	144672
72.353	0.119	ripple_TLL22-23	87	144706
72.3645	0.259	ripple_TLL30-31	95	144729
72.3725	0.0305	ripple_TLL29-30	93	144745
72.3945	0.034	ripple_TLL20-21	85	144789
72.3965	0.021	fr_TLL27-28	24	144793
72.4065	0.1785	ripple_TLL19-20	83	144813
72.4275	0.0405	ripple_TLL18-19	82	144855
72.433	0.0105	fr_TLL25-26	22	144866
72.4335	0.035	ripple_TLL14-15	79	144867
72.4335	0.035	ripple_TLL29-30	93	144867
72.4355	0.099	ripple_TLL28-29	92	144871
72.4355	0.099	fr_TLL28-29	25	144871
72.4355	0.099	frandr_TLL28-29	59	144871
72.447	0.1565	ripple_TLL2-3	84	144894
72.4575	0.238	ripple_TLL20-21	85	144915
72.458	0.0365	ripple_TLL3-4	94	144916
72.4635	0.074	ripple_TLL21-22	86	144927
72.4735	0.177	ripple_TLL31-32	96	144947
72.4945	0.012	fr_TLL26-27	23	144989
72.5065	0.0995	ripple_TLL15-16	80	145013
72.5125	0.2675	ripple_TBPL1-2	71	145025
72.523	0.2275	ripple_TLL22-23	87	145046
72.528	0.1145	ripple_TLL3-4	94	145056
72.5585	0.077	ripple_TLL28-29	92	145117
72.567	0.136	ripple_TLL23-24	88	145134
72.588	0.2355	ripple_TLL7-8	100	145176
72.596	0.1975	ripple_TBPL2-3	72	145192
72.598	0.036	ripple_TLL18-19	82	145196
72.5995	0.051	ripple_TLL6-7	99	145199
72.616	0.076	ripple_TLL27-28	91	145232
72.647	0.033	ripple_TLL15-16	80	145294
72.6505	0.0525	ripple_TLL30-31	95	145301
72.652	0.0425	ripple_TLL4-5	97	145304
72.6735	0.042	ripple_TLL6-7	99	145347
72.674	0.065	ripple_TLL1-2	74	145348
72.682	0.194	ripple_TLL21-22	86	145364
72.6975	0.041	ripple_TLL2-3	84	145395
72.709	0.159	ripple_TLL31-32	96	145418
72.711	0.031	ripple_TLL15-16	80	145422
72.7155	0.123	ripple_TLL28-29	92	145431
72.731	0.052	ripple_TLL20-21	85	145462
72.7355	0.1105	ripple_TLL29-30	93	145471
72.7535	0.1275	ripple_TLL30-31	95	145507
72.767	0.0555	ripple_TLL6-7	99	145534
72.7725	0.0315	ripple_TLL2-3	84	145545
72.794	0.033	ripple_TLL5-6	98	145588
72.816	0.094	ripple_TLL15-16	80	145632
72.876	0.0735	ripple_TLL11-12	76	145752
72.8795	0.1295	ripple_TLL19-20	83	145759
72.8865	0.0445	ripple_TLL20-21	85	145773
72.889	0.111	ripple_TLL28-29	92	145778
72.8945	0.043	ripple_TBPL3-4	73	145789
72.8945	0.1065	ripple_TLL29-30	93	145789
72.899	0.034	ripple_TBPL1-2	71	145798
72.9155	0.0325	ripple_TLL7-8	100	145831
72.9275	0.03	ripple_TBPL2-3	72	145855
72.9345	0.055	ripple_TLL21-22	86	145869
72.9465	0.1155	ripple_TLL14-15	79	145893
72.984	0.0735	ripple_TLL31-32	96	145968
73.0055	0.1605	ripple_TLL6-7	99	146011
73.0085	0.077	ripple_TLL13-14	78	146017
73.013	0.239	ripple_TLL1-2	74	146026
73.0235	0.0575	ripple_TLL15-16	80	146047
73.0325	0.1405	ripple_TBPL2-3	72	146065
73.0365	0.0825	ripple_TLL28-29	92	146073
73.058	0.049	ripple_TLL7-8	100	146116
73.0655	0.0555	ripple_TLL2-3	84	146131
73.089	0.075	ripple_TLL3-4	94	146178
73.0935	0.071	ripple_TLL4-5	97	146187
73.0935	0.14	ripple_TBPL1-2	71	146187
73.0945	0.0635	ripple_TLL26-27	90	146189
73.1105	0.0335	ripple_TLL21-22	86	146221
73.1105	0.073	ripple_TLL14-15	79	146221
73.1115	0.1705	ripple_TLL29-30	93	146223
73.1315	0.1545	ripple_TLL30-31	95	146263
73.148	0.0925	ripple_TLL23-24	88	146296
73.1485	0.138	ripple_TLL18-19	82	146297
73.1485	0.138	fr_TLL18-19	15	146297
73.1485	0.138	frandr_TLL18-19	49	146297
73.163	0.0335	ripple_TLL19-20	83	146326
73.1635	0.0685	ripple_TLL7-8	100	146327
73.1695	0.0745	ripple_TLL20-21	85	146339
73.192	0.122	ripple_TLL21-22	86	146384
73.1935	0.128	ripple_TLL2-3	84	146387
73.1955	0.1915	ripple_TBPL2-3	72	146391
73.213	0.069	ripple_TLL6-7	99	146426
73.2165	0.0505	ripple_TLL27-28	91	146433
73.246	0.043	ripple_TLL17-18	81	146492
73.2475	0.043	ripple_TLL14-15	79	146495
73.2535	0.086	ripple_TLL19-20	83	146507
73.2605	0.041	ripple_TLL9-10	101	146521
73.267	0.0205	fr_TLL1-2	7	146534
73.272	0.034	ripple_TLL5-6	98	146544
73.3265	0.1395	ripple_TLL22-23	87	146653
73.3425	0.078	ripple_TLL1-2	74	146685
73.3515	0.1335	ripple_TBPL1-2	71	146703
73.3545	0.082	ripple_TLL2-3	84	146709
73.3695	0.0395	ripple_TLL17-18	81	146739
73.3695	0.3035	ripple_TLL23-24	88	146739
73.3705	0.0375	ripple_TLL18-19	82	146741
73.3895	0.0505	ripple_TLL31-32	96	146779
73.391	0.0445	ripple_TLL20-21	85	146782
73.3935	0.086	ripple_TLL5-6	98	146787
73.3985	0.1195	ripple_TLL7-8	100	146797
73.404	0.033	ripple_TLL28-29	92	146808
73.416	0.0715	ripple_TBPL3-4	73	146832
73.4275	0.0145	fr_TLL10-11	8	146855
73.435	0.058	ripple_TLL30-31	95	146870
73.436	0.067	ripple_TLL3-4	94	146872
73.4465	0.049	ripple_TLL6-7	99	146893
73.451	0.031	ripple_TLL15-16	80	146902
73.459	0.044	ripple_TLL4-5	97	146918
73.463	0.051	ripple_TLL20-21	85	146926
73.48	0.0535	ripple_TLL21-22	86	146960
73.521	0.0895	ripple_TLL15-16	80	147042
73.532	0.0375	ripple_TLL19-20	83	147064
73.537	0.0715	ripple_TLL1-2	74	147074
73.545	0.0545	ripple_TLL6-7	99	147090
73.55	0.031	ripple_TLL30-31	95	147100
73.55	0.061	ripple_TBPL1-2	71	147100
73.5525	0.04	ripple_TLL26-27	90	147105
73.5535	0.0345	ripple_TLL4-5	97	147107
73.567	0.035	ripple_TLL14-15	79	147134
73.567	0.0565	ripple_TLL22-23	87	147134
73.57	0.043	ripple_TLL17-18	81	147140
73.5785	0.031	ripple_TLL21-22	86	147157
73.593	0.0895	ripple_TLL31-32	96	147186
73.5935	0.0425	ripple_TLL27-28	91	147187
73.604	0.0545	ripple_TLL30-31	95	147208
73.61	0.1015	ripple_TBPL2-3	72	147220
73.631	0.099	ripple_TLL28-29	92	147262
73.6325	0.059	ripple_TLL29-30	93	147265
73.6435	0.054	ripple_TBPL1-2	71	147287
73.655	0.1315	ripple_TLL2-3	84	147310
73.6715	0.0485	ripple_TLL9-10	101	147343
73.676	0.042	ripple_TLL22-23	87	147352
73.687	0.059	ripple_TLL27-28	91	147374
73.691	0.0695	ripple_TLL26-27	90	147382
73.707	0.0595	ripple_TLL31-32	96	147414
73.7215	0.036	ripple_TLL30-31	95	147443
73.722	0.054	ripple_TLL23-24	88	147444
73.7285	0.024	ripple_TLL19-20	83	147457
73.762	0.0355	ripple_TLL18-19	82	147524
73.771	0.036	ripple_TLL29-30	93	147542
73.775	0.0345	ripple_TBPL2-3	72	147550
73.7755	0.095	ripple_TLL20-21	85	147551
73.806	0.087	ripple_TLL7-8	100	147612
73.806	0.242	ripple_TLL30-31	95	147612
73.814	0.242	ripple_TLL31-32	96	147628
73.82	0.035	ripple_TLL14-15	79	147640
73.833	0.047	ripple_TLL15-16	80	147666
73.842	0.1025	ripple_TLL19-20	83	147684
73.844	0.058	ripple_TLL2-3	84	147688
73.85	0.052	ripple_TLL1-2	74	147700
73.851	0.044	ripple_TLL28-29	92	147702
73.851	0.2035	ripple_TLL29-30	93	147702
73.8635	0.053	ripple_TLL23-24	88	147727
73.877	0.037	ripple_TLL22-23	87	147754
73.8975	0.117	ripple_TBPL1-2	71	147795
73.9055	0.1325	ripple_TBPL2-3	72	147811
73.9085	0.07	ripple_TLL21-22	86	147817
73.9175	0.033	ripple_TLL20-21	85	147835
73.928	0.033	ripple_TLL15-16	80	147856
73.939	0.0425	ripple_TLL1-2	74	147878
73.972	0.0675	ripple_TLL19-20	83	147944
73.9955	0.1385	ripple_TLL22-23	87	147991
74.0265	0.1305	ripple_TLL23-24	88	148053
74.029	0.0335	ripple_TLL11-12	76	148058
74.041	0.074	ripple_TLL6-7	99	148082
74.0675	0.035	ripple_TLL13-14	78	148135
74.076	0.026	ripple_TLL2-3	84	148152
74.0865	0.0625	ripple_TLL30-31	95	148173
74.09	0.0585	ripple_TBPL2-3	72	148180
74.101	0.061	ripple_TLL29-30	93	148202
74.136	0.035	ripple_TBPL1-2	71	148272
74.1445	0.029	ripple_TLL11-12	76	148289
74.146	0.1355	ripple_TLL31-32	96	148292
74.1575	0.032	ripple_TLL7-8	100	148315
74.1775	0.121	ripple_TLL2-3	84	148355
74.212	0.0505	ripple_TLL7-8	100	148424
74.212	0.0615	ripple_TLL21-22	86	148424
74.2385	0.047	ripple_TLL1-2	74	148477
74.262	0.066	ripple_TLL22-23	87	148524
74.2625	0.18	ripple_TLL29-30	93	148525
74.282	0.0515	ripple_TLL30-31	95	148564
74.2845	0.1145	ripple_TLL20-21	85	148569
74.294	0.0355	ripple_TLL23-24	88	148588
74.298	0.037	ripple_TLL14-15	79	148596
74.299	0.0355	ripple_TLL26-27	90	148598
74.313	0.138	ripple_TBPL1-2	71	148626
74.329	0.0955	ripple_TLL28-29	92	148658
74.3315	0.0355	ripple_TLL19-20	83	148663
74.349	0.034	ripple_TLL6-7	99	148698
74.3545	0.1345	ripple_TLL23-24	88	148709
74.356	0.0565	ripple_TLL14-15	79	148712
74.39	0.2095	ripple_TLL21-22	86	148780
74.3945	0.053	ripple_TLL7-8	100	148789
74.3975	0.114	ripple_TBPL2-3	72	148795
74.41	0.1725	ripple_TLL31-32	96	148820
74.411	0.063	ripple_TLL30-31	95	148822
74.4125	0.05	ripple_TLL1-2	74	148825
74.4165	0.0635	ripple_TLL5-6	98	148833
74.4185	0.031	ripple_TLL22-23	87	148837
74.428	0.071	ripple_TLL6-7	99	148856
74.4495	0.031	ripple_TBPL3-4	73	148899
74.495	0.2555	ripple_TLL22-23	87	148990
74.5235	0.0315	ripple_TLL14-15	79	149047
74.542	0.061	ripple_TLL1-2	74	149084
74.545	0.214	ripple_TLL23-24	88	149090
74.5575	0.064	ripple_TLL20-21	85	149115
74.573	0.0585	ripple_TLL19-20	83	149146
74.5765	0.092	ripple_TBPL2-3	72	149153
74.6215	0.039	ripple_TLL15-16	80	149243
74.6425	0.068	ripple_TLL11-12	76	149285
74.6485	0.0785	ripple_TLL21-22	86	149297
74.6515	0.0315	ripple_TLL31-32	96	149303
74.655	0.146	ripple_TLL19-20	83	149310
74.659	0.0605	ripple_TLL2-3	84	149318
74.6655	0.0615	ripple_TLL30-31	95	149331
74.67	0.1835	ripple_TLL1-2	74	149340
74.679	0.0405	ripple_TLL20-21	85	149358
74.689	0.0435	ripple_TLL28-29	92	149378
74.699	0.149	ripple_TBPL2-3	72	149398
74.725	0.042	ripple_TLL15-16	80	149450
74.7425	0.106	ripple_TLL31-32	96	149485
74.791	0.045	ripple_TBPL1-2	71	149582
74.8065	0.056	ripple_TLL28-29	92	149613
74.8085	0.0405	ripple_TLL20-21	85	149617
74.8225	0.0355	ripple_TLL30-31	95	149645
74.83	0.098	ripple_TLL7-8	100	149660
74.834	0.0635	ripple_TLL15-16	80	149668
74.8445	0.074	ripple_TLL21-22	86	149689
74.851	0.04	ripple_TLL14-15	79	149702
74.8525	0.132	ripple_TLL29-30	93	149705
74.8655	0.0785	ripple_TLL6-7	99	149731
74.867	0.076	ripple_TLL2-3	84	149734
74.8775	0.09	ripple_TLL11-12	76	149755
74.8805	0.102	ripple_TLL30-31	95	149761
74.886	0.1385	ripple_TLL1-2	74	149772
74.9235	0.0735	ripple_TLL23-24	88	149847
74.941	0.034	ripple_TLL21-22	86	149882
74.943	0.0365	ripple_TLL19-20	83	149886
74.9445	0.0345	ripple_TLL20-21	85	149889
74.965	0.144	ripple_TLL31-32	96	149930
74.999	0.0975	ripple_TLL15-16	80	149998
75.021	0.125	ripple_TLL19-20	83	150042
75.0395	0.0575	ripple_TLL30-31	95	150079
75.04	0.143	ripple_TLL21-22	86	150080
75.07	0.046	ripple_TLL12-13	77	150140
75.0715	0.038	ripple_TLL18-19	82	150143
75.099	0.225	ripple_TLL1-2	74	150198
75.1055	0.03	ripple_TBPL1-2	71	150211
75.107	0.162	ripple_TLL2-3	84	150214
75.1305	0.111	ripple_TLL29-30	93	150261
75.1315	0.0405	ripple_TLL7-8	100	150263
75.132	0.0475	ripple_TLL30-31	95	150264
75.1405	0.04	ripple_TLL31-32	96	150281
75.1435	0.0375	ripple_TBPL3-4	73	150287
75.145	0.0675	ripple_TBPL2-3	72	150290
75.154	0.021	fr_TBAL3-4	3	150308
75.1765	0.2055	ripple_TLL19-20	83	150353
75.19	0.035	ripple_TLL18-19	82	150380
75.204	0.067	ripple_TLL14-15	79	150408
75.204	0.091	ripple_TLL15-16	80	150408
75.236	0.053	ripple_TLL30-31	95	150472
75.2475	0.055	ripple_TLL28-29	92	150495
75.2525	0.028	ripple_TLL10-11	75	150505
75.262	0.0745	ripple_TLL7-8	100	150524
75.2715	0.0625	ripple_TBPL2-3	72	150543
75.2845	0.1055	ripple_TLL23-24	88	150569
75.315	0.073	ripple_TLL13-14	78	150630
75.329	0.032	ripple_TLL11-12	76	150658
75.3295	0.056	ripple_TLL28-29	92	150659
75.3505	0.073	ripple_TLL31-32	96	150701
75.3755	0.061	ripple_TBPL1-2	71	150751
75.3785	0.045	ripple_TLL21-22	86	150757
75.3925	0.0185	fr_TBAL3-4	3	150785
75.4055	0.055	ripple_TLL30-31	95	150811
75.4285	0.054	ripple_TLL4-5	97	150857
75.4535	0.047	ripple_TBPL2-3	72	150907
75.4605	0.167	ripple_TLL22-23	87	150921
75.4755	0.0965	ripple_TLL31-32	96	150951
75.477	0.0415	ripple_TLL15-16	80	150954
75.4965	0.147	ripple_TLL9-10	101	150993
75.503	0.1045	ripple_TLL23-24	88	151006
75.5065	0.035	ripple_TLL1-2	74	151013
75.517	0.087	ripple_TLL28-29	92	151034
75.5185	0.051	ripple_TLL21-22	86	151037
75.5235	0.0545	ripple_TLL20-21	85	151047
75.544	0.0645	ripple_TLL6-7	99	151088
75.55	0.044	ripple_TLL5-6	98	151100
75.5575	0.0545	ripple_TLL7-8	100	151115
75.5585	0.043	ripple_TLL4-5	97	151117
75.5585	0.053	ripple_TLL15-16	80	151117
75.559	0.0575	ripple_TBPL2-3	72	151118
75.568	0.0425	ripple_TBPL3-4	73	151136
75.576	0.043	ripple_TLL18-19	82	151152
75.5935	0.078	ripple_TLL21-22	86	151187
75.604	0.0145	fr_TBAL3-4	3	151208
75.6155	0.096	ripple_TLL19-20	83	151231
75.622	0.0465	ripple_TLL30-31	95	151244
75.6325	0.185	ripple_TLL23-24	88	151265
75.638	0.039	ripple_TLL13-14	78	151276
75.6435	0.0775	ripple_TLL6-7	99	151287
75.6435	0.2545	ripple_TLL29-30	93	151287
75.6485	0.0465	ripple_TLL4-5	97	151297
75.6505	0.095	ripple_TLL7-8	100	151301
75.658	0.0465	ripple_TLL10-11	75	151316
75.658	0.318	ripple_TBPL2-3	72	151316
75.665	0.058	ripple_TBPL3-4	73	151330
75.6775	0.0765	ripple_TLL2-3	84	151355
75.685	0.0525	ripple_TBAL3-4	70	151370
75.693	0.031	ripple_TLL1-2	74	151386
75.711	0.0415	ripple_TLL20-21	85	151422
75.715	0.1005	ripple_TLL28-29	92	151430
75.717	0.066	ripple_TLL15-16	80	151434
75.7205	0.055	ripple_TBPL1-2	71	151441
75.7305	0.061	ripple_TLL31-32	96	151461
75.739	0.1525	ripple_TLL30-31	95	151478
75.7505	0.012	fr_TLL27-28	24	151501
75.7655	0.074	ripple_TLL13-14	78	151531
75.7655	0.1775	ripple_TLL21-22	86	151531
75.7675	0.07	ripple_TLL14-15	79	151535
75.768	0.0625	fr_TBAL3-4	3	151536
75.802	0.123	ripple_TLL20-21	85	151604
75.8235	0.052	ripple_TLL11-12	76	151647
75.831	0.0505	ripple_TLL7-8	100	151662
75.8385	0.0395	ripple_TLL6-7	99	151677
75.843	0.049	ripple_TLL27-28	91	151686
75.843	0.049	fr_TLL27-28	24	151686
75.843	0.049	frandr_TLL27-28	58	151686
75.843	0.0515	ripple_TLL2-3	84	151686
75.851	0.2315	ripple_TLL31-32	96	151702
75.853	0.015	fr_TBPL3-4	6	151706
75.859	0.1555	ripple_TLL22-23	87	151718
75.8785	0.0105	fr_TLL28-29	25	151757
75.8925	0.1225	ripple_TLL23-24	88	151785
75.901	0.12	ripple_TLL6-7	99	151802
75.916	0.011	fr_TBAL2-3	2	151832
75.919	0.0435	ripple_TLL29-30	93	151838
75.92	0.0385	ripple_TLL3-4	94	151840
75.924	0.042	ripple_TLL1-2	74	151848
75.9245	0.0105	fr_TBPL3-4	6	151849
75.925	0.046	ripple_TLL30-31	95	151850
75.957	0.115	ripple_TLL20-21	85	151914
75.965	0.0305	ripple_TLL26-27	90	151930
75.965	0.099	ripple_TLL21-22	86	151930
75.971	0.0225	ripple_TBAL3-4	70	151942
75.971	0.0225	fr_TBAL3-4	3	151942
75.971	0.0225	frandr_TBAL3-4	37	151942
75.981	0.071	ripple_TLL5-6	98	151962
75.9835	0.0375	ripple_TLL13-14	78	151967
75.9935	0.3985	ripple_TLL29-30	93	151987
76.0055	0.16	ripple_TBPL2-3	72	152011
76.0125	0.034	ripple_TLL19-20	83	152025
76.0225	0.0515	ripple_TLL30-31	95	152045
76.027	0.0775	ripple_TLL3-4	94	152054
76.0275	0.044	ripple_TLL7-8	100	152055
76.033	0.056	ripple_TLL4-5	97	152066
76.061	0.0325	ripple_TLL27-28	91	152122
76.0635	0.0965	ripple_TLL1-2	74	152127
76.0705	0.0695	ripple_TLL2-3	84	152141
76.071	0.0395	ripple_TLL26-27	90	152142
76.077	0.096	ripple_TLL5-6	98	152154
76.0835	0.117	ripple_TLL22-23	87	152167
76.0845	0.1615	ripple_TLL23-24	88	152169
76.0865	0.1165	ripple_TLL15-16	80	152173
76.101	0.039	ripple_TLL28-29	92	152202
76.107	0.0415	ripple_TLL11-12	76	152214
76.1085	0.06	ripple_TLL20-21	85	152217
76.111	0.035	ripple_TLL21-22	86	152222
76.1155	0.055	ripple_TLL10-11	75	152231
76.1275	0.07	ripple_TLL31-32	96	152255
76.1395	0.0395	ripple_TLL6-7	99	152279
76.1575	0.027	ripple_TBAL3-4	70	152315
76.1575	0.027	fr_TBAL3-4	3	152315
76.1575	0.027	frandr_TBAL3-4	37	152315
76.1585	0.088	ripple_TLL19-20	83	152317
76.1755	0.038	ripple_TLL14-15	79	152351
76.19	0.0435	ripple_TLL11-12	76	152380
76.2065	0.0655	ripple_TLL21-22	86	152413
76.209	0.118	ripple_TLL30-31	95	152418
76.2215	0.1455	ripple_TBPL2-3	72	152443
76.2295	0.042	ripple_TLL2-3	84	152459
76.232	0.041	ripple_TLL20-21	85	152464
76.2345	0.035	ripple_TLL7-8	100	152469
76.2365	0.076	ripple_TLL31-32	96	152473
76.282	0.0195	fr_TBPL3-4	6	152564
76.304	0.02	fr_TBAL3-4	3	152608
76.3055	0.05	ripple_TLL17-18	81	152611
76.317	0.0425	ripple_TLL2-3	84	152634
76.325	0.0315	ripple_TLL18-19	82	152650
76.331	0.058	ripple_TLL15-16	80	152662
76.3325	0.0355	ripple_TLL1-2	74	152665
76.335	0.0795	ripple_TLL20-21	85	152670
76.3375	0.0495	ripple_TLL14-15	79	152675
76.338	0.067	ripple_TLL21-22	86	152676
76.342	0.036	ripple_TLL19-20	83	152684
76.342	0.0455	ripple_TLL22-23	87	152684
76.3485	0.034	ripple_TLL23-24	88	152697
76.3565	0.0365	ripple_TLL5-6	98	152713
76.3725	0.076	ripple_TLL30-31	95	152745
76.384	0.044	ripple_TLL31-32	96	152768
76.4135	0.0435	ripple_TLL27-28	91	152827
76.4235	0.245	ripple_TLL22-23	87	152847
76.429	0.2415	ripple_TLL23-24	88	152858
76.4295	0.1335	ripple_TLL19-20	83	152859
76.446	0.046	fr_TBAL3-4	3	152892
76.452	0.078	ripple_TLL18-19	82	152904
76.461	0.051	ripple_TLL9-10	101	152922
76.4815	0.104	ripple_TLL7-8	100	152963
76.4965	0.042	ripple_TLL13-14	78	152993
76.5105	0.034	ripple_TLL6-7	99	153021
76.5245	0.0715	ripple_TLL29-30	93	153049
76.5305	0.0445	ripple_TBPL2-3	72	153061
76.541	0.09	ripple_TLL4-5	97	153082
76.5515	0.223	ripple_TLL9-10	101	153103
76.563	0.053	ripple_TLL20-21	85	153126
76.5645	0.037	ripple_TLL21-22	86	153129
76.5715	0.0275	fr_TLL27-28	24	153143
76.5735	0.0675	fr_TBAL3-4	3	153147
76.577	0.013	fr_TLL25-26	22	153154
76.5935	0.0625	ripple_TLL15-16	80	153187
76.5965	0.2045	ripple_TBPL1-2	71	153193
76.597	0.0685	ripple_TLL6-7	99	153194
76.616	0.1095	ripple_TLL28-29	92	153232
76.6445	0.107	ripple_TLL20-21	85	153289
76.6545	0.01	fr_TLL13-14	11	153309
76.6665	0.0515	ripple_TLL19-20	83	153333
76.695	0.2325	ripple_TLL22-23	87	153390
76.709	0.034	ripple_TLL7-8	100	153418
76.7125	0.0415	ripple_TLL12-13	77	153425
76.7145	0.0345	ripple_TLL11-12	76	153429
76.7175	0.0575	ripple_TLL15-16	80	153435
76.7195	0.1325	ripple_TLL23-24	88	153439
76.7225	0.0665	ripple_TBPL2-3	72	153445
76.7415	0.035	ripple_TLL14-15	79	153483
76.7865	0.0735	ripple_TLL20-21	85	153573
76.7985	0.0535	ripple_TLL31-32	96	153597
76.808	0.0825	ripple_TLL6-7	99	153616
76.811	0.065	ripple_TLL30-31	95	153622
76.818	0.161	ripple_TBPL2-3	72	153636
76.833	0.0335	ripple_TLL19-20	83	153666
76.895	0.016	fr_TBAL3-4	3	153790
76.901	0.0575	ripple_TLL1-2	74	153802
76.908	0.0315	ripple_TLL2-3	84	153816
76.917	0.05	ripple_TLL14-15	79	153834
76.9185	0.048	ripple_TLL15-16	80	153837
76.925	0.035	ripple_TLL30-31	95	153850
76.931	0.047	ripple_TLL6-7	99	153862
76.9335	0.121	ripple_TLL7-8	100	153867
76.95	0.0495	ripple_TLL11-12	76	153900
76.9515	0.038	ripple_TLL20-21	85	153903
76.955	0.1635	ripple_TLL22-23	87	153910
76.9595	0.0305	ripple_TLL21-22	86	153919
76.9735	0.0855	ripple_TLL23-24	88	153947
76.974	0.0405	ripple_TLL18-19	82	153948
76.987	0.0675	ripple_TLL29-30	93	153974
76.989	0.032	ripple_TLL15-16	80	153978
76.9935	0.04	ripple_TLL30-31	95	153987
77.01	0.073	ripple_TBPL1-2	71	154020
77.0115	0.0525	ripple_TBPL2-3	72	154023
77.0115	0.1045	ripple_TLL2-3	84	154023
77.018	0.0615	ripple_TLL31-32	96	154036
77.0195	0.0385	ripple_TLL28-29	92	154039
77.0195	0.2295	ripple_TLL20-21	85	154039
77.0445	0.043	ripple_TLL26-27	90	154089
77.046	0.0475	ripple_TLL1-2	74	154092
77.065	0.1525	ripple_TLL19-20	83	154130
77.068	0.022	fr_TLL27-28	24	154136
77.08	0.0595	ripple_TLL14-15	79	154160
77.108	0.034	ripple_TBPL2-3	72	154216
77.116	0.0335	ripple_TLL1-2	74	154232
77.118	0.0855	ripple_TLL6-7	99	154236
77.1185	0.0405	ripple_TLL7-8	100	154237
77.1195	0.476	ripple_TLL29-30	93	154239
77.142	0.035	ripple_TBPL1-2	71	154284
77.152	0.0375	ripple_TLL27-28	91	154304
77.1965	0.112	ripple_TLL23-24	88	154393
77.1965	0.112	fr_TLL23-24	21	154393
77.1965	0.112	frandr_TLL23-24	55	154393
77.198	0.049	ripple_TLL14-15	79	154396
77.1985	0.2215	ripple_TLL22-23	87	154397
77.213	0.0385	ripple_TLL13-14	78	154426
77.222	0.0205	fr_TBAL3-4	3	154444
77.238	0.1625	ripple_TLL2-3	84	154476
77.2405	0.0405	ripple_TBPL2-3	72	154481
77.242	0.1235	ripple_TBPL3-4	73	154484
77.2635	0.1095	ripple_TLL21-22	86	154527
77.271	0.0955	ripple_TLL20-21	85	154542
77.272	0.0495	ripple_TBPL1-2	71	154544
77.2845	0.3245	ripple_TLL30-31	95	154569
77.304	0.0465	ripple_TBPL2-3	72	154608
77.318	0.012	fr_TLL25-26	22	154636
77.333	0.1145	ripple_TLL23-24	88	154666
77.336	0.037	ripple_TLL19-20	83	154672
77.3425	0.0645	ripple_TLL6-7	99	154685
77.355	0.0345	ripple_TLL14-15	79	154710
77.372	0.059	ripple_TLL5-6	98	154744
77.398	0.2045	ripple_TLL21-22	86	154796
77.3985	0.166	ripple_TLL31-32	96	154797
77.3995	0.1195	ripple_TLL20-21	85	154799
77.4005	0.038	ripple_TLL15-16	80	154801
77.409	0.0425	ripple_TLL18-19	82	154818
77.409	0.073	ripple_TLL1-2	74	154818
77.4145	0.108	ripple_TBPL2-3	72	154829
77.4175	0.0555	ripple_TBPL1-2	71	154835
77.44	0.04	ripple_TLL2-3	84	154880
77.447	0.0345	ripple_TLL13-14	78	154894
77.457	0.0485	ripple_TLL22-23	87	154914
77.463	0.051	ripple_TLL7-8	100	154926
77.4995	0.1065	ripple_TLL15-16	80	154999
77.5135	0.0295	ripple_TLL11-12	76	155027
77.5245	0.127	ripple_TLL23-24	88	155049
77.567	0.0795	ripple_TLL22-23	87	155134
77.58	0.1065	ripple_TLL19-20	83	155160
77.5935	0.0445	ripple_TLL6-7	99	155187
77.596	0.105	ripple_TLL20-21	85	155192
77.609	0.0405	ripple_TLL14-15	79	155218
77.6225	0.1585	ripple_TLL28-29	92	155245
77.6305	0.0385	ripple_TLL31-32	96	155261
77.648	0.0335	ripple_TLL1-2	74	155296
77.652	0.027	ripple_TBAL3-4	70	155304
77.663	0.0335	ripple_TLL11-12	76	155326
77.6695	0.031	ripple_TLL18-19	82	155339
77.67	0.033	ripple_TLL21-22	86	155340
77.6745	0.0375	ripple_TLL2-3	84	155349
77.6795	0.054	ripple_TLL14-15	79	155359
77.6805	0.2385	ripple_TBPL2-3	72	155361
77.689	0.12	ripple_TLL30-31	95	155378
77.692	0.1165	ripple_TLL29-30	93	155384
77.7105	0.164	ripple_TLL15-16	80	155421
77.711	0.0395	ripple_TLL7-8	100	155422
77.7145	0.0635	ripple_TBPL1-2	71	155429
77.7235	0.1205	ripple_TLL23-24	88	155447
77.7425	0.0355	ripple_TLL6-7	99	155485
77.799	0.07	ripple_TBPL3-4	73	155598
77.8125	0.0295	ripple_TLL22-23	87	155625
77.819	0.042	ripple_TLL31-32	96	155638
77.8245	0.0575	ripple_TLL27-28	91	155649
77.8285	0.0335	ripple_TLL19-20	83	155657
77.829	0.1385	ripple_TLL7-8	100	155658
77.841	0.1545	ripple_TLL30-31	95	155682
77.851	0.017	fr_TLL26-27	23	155702
77.855	0.036	ripple_TLL6-7	99	155710
77.856	0.1405	ripple_TLL29-30	93	155712
77.8745	0.079	ripple_TLL28-29	92	155749
77.897	0.097	ripple_TLL18-19	82	155794
77.9025	0.0275	ripple_TBPL1-2	71	155805
77.9045	0.0645	ripple_TLL19-20	83	155809
77.912	0.015	fr_TBAL3-4	3	155824
77.9125	0.043	ripple_TLL31-32	96	155825
77.9135	0.157	ripple_TLL23-24	88	155827
77.926	0.076	ripple_TLL14-15	79	155852
77.929	0.0715	ripple_TLL9-10	101	155858
77.941	0.058	ripple_TBPL2-3	72	155882
77.9595	0.098	ripple_TLL27-28	91	155919
77.9805	0.0995	ripple_TLL22-23	87	155961
77.981	0.0445	ripple_TLL2-3	84	155962
77.9895	0.0475	ripple_TLL19-20	83	155979
78.012	0.05	ripple_TLL7-8	100	156024
78.0125	0.0795	ripple_TBPL1-2	71	156025
78.0315	0.0515	ripple_TLL21-22	86	156063
78.035	0.086	ripple_TLL15-16	80	156070
78.046	0.038	ripple_TLL18-19	82	156092
78.0485	0.067	ripple_TBPL2-3	72	156097
78.0535	0.0715	ripple_TLL6-7	99	156107
78.077	0.0195	fr_TBAL3-4	3	156154
78.0895	0.0455	ripple_TLL5-6	98	156179
78.0925	0.0435	ripple_TLL3-4	94	156185
78.104	0.032	ripple_TLL9-10	101	156208
78.1245	0.0825	ripple_TLL23-24	88	156249
78.1335	0.0705	ripple_TLL19-20	83	156267
78.137	0.118	ripple_TLL20-21	85	156274
78.1525	0.044	ripple_TBPL1-2	71	156305
78.157	0.077	ripple_TLL22-23	87	156314
78.1615	0.081	ripple_TLL5-6	98	156323
78.1665	0.1005	ripple_TLL21-22	86	156333
78.178	0.0335	fr_TBAL3-4	3	156356
78.1865	0.05	ripple_TBPL2-3	72	156373
78.188	0.0575	ripple_TLL1-2	74	156376
78.2045	0.044	ripple_TLL7-8	100	156409
78.2175	0.123	ripple_TLL6-7	99	156435
78.254	0.0535	ripple_TLL18-19	82	156508
78.2605	0.0355	ripple_TLL15-16	80	156521
78.281	0.0355	ripple_TLL19-20	83	156562
78.2815	0.0515	ripple_TBPL2-3	72	156563
78.2825	0.5385	ripple_TLL23-24	88	156565
78.284	0.062	fr_TBAL3-4	3	156568
78.289	0.0335	ripple_TLL7-8	100	156578
78.307	0.034	ripple_TLL1-2	74	156614
78.314	0.034	ripple_TBPL1-2	71	156628
78.3355	0.0445	ripple_TLL31-32	96	156671
78.3425	0.4785	ripple_TLL22-23	87	156685
78.352	0.0435	ripple_TLL20-21	85	156704
78.3525	0.059	ripple_TLL19-20	83	156705
78.365	0.04	ripple_TLL11-12	76	156730
78.37	0.035	ripple_TLL4-5	97	156740
78.371	0.083	ripple_TLL5-6	98	156742
78.373	0.0345	ripple_TLL3-4	94	156746
78.384	0.0105	fr_TBAL3-4	3	156768
78.3905	0.2715	ripple_TBPL2-3	72	156781
78.392	0.211	ripple_TBPL1-2	71	156784
78.393	0.127	ripple_TLL6-7	99	156786
78.397	0.068	ripple_TLL21-22	86	156794
78.426	0.0395	ripple_TLL20-21	85	156852
78.4565	0.0255	fr_TBAL3-4	3	156913
78.469	0.0355	ripple_TLL10-11	75	156938
78.475	0.0795	ripple_TLL19-20	83	156950
78.4755	0.038	ripple_TLL25-26	89	156951
78.477	0.035	ripple_TLL14-15	79	156954
78.4905	0.093	ripple_TLL2-3	84	156981
78.517	0.0345	ripple_TLL1-2	74	157034
78.5195	0.0125	fr_TLL27-28	24	157039
78.52	0.035	fr_TBAL3-4	3	157040
78.536	0.038	ripple_TLL7-8	100	157072
78.5575	0.0305	ripple_TLL21-22	86	157115
78.561	0.049	ripple_TLL15-16	80	157122
78.595	0.037	ripple_TLL26-27	90	157190
78.596	0.041	ripple_TLL10-11	75	157192
78.5975	0.0525	ripple_TLL19-20	83	157195
78.64	0.059	fr_TBAL3-4	3	157280
78.6455	0.0865	ripple_TLL1-2	74	157291
78.65	0.0825	ripple_TLL11-12	76	157300
78.6565	0.2655	ripple_TLL31-32	96	157313
78.661	0.091	ripple_TBPL1-2	71	157322
78.667	0.071	ripple_TLL15-16	80	157334
78.67	0.1025	ripple_TLL19-20	83	157340
78.676	0.049	ripple_TLL29-30	93	157352
78.6835	0.052	ripple_TLL2-3	84	157367
78.688	0.044	ripple_TBPL3-4	73	157376
78.7015	0.039	ripple_TLL5-6	98	157403
78.706	0.076	ripple_TLL28-29	92	157412
78.708	0.034	ripple_TLL14-15	79	157416
78.7225	0.1325	ripple_TLL20-21	85	157445
78.7265	0.071	ripple_TLL6-7	99	157453
78.7325	0.061	ripple_TLL9-10	101	157465
78.735	0.0975	ripple_TLL7-8	100	157470
78.759	0.0405	ripple_TLL15-16	80	157518
78.7625	0.0565	ripple_TLL18-19	82	157525
78.779	0.0385	ripple_TLL10-11	75	157558
78.788	0.0835	ripple_TLL14-15	79	157576
78.7895	0.012	fr_TBAL3-4	3	157579
78.797	0.093	ripple_TLL5-6	98	157594
78.802	0.2925	ripple_TLL1-2	74	157604
78.813	0.0865	ripple_TLL19-20	83	157626
78.8185	0.09	ripple_TLL6-7	99	157637
78.8235	0.0785	ripple_TLL15-16	80	157647
78.8295	0.0335	ripple_TLL28-29	92	157659
78.8305	0.0345	ripple_TLL21-22	86	157661
78.8355	0.039	ripple_TLL11-12	76	157671
78.8365	0.038	ripple_TLL27-28	91	157673
78.848	0.1355	ripple_TBPL2-3	72	157696
78.8585	0.188	ripple_TLL18-19	82	157717
78.861	0.1235	ripple_TLL9-10	101	157722
78.879	0.115	ripple_TLL2-3	84	157758
78.881	0.0335	fr_TBAL3-4	3	157762
78.9015	0.0125	fr_TLL11-12	9	157803
78.9085	0.035	ripple_TLL17-18	81	157817
78.9135	0.0835	ripple_TLL7-8	100	157827
78.9295	0.123	ripple_TLL14-15	79	157859
78.9365	0.0405	ripple_TLL28-29	92	157873
78.944	0.0585	ripple_TLL10-11	75	157888
78.9455	0.0705	ripple_TLL31-32	96	157891
78.947	0.067	ripple_TLL19-20	83	157894
78.955	0.0375	ripple_TLL11-12	76	157910
78.9585	0.04	ripple_TLL15-16	80	157917
78.9675	0.2095	ripple_TLL6-7	99	157935
78.9685	0.0455	ripple_TLL17-18	81	157937
78.9765	0.035	ripple_TLL4-5	97	157953
78.978	0.0565	ripple_TLL30-31	95	157956
78.9905	0.0475	ripple_TLL29-30	93	157981
79.0105	0.0315	ripple_TLL20-21	85	158021
79.0195	0.1065	ripple_TBPL1-2	71	158039
79.045	0.0915	ripple_TLL31-32	96	158090
79.0455	0.074	ripple_TLL15-16	80	158091
79.0525	0.0425	ripple_TBPL2-3	72	158105
79.054	0.046	ripple_TLL2-3	84	158108
79.065	0.07	ripple_TLL30-31	95	158130
79.074	0.0275	fr_TBAL3-4	3	158148
79.0765	0.034	ripple_TLL20-21	85	158153
79.0795	0.029	ripple_TLL21-22	86	158159
79.093	0.0475	ripple_TLL29-30	93	158186
79.098	0.0685	ripple_TLL11-12	76	158196
79.1115	0.065	ripple_TLL18-19	82	158223
79.118	0.098	ripple_TLL28-29	92	158236
79.1305	0.2095	ripple_TBPL2-3	72	158261
79.135	0.039	ripple_TLL7-8	100	158270
79.14	0.0625	ripple_TLL23-24	88	158280
79.1475	0.036	ripple_TLL1-2	74	158295
79.1535	0.044	ripple_TLL5-6	98	158307
79.1605	0.0495	ripple_TLL27-28	91	158321
79.1665	0.188	ripple_TLL21-22	86	158333
79.173	0.1055	ripple_TLL31-32	96	158346
79.19	0.118	fr_TBAL3-4	3	158380
79.1915	0.299	ripple_TLL19-20	83	158383
79.21	0.043	ripple_TLL6-7	99	158420
79.2125	0.047	ripple_TLL11-12	76	158425
79.223	0.144	ripple_TLL18-19	82	158446
79.2235	0.075	ripple_TLL7-8	100	158447
79.2375	0.0745	ripple_TLL2-3	84	158475
79.2505	0.0605	ripple_TLL20-21	85	158501
79.2515	0.131	ripple_TLL28-29	92	158503
79.259	0.062	ripple_TLL5-6	98	158518
79.289	0.0745	ripple_TBPL1-2	71	158578
79.296	0.034	ripple_TLL15-16	80	158592
79.3065	0.037	ripple_TLL22-23	87	158613
79.3145	0.0855	ripple_TLL23-24	88	158629
79.326	0.0585	ripple_TLL7-8	100	158652
79.3275	0.044	ripple_TLL9-10	101	158655
79.332	0.074	ripple_TLL27-28	91	158664
79.34	0.161	ripple_TLL29-30	93	158680
79.343	0.173	ripple_TLL31-32	96	158686
79.3715	0.13	ripple_TLL20-21	85	158743
79.3775	0.038	ripple_TLL10-11	75	158755
79.4025	0.054	ripple_TBPL2-3	72	158805
79.406	0.1855	ripple_TLL18-19	82	158812
79.407	0.0195	fr_TBAL3-4	3	158814
79.4105	0.042	ripple_TLL22-23	87	158821
79.4135	0.0965	ripple_TLL15-16	80	158827
79.43	0.064	ripple_TLL21-22	86	158860
79.459	0.1125	ripple_TBPL1-2	71	158918
79.4615	0.033	ripple_TLL9-10	101	158923
79.464	0.149	ripple_TLL6-7	99	158928
79.5015	0.07	fr_TBAL3-4	3	159003
79.5055	0.038	ripple_TLL28-29	92	159011
79.508	0.0465	ripple_TLL13-14	78	159016
79.509	0.034	ripple_TLL3-4	94	159018
79.5105	0.0575	ripple_TLL14-15	79	159021
79.513	0.171	ripple_TLL7-8	100	159026
79.5165	0.1125	ripple_TLL22-23	87	159033
79.518	0.07	ripple_TLL19-20	83	159036
79.5235	0.066	ripple_TLL23-24	88	159047
79.542	0.05	ripple_TLL11-12	76	159084
79.542	0.058	ripple_TLL21-22	86	159084
79.542	0.058	fr_TLL21-22	19	159084
79.542	0.058	frandr_TLL21-22	53	159084
79.555	0.0615	ripple_TLL4-5	97	159110
79.556	0.146	ripple_TLL20-21	85	159112
79.564	0.1675	ripple_TLL30-31	95	159128
79.5865	0.033	ripple_TLL13-14	78	159173
79.587	0.032	ripple_TBPL2-3	72	159174
79.594	0.0395	ripple_TLL28-29	92	159188
79.6115	0.085	fr_TBAL3-4	3	159223
79.6225	0.125	ripple_TLL1-2	74	159245
79.623	0.0235	fr_TLL26-27	23	159246
79.632	0.028	fr_TLL27-28	24	159264
79.6495	0.215	ripple_TLL31-32	96	159299
79.6535	0.1	ripple_TLL21-22	86	159307
79.654	0.133	ripple_TLL19-20	83	159308
79.659	0.0455	ripple_TLL10-11	75	159318
79.659	0.0455	fr_TLL10-11	8	159318
79.659	0.0455	frandr_TLL10-11	42	159318
79.667	0.0355	ripple_TLL15-16	80	159334
79.6715	0.0845	ripple_TLL3-4	94	159343
79.679	0.057	ripple_TLL18-19	82	159358
79.6835	0.1455	ripple_TLL29-30	93	159367
79.695	0.016	fr_TBPL3-4	6	159390
79.708	0.037	ripple_TLL25-26	89	159416
79.708	0.0405	ripple_TLL28-29	92	159416
79.708	0.041	ripple_TLL2-3	84	159416
79.712	0.042	ripple_TLL14-15	79	159424
79.7665	0.165	ripple_TBPL2-3	72	159533
79.7785	0.061	fr_TBAL3-4	3	159557
79.7835	0.1365	ripple_TLL22-23	87	159567
79.7985	0.051	ripple_TLL7-8	100	159597
79.8035	0.163	ripple_TLL23-24	88	159607
79.8245	0.0755	ripple_TBPL1-2	71	159649
79.8265	0.0555	ripple_TLL10-11	75	159653
79.839	0.106	ripple_TLL26-27	90	159678
79.8485	0.1785	ripple_TLL6-7	99	159697
79.8535	0.0405	ripple_TLL1-2	74	159707
79.858	0.077	ripple_TLL29-30	93	159716
79.8605	0.0625	ripple_TLL9-10	101	159721
79.8845	0.016	fr_TBAL3-4	3	159769
79.885	0.081	ripple_TLL18-19	82	159770
79.885	0.083	ripple_TLL28-29	92	159770
79.8865	0.016	fr_TLL17-18	14	159773
79.907	0.086	ripple_TLL3-4	94	159814
79.924	0.024	fr_TBAL3-4	3	159848
79.9295	0.0515	ripple_TLL7-8	100	159859
79.938	0.082	ripple_TLL19-20	83	159876
79.942	0.034	ripple_TLL14-15	79	159884
79.9465	0.092	ripple_TLL22-23	87	159893
79.9485	0.0445	ripple_TBAL3-4	70	159897
79.9485	0.0685	ripple_TLL15-16	80	159897
79.958	0.058	ripple_TBPL1-2	71	159916
79.961	0.04	ripple_TLL2-3	84	159922
79.962	0.046	ripple_TBPL2-3	72	159924
79.9715	0.1315	ripple_TLL29-30	93	159943
79.9715	0.1315	fr_TLL29-30	26	159943
79.9715	0.1315	frandr_TLL29-30	60	159943
79.988	0.059	ripple_TLL30-31	95	159976
79.989	0.071	ripple_TLL31-32	96	159978
79.999	0.0645	ripple_TLL11-12	76	159998
80.005	0.039	ripple_TLL1-2	74	160010
80.0055	0.112	fr_TBAL3-4	3	160011
80.0075	0.0315	ripple_TLL9-10	101	160015
80.009	0.0565	ripple_TLL10-11	75	160018
80.0095	0.0325	ripple_TLL14-15	79	160019
80.0195	0.0455	ripple_TLL7-8	100	160039
80.0285	0.2395	ripple_TLL21-22	86	160057
80.036	0.0625	ripple_TLL28-29	92	160072
80.054	0.0305	ripple_TBPL1-2	71	160108
80.0575	0.0365	ripple_TLL3-4	94	160115
80.08	0.031	ripple_TLL31-32	96	160160
80.0805	0.146	ripple_TLL6-7	99	160161
80.0875	0.1755	ripple_TLL22-23	87	160175
80.107	0.066	ripple_TLL18-19	82	160214
80.109	0.3135	ripple_TBPL1-2	71	160218
80.112	0.0805	ripple_TLL7-8	100	160224
80.129	0.071	ripple_TLL19-20	83	160258
80.1295	0.0325	ripple_TLL29-30	93	160259
80.1335	0.047	ripple_TLL4-5	97	160267
80.1365	0.0475	ripple_TLL28-29	92	160273
80.147	0.084	ripple_TLL14-15	79	160294
80.151	0.1425	ripple_TLL15-16	80	160302
80.159	0.039	ripple_TBAL3-4	70	160318
80.159	0.039	fr_TBAL3-4	3	160318
80.159	0.039	frandr_TBAL3-4	37	160318
80.1615	0.0465	ripple_TLL2-3	84	160323
80.175	0.0975	ripple_TLL31-32	96	160350
80.177	0.012	fr_TBAL2-3	2	160354
80.205	0.057	ripple_TLL18-19	82	160410
80.2055	0.066	ripple_TLL20-21	85	160411
80.232	0.1735	ripple_TLL29-30	93	160464
80.233	0.073	ripple_TLL30-31	95	160466
80.236	0.043	ripple_TBPL2-3	72	160472
80.2415	0.1195	ripple_TLL19-20	83	160483
80.2525	0.0515	ripple_TLL7-8	100	160505
80.256	0.085	ripple_TLL1-2	74	160512
80.2605	0.0125	fr_TBAL2-3	2	160521
80.2835	0.151	ripple_TLL6-7	99	160567
80.3115	0.3505	ripple_TLL23-24	88	160623
80.313	0.051	fr_TBAL3-4	3	160626
80.325	0.0375	ripple_TBPL2-3	72	160650
80.326	0.049	ripple_TLL21-22	86	160652
80.326	0.1115	ripple_TLL27-28	91	160652
80.326	0.1115	fr_TLL27-28	24	160652
80.326	0.1115	frandr_TLL27-28	58	160652
80.33	0.1225	ripple_TLL22-23	87	160660
80.3385	0.036	ripple_TLL4-5	97	160677
80.3435	0.0885	ripple_TLL30-31	95	160687
80.345	0.092	ripple_TLL26-27	90	160690
80.3455	0.0635	ripple_TLL5-6	98	160691
80.3495	0.055	ripple_TLL7-8	100	160699
80.385	0.085	ripple_TLL15-16	80	160770
80.3975	0.0335	ripple_TLL18-19	82	160795
80.4205	0.0795	ripple_TLL28-29	92	160841
80.431	0.163	ripple_TLL7-8	100	160862
80.446	0.0615	ripple_TLL1-2	74	160892
80.4495	0.04	ripple_TLL19-20	83	160899
80.468	0.0945	ripple_TLL31-32	96	160936
80.473	0.2055	ripple_TLL30-31	95	160946
80.4765	0.0265	fr_TBAL3-4	3	160953
80.477	0.075	ripple_TLL3-4	94	160954
80.516	0.0505	ripple_TLL27-28	91	161032
80.5345	0.0985	ripple_TLL22-23	87	161069
80.5535	0.0875	fr_TBAL3-4	3	161107
80.5665	0.049	ripple_TLL2-3	84	161133
80.573	0.112	ripple_TLL28-29	92	161146
80.5775	0.0465	ripple_TLL26-27	90	161155
80.584	0.07	ripple_TLL19-20	83	161168
80.5895	0.047	ripple_TBAL1-2	68	161179
80.5915	0.1685	ripple_TLL29-30	93	161183
80.6035	0.038	ripple_TLL15-16	80	161207
80.615	0.0855	ripple_TLL6-7	99	161230
80.6175	0.0745	ripple_TLL7-8	100	161235
80.625	0.0745	ripple_TLL14-15	79	161250
80.6325	0.065	ripple_TLL13-14	78	161265
80.6465	0.073	ripple_TLL21-22	86	161293
80.66	0.0575	ripple_TLL20-21	85	161320
80.689	0.102	ripple_TLL19-20	83	161378
80.6975	0.133	ripple_TBPL1-2	71	161395
80.718	0.193	ripple_TLL18-19	82	161436
80.721	0.0415	ripple_TLL15-16	80	161442
80.7275	0.039	ripple_TLL30-31	95	161455
80.733	0.109	ripple_TLL22-23	87	161466
80.7355	0.041	ripple_TLL23-24	88	161471
80.7455	0.0695	ripple_TLL7-8	100	161491
80.7535	0.083	fr_TBAL3-4	3	161507
80.799	0.0465	ripple_TLL23-24	88	161598
80.8015	0.0345	ripple_TLL28-29	92	161603
80.8095	0.049	ripple_TLL29-30	93	161619
80.811	0.063	ripple_TLL11-12	76	161622
80.8135	0.088	ripple_TLL21-22	86	161627
80.8275	0.039	ripple_TLL2-3	84	161655
80.8345	0.053	ripple_TLL30-31	95	161669
80.8535	0.0355	ripple_TLL6-7	99	161707
80.856	0.041	ripple_TLL14-15	79	161712
80.861	0.0805	ripple_TLL15-16	80	161722
80.8655	0.035	ripple_TBAL2-3	69	161731
80.8725	0.0865	ripple_TLL1-2	74	161745
80.8895	0.0375	ripple_TLL27-28	91	161779
80.892	0.1435	ripple_TLL31-32	96	161784
80.912	0.0495	ripple_TLL23-24	88	161824
80.933	0.0355	ripple_TLL19-20	83	161866
80.982	0.149	ripple_TLL14-15	79	161964
80.9965	0.0465	ripple_TLL21-22	86	161993
81.006	0.045	ripple_TLL20-21	85	162012
81.0245	0.038	ripple_TLL28-29	92	162049
81.0315	0.0395	ripple_TLL15-16	80	162063
81.041	0.092	ripple_TLL1-2	74	162082
81.064	0.144	ripple_TLL6-7	99	162128
81.0715	0.2595	ripple_TLL23-24	88	162143
81.0725	0.0535	ripple_TLL22-23	87	162145
81.0875	0.0555	ripple_TLL19-20	83	162175
81.089	0.015	fr_TLL26-27	23	162178
81.101	0.164	ripple_TBPL2-3	72	162202
81.1055	0.036	ripple_TLL20-21	85	162211
81.107	0.0775	ripple_TLL30-31	95	162214
81.132	0.1165	ripple_TLL31-32	96	162264
81.1485	0.222	ripple_TLL29-30	93	162297
81.1525	0.1815	ripple_TBPL1-2	71	162305
81.153	0.054	ripple_TLL7-8	100	162306
81.157	0.12	ripple_TLL18-19	82	162314
81.163	0.2345	ripple_TLL20-21	85	162326
81.164	0.025	fr_TBAL3-4	3	162328
81.1655	0.2675	ripple_TLL21-22	86	162331
81.1695	0.0485	ripple_TLL13-14	78	162339
81.172	0.256	ripple_TLL22-23	87	162344
81.2095	0.0145	fr_TLL27-28	24	162419
81.2145	0.021	fr_TBAL3-4	3	162429
81.2215	0.0705	ripple_TLL3-4	94	162443
81.226	0.0575	ripple_TLL4-5	97	162452
81.2305	0.052	ripple_TLL1-2	74	162461
81.2505	0.0995	ripple_TLL13-14	78	162501
81.2655	0.0815	ripple_TLL30-31	95	162531
81.2655	0.0815	fr_TLL30-31	28	162531
81.2655	0.0815	frandr_TLL30-31	61	162531
81.2685	0.0525	ripple_TLL2-3	84	162537
81.2805	0.0925	ripple_TBAL3-4	70	162561
81.2805	0.0925	fr_TBAL3-4	3	162561
81.2805	0.0925	frandr_TBAL3-4	37	162561
81.2875	0.066	ripple_TLL7-8	100	162575
81.302	0.0385	ripple_TLL31-32	96	162604
81.304	0.2565	ripple_TLL18-19	82	162608
81.325	0.0375	ripple_TBPL2-3	72	162650
81.3265	0.0365	ripple_TLL28-29	92	162653
81.341	0.047	ripple_TLL6-7	99	162682
81.3715	0.056	ripple_TLL23-24	88	162743
81.397	0.043	ripple_TLL9-10	101	162794
81.397	0.103	ripple_TBPL2-3	72	162794
81.402	0.224	ripple_TLL29-30	93	162804
81.4035	0.2095	ripple_TLL19-20	83	162807
81.4365	0.148	ripple_TLL1-2	74	162873
81.441	0.171	ripple_TLL20-21	85	162882
81.4465	0.072	ripple_TBPL1-2	71	162893
81.448	0.226	ripple_TLL30-31	95	162896
81.4645	0.0285	ripple_TBAL2-3	69	162929
81.4725	0.0595	ripple_TLL3-4	94	162945
81.474	0.074	ripple_TLL6-7	99	162948
81.477	0.202	ripple_TLL23-24	88	162954
81.4815	0.0345	ripple_TLL7-8	100	162963
81.493	0.035	ripple_TLL14-15	79	162986
81.5065	0.0535	ripple_TLL13-14	78	163013
81.51	0.1005	ripple_TLL22-23	87	163020
81.522	0.0475	ripple_TLL2-3	84	163044
81.542	0.0605	ripple_TLL10-11	75	163084
81.55	0.087	ripple_TBPL2-3	72	163100
81.5535	0.0365	ripple_TBPL1-2	71	163107
81.554	0.011	fr_TBAL3-4	3	163108
81.5715	0.039	ripple_TLL14-15	79	163143
81.583	0.0125	fr_TLL18-19	15	163166
81.6015	0.047	ripple_TBPL3-4	73	163203
81.606	0.038	ripple_TLL13-14	78	163212
81.6095	0.04	ripple_TLL4-5	97	163219
81.6105	0.028	ripple_TBPL1-2	71	163221
81.613	0.034	ripple_TLL31-32	96	163226
81.6205	0.102	ripple_TLL1-2	74	163241
81.6235	0.046	ripple_TLL11-12	76	163247
81.6235	0.0805	ripple_TLL27-28	91	163247
81.6385	0.072	ripple_TLL2-3	84	163277
81.6495	0.015	fr_TLL5-6	31	163299
81.6495	0.1975	ripple_TLL29-30	93	163299
81.653	0.027	fr_TBAL3-4	3	163306
81.66	0.1275	ripple_TLL6-7	99	163320
81.6645	0.0755	ripple_TLL7-8	100	163329
81.6725	0.033	ripple_TLL4-5	97	163345
81.6755	0.0555	ripple_TBPL2-3	72	163351
81.6865	0.159	ripple_TLL5-6	98	163373
81.6955	0.0755	ripple_TLL19-20	83	163391
81.6965	0.4175	ripple_TLL22-23	87	163393
81.6995	0.2955	ripple_TLL23-24	88	163399
81.7235	0.0325	ripple_TLL15-16	80	163447
81.7245	0.131	ripple_TLL20-21	85	163449
81.7305	0.0545	ripple_TLL31-32	96	163461
81.749	0.059	ripple_TLL18-19	82	163498
81.7495	0.0335	ripple_TBAL1-2	68	163499
81.7635	0.0765	ripple_TLL30-31	95	163527
81.7785	0.0305	ripple_TLL2-3	84	163557
81.7795	0.0855	ripple_TBPL2-3	72	163559
81.78	0.0285	ripple_TLL1-2	74	163560
81.786	0.102	ripple_TLL7-8	100	163572
81.8235	0.062	ripple_TLL19-20	83	163647
81.83	0.315	ripple_TLL1-2	74	163660
81.831	0.0535	ripple_TLL6-7	99	163662
81.832	0.0565	ripple_TLL31-32	96	163664
81.835	0.0255	ripple_TLL2-3	84	163670
81.8365	0.0405	ripple_TLL27-28	91	163673
81.841	0.059	ripple_TLL15-16	80	163682
81.8585	0.0465	ripple_TLL14-15	79	163717
81.8595	0.023	fr_TBAL3-4	3	163719
81.8595	0.044	ripple_TLL21-22	86	163719
81.89	0.141	ripple_TLL2-3	84	163780
81.8915	0.045	ripple_TLL18-19	82	163783
81.8965	0.1365	ripple_TLL29-30	93	163793
81.899	0.0275	ripple_TLL30-31	95	163798
81.9225	0.0965	ripple_TLL20-21	85	163845
81.923	0.0375	ripple_TLL5-6	98	163846
81.924	0.061	ripple_TLL15-16	80	163848
81.9275	0.0485	ripple_TLL31-32	96	163855
81.9375	0.0135	fr_TBPL3-4	6	163875
81.9635	0.145	ripple_TLL7-8	100	163927
81.975	0.0135	fr_TBAL3-4	3	163950
81.975	0.1115	ripple_TLL30-31	95	163950
81.9765	0.0635	ripple_TLL19-20	83	163953
81.982	0.1325	ripple_TBPL2-3	72	163964
82.0105	0.134	ripple_TLL31-32	96	164021
82.019	0.118	ripple_TLL23-24	88	164038
82.0265	0.044	ripple_TLL21-22	86	164053
82.0565	0.1535	ripple_TLL29-30	93	164113
82.0585	0.0575	ripple_TLL14-15	79	164117
82.065	0.0385	ripple_TLL13-14	78	164130
82.0715	0.0585	ripple_TLL6-7	99	164143
82.075	0.013	fr_TBAL3-4	3	164150
82.0875	0.064	ripple_TBPL3-4	73	164175
82.0935	0.1535	ripple_TLL2-3	84	164187
82.1115	0.0595	ripple_TLL30-31	95	164223
82.1385	0.0425	ripple_TLL15-16	80	164277
82.154	0.0495	ripple_TLL21-22	86	164308
82.1695	0.0995	ripple_TLL22-23	87	164339
82.1735	0.3885	ripple_TLL23-24	88	164347
82.205	0.1415	ripple_TLL6-7	99	164410
82.2215	0.069	ripple_TLL30-31	95	164443
82.2385	0.1855	ripple_TLL20-21	85	164477
82.256	0.1595	ripple_TLL21-22	86	164512
82.2565	0.0895	ripple_TLL7-8	100	164513
82.258	0.049	ripple_TLL29-30	93	164516
82.261	0.0425	ripple_TLL4-5	97	164522
82.2635	0.0465	ripple_TLL1-2	74	164527
82.2675	0.048	ripple_TLL2-3	84	164535
82.3035	0.2575	ripple_TBPL1-2	71	164607
82.322	0.1155	ripple_TLL22-23	87	164644
82.327	0.071	ripple_TLL14-15	79	164654
82.3305	0.1235	ripple_TLL19-20	83	164661
82.358	0.0395	ripple_TBPL2-3	72	164716
82.3625	0.0335	ripple_TLL15-16	80	164725
82.3795	0.04	ripple_TLL1-2	74	164759
82.389	0.048	ripple_TLL25-26	89	164778
82.4265	0.0305	ripple_TLL30-31	95	164853
82.4305	0.072	ripple_TLL7-8	100	164861
82.4385	0.032	ripple_TBPL2-3	72	164877
82.4395	0.0375	ripple_TLL1-2	74	164879
82.4645	0.0275	ripple_TLL14-15	79	164929
82.4675	0.129	ripple_TLL21-22	86	164935
82.477	0.0865	ripple_TLL22-23	87	164954
82.4935	0.044	ripple_TLL30-31	95	164987
82.507	0.0715	ripple_TLL31-32	96	165014
82.522	0.0565	ripple_TBPL2-3	72	165044
82.5425	0.034	ripple_TLL19-20	83	165085
82.5535	0.1795	ripple_TLL1-2	74	165107
82.5675	0.0135	fr_TBAL3-4	3	165135
82.573	0.0565	ripple_TLL3-4	94	165146
82.5825	0.086	ripple_TBPL1-2	71	165165
82.592	0.0585	ripple_TLL23-24	88	165184
82.621	0.1245	ripple_TLL20-21	85	165242
82.6265	0.094	ripple_TLL15-16	80	165253
82.635	0.111	ripple_TLL27-28	91	165270
82.635	0.111	fr_TLL27-28	24	165270
82.635	0.111	frandr_TLL27-28	58	165270
82.638	0.0375	ripple_TLL14-15	79	165276
82.6405	0.0725	ripple_TLL19-20	83	165281
82.6485	0.035	ripple_TLL13-14	78	165297
82.6565	0.066	ripple_TLL6-7	99	165313
82.6635	0.058	ripple_TLL26-27	90	165327
82.6875	0.0505	fr_TBAL3-4	3	165375
82.689	0.3095	ripple_TBPL1-2	71	165378
82.7025	0.0345	ripple_TLL29-30	93	165405
82.7105	0.0985	ripple_TLL7-8	100	165421
82.7175	0.0145	fr_TBAL2-3	2	165435
82.7195	0.2515	ripple_TLL22-23	87	165439
82.7375	0.0365	ripple_TLL13-14	78	165475
82.7425	0.072	ripple_TLL28-29	92	165485
82.756	0.0545	ripple_TLL14-15	79	165512
82.758	0.0795	ripple_TLL29-30	93	165516
82.7605	0.02	fr_TBPL3-4	6	165521
82.807	0.16	ripple_TLL27-28	91	165614
82.807	0.16	fr_TLL27-28	24	165614
82.807	0.16	frandr_TLL27-28	58	165614
82.808	0.0405	ripple_TLL30-31	95	165616
82.8145	0.1835	ripple_TLL23-24	88	165629
82.8385	0.0275	ripple_TBAL3-4	70	165677
82.8385	0.0275	fr_TBAL3-4	3	165677
82.8385	0.0275	frandr_TBAL3-4	37	165677
82.841	0.067	ripple_TLL12-13	77	165682
82.842	0.0645	ripple_TLL13-14	78	165684
82.865	0.1805	ripple_TLL28-29	92	165730
82.8715	0.0425	ripple_TLL7-8	100	165743
82.879	0.047	ripple_TLL30-31	95	165758
82.8795	0.0385	ripple_TBPL2-3	72	165759
82.882	0.1265	ripple_TLL19-20	83	165764
82.888	0.037	ripple_TLL3-4	94	165776
82.893	0.0335	ripple_TLL31-32	96	165786
82.908	0.0415	fr_TBAL3-4	3	165816
82.915	0.058	ripple_TLL1-2	74	165830
82.928	0.02	fr_TLL25-26	22	165856
82.933	0.122	ripple_TLL29-30	93	165866
82.952	0.1355	ripple_TLL13-14	78	165904
82.972	0.0115	fr_TLL27-28	24	165944
82.976	0.0585	ripple_TLL15-16	80	165952
82.9795	0.048	ripple_TLL7-8	100	165959
82.9795	0.0615	ripple_TLL6-7	99	165959
82.9905	0.11	ripple_TLL14-15	79	165981
83.002	0.011	fr_TBPL3-4	6	166004
83.008	0.0885	ripple_TLL21-22	86	166016
83.015	0.0965	ripple_TLL2-3	84	166030
83.0165	0.04	ripple_TLL1-2	74	166033
83.0255	0.048	ripple_TLL5-6	98	166051
83.0275	0.058	ripple_TBPL1-2	71	166055
83.029	0.041	ripple_TBPL2-3	72	166058
83.049	0.013	fr_TLL27-28	24	166098
83.05	0.142	ripple_TBAL3-4	70	166100
83.05	0.142	fr_TBAL3-4	3	166100
83.05	0.142	frandr_TBAL3-4	37	166100
83.0525	0.064	ripple_TLL31-32	96	166105
83.0755	0.067	ripple_TLL19-20	83	166151
83.083	0.0345	ripple_TLL10-11	75	166166
83.092	0.049	ripple_TLL3-4	94	166184
83.0975	0.049	ripple_TLL7-8	100	166195
83.1165	0.0905	ripple_TBPL2-3	72	166233
83.1205	0.083	ripple_TLL29-30	93	166241
83.1325	0.0365	ripple_TLL6-7	99	166265
83.133	0.0645	ripple_TLL1-2	74	166266
83.173	0.0525	ripple_TLL30-31	95	166346
83.177	0.077	ripple_TLL23-24	88	166354
83.1865	0.1785	ripple_TLL31-32	96	166373
83.1975	0.0575	ripple_TLL6-7	99	166395
83.2	0.0115	fr_TLL1-2	7	166400
83.204	0.06	ripple_TLL28-29	92	166408
83.2045	0.039	ripple_TLL9-10	101	166409
83.2135	0.0495	ripple_TLL5-6	98	166427
83.228	0.012	fr_TLL27-28	24	166456
83.234	0.0365	ripple_TLL2-3	84	166468
83.2415	0.17	ripple_TLL29-30	93	166483
83.2455	0.1575	ripple_TBPL2-3	72	166491
83.277	0.0555	ripple_TLL13-14	78	166554
83.298	0.0645	ripple_TLL21-22	86	166596
83.298	0.0925	ripple_TLL14-15	79	166596
83.299	0.0885	ripple_TLL30-31	95	166598
83.327	0.071	ripple_TLL15-16	80	166654
83.3365	0.04	ripple_TLL7-8	100	166673
83.349	0.089	ripple_TLL28-29	92	166698
83.3555	0.011	fr_TLL27-28	24	166711
83.3805	0.033	ripple_TLL27-28	91	166761
83.385	0.0425	ripple_TLL13-14	78	166770
83.3895	0.014	fr_TBPL3-4	6	166779
83.393	0.0305	ripple_TLL5-6	98	166786
83.398	0.174	ripple_TLL1-2	74	166796
83.3995	0.115	ripple_TLL19-20	83	166799
83.403	0.07	ripple_TLL22-23	87	166806
83.4095	0.1005	fr_TBAL3-4	3	166819
83.42	0.0635	ripple_TLL20-21	85	166840
83.425	0.0945	ripple_TLL30-31	95	166850
83.4425	0.06	ripple_TLL27-28	91	166885
83.4445	0.148	ripple_TLL29-30	93	166889
83.4705	0.033	ripple_TLL31-32	96	166941
83.4755	0.1175	ripple_TBPL2-3	72	166951
83.4825	0.0525	ripple_TLL28-29	92	166965
83.4845	0.0115	fr_TBAL2-3	2	166969
83.4855	0.12	ripple_TLL21-22	86	166971
83.495	0.365	ripple_TBPL1-2	71	166990
83.495	0.365	fr_TBPL1-2	4	166990
83.495	0.365	frandr_TBPL1-2	38	166990
83.516	0.0545	ripple_TLL6-7	99	167032
83.535	0.056	ripple_TLL4-5	97	167070
83.539	0.033	ripple_TLL27-28	91	167078
83.549	0.0355	ripple_TLL3-4	94	167098
83.5695	0.169	ripple_TLL28-29	92	167139
83.581	0.011	fr_TLL26-27	23	167162
83.591	0.0495	ripple_TLL6-7	99	167182
83.593	0.136	ripple_TBAL3-4	70	167186
83.593	0.136	fr_TBAL3-4	3	167186
83.593	0.136	frandr_TBAL3-4	37	167186
83.5965	0.062	ripple_TLL12-13	77	167193
83.604	0.09	ripple_TLL14-15	79	167208
83.609	0.029	fr_TLL27-28	24	167218
83.6145	0.0755	ripple_TLL7-8	100	167229
83.628	0.042	ripple_TLL29-30	93	167256
83.6295	0.05	ripple_TLL2-3	84	167259
83.6375	0.0545	ripple_TBPL2-3	72	167275
83.6485	0.221	ripple_TLL21-22	86	167297
83.649	0.1445	ripple_TLL30-31	95	167298
83.653	0.186	ripple_TLL20-21	85	167306
83.654	0.126	ripple_TLL31-32	96	167308
83.671	0.185	ripple_TLL19-20	83	167342
83.6755	0.0665	ripple_TLL9-10	101	167351
83.679	0.038	ripple_TLL13-14	78	167358
83.6885	0.1665	ripple_TLL1-2	74	167377
83.7155	0.061	ripple_TLL23-24	88	167431
83.722	0.0405	ripple_TLL4-5	97	167444
83.7255	0.063	ripple_TLL3-4	94	167451
83.7305	0.071	ripple_TLL27-28	91	167461
83.742	0.031	ripple_TLL7-8	100	167484
83.746	0.03	ripple_TLL29-30	93	167492
83.755	0.0785	ripple_TLL18-19	82	167510
83.803	0.0435	ripple_TLL14-15	79	167606
83.8195	0.099	ripple_TLL31-32	96	167639
83.8395	0.3385	ripple_TLL3-4	94	167679
83.8425	0.2215	ripple_TLL30-31	95	167685
83.851	0.0105	fr_TBAL3-4	3	167702
83.8605	0.0965	ripple_TLL29-30	93	167721
83.861	0.0545	ripple_TLL2-3	84	167722
83.863	0.1035	ripple_TBPL2-3	72	167726
83.8845	0.0625	ripple_TLL14-15	79	167769
83.8895	0.1595	ripple_TLL11-12	76	167779
83.8935	0.0785	ripple_TLL18-19	82	167787
83.906	0.0685	ripple_TLL27-28	91	167812
83.91	0.188	ripple_TBPL1-2	71	167820
83.9165	0.0495	ripple_TLL1-2	74	167833
83.9175	0.044	ripple_TLL15-16	80	167835
83.9255	0.054	ripple_TLL5-6	98	167851
83.9325	0.0165	fr_TBAL3-4	3	167865
83.938	0.0365	ripple_TLL6-7	99	167876
83.9395	0.058	ripple_TLL31-32	96	167879
83.941	0.24	ripple_TLL20-21	85	167882
83.945	0.088	ripple_TLL26-27	90	167890
83.9505	0.1025	ripple_TLL12-13	77	167901
83.96	0.0455	ripple_TLL22-23	87	167920
83.9695	0.105	ripple_TLL19-20	83	167939
83.993	0.0405	ripple_TLL15-16	80	167986
84.0135	0.0335	ripple_TLL6-7	99	168027
84.0295	0.3245	ripple_TBPL2-3	72	168059
84.031	0.142	ripple_TLL4-5	97	168062
84.043	0.0385	ripple_TLL1-2	74	168086
84.0435	0.0935	ripple_TLL2-3	84	168087
84.0655	0.0395	ripple_TLL31-32	96	168131
84.0755	0.087	ripple_TLL15-16	80	168151
84.098	0.03	fr_TBAL3-4	3	168196
84.0985	0.068	ripple_TLL18-19	82	168197
84.0985	0.176	ripple_TLL14-15	79	168197
84.105	0.036	ripple_TLL1-2	74	168210
84.1325	0.067	ripple_TLL27-28	91	168265
84.1325	0.0925	ripple_TLL28-29	92	168265
84.1455	0.094	ripple_TLL13-14	78	168291
84.187	0.1795	ripple_TLL31-32	96	168374
84.2015	0.0405	ripple_TLL29-30	93	168403
84.2025	0.105	ripple_TLL30-31	95	168405
84.205	0.015	fr_TBAL3-4	3	168410
84.2195	0.0325	ripple_TLL12-13	77	168439
84.226	0.0335	ripple_TLL21-22	86	168452
84.2425	0.044	ripple_TLL20-21	85	168485
84.245	0.0745	ripple_TBPL1-2	71	168490
84.2495	0.0455	ripple_TLL28-29	92	168499
84.256	0.038	ripple_TLL19-20	83	168512
84.258	0.0505	ripple_TLL7-8	100	168516
84.2615	0.037	ripple_TLL1-2	74	168523
84.2705	0.0465	ripple_TLL6-7	99	168541
84.2835	0.164	ripple_TLL29-30	93	168567
84.3125	0.086	ripple_TLL20-21	85	168625
84.322	0.2235	ripple_TLL19-20	83	168644
84.331	0.1605	ripple_TLL14-15	79	168662
84.3315	0.056	ripple_TLL18-19	82	168663
84.365	0.0805	ripple_TLL28-29	92	168730
84.366	0.087	ripple_TLL7-8	100	168732
84.3665	0.2575	ripple_TLL6-7	99	168733
84.381	0.076	ripple_TLL30-31	95	168762
84.386	0.0475	ripple_TLL11-12	76	168772
84.386	0.0615	ripple_TLL12-13	77	168772
84.3945	0.0765	ripple_TLL31-32	96	168789
84.398	0.2655	ripple_TLL1-2	74	168796
84.3995	0.039	ripple_TLL13-14	78	168799
84.4045	0.094	ripple_TLL2-3	84	168809
84.407	0.132	ripple_TLL21-22	86	168814
84.4205	0.078	ripple_TBPL3-4	73	168841
84.4215	0.0885	ripple_TBPL2-3	72	168843
84.4635	0.2605	ripple_TLL22-23	87	168927
84.486	0.067	ripple_TLL15-16	80	168972
84.4935	0.045	ripple_TLL9-10	101	168987
84.5025	0.0505	ripple_TLL3-4	94	169005
84.51	0.1865	ripple_TLL30-31	95	169020
84.5265	0.0265	ripple_TLL2-3	84	169053
84.5275	0.068	ripple_TLL23-24	88	169055
84.532	0.0185	fr_TLL12-13	10	169064
84.536	0.0635	ripple_TLL29-30	93	169072
84.5445	0.118	ripple_TLL20-21	85	169089
84.548	0.0445	ripple_TLL26-27	90	169096
84.5495	0.043	ripple_TLL27-28	91	169099
84.5595	0.04	ripple_TLL11-12	76	169119
84.5635	0.0485	ripple_TLL31-32	96	169127
84.587	0.0335	ripple_TLL15-16	80	169174
84.6025	0.066	ripple_TLL21-22	86	169205
84.607	0.036	ripple_TLL10-11	75	169214
84.622	0.2345	ripple_TLL28-29	92	169244
84.625	0.028	ripple_TLL2-3	84	169250
84.633	0.143	ripple_TLL27-28	91	169266
84.644	0.117	ripple_TLL4-5	97	169288
84.668	0.0395	ripple_TLL15-16	80	169336
84.682	0.043	ripple_TLL23-24	88	169364
84.7105	0.083	ripple_TLL3-4	94	169421
84.7125	0.047	ripple_TLL1-2	74	169425
84.7425	0.237	ripple_TBPL2-3	72	169485
84.7455	0.097	ripple_TLL2-3	84	169491
84.7505	0.0875	ripple_TLL21-22	86	169501
84.755	0.0855	ripple_TLL23-24	88	169510
84.7685	0.0615	ripple_TLL31-32	96	169537
84.7785	0.0515	ripple_TLL30-31	95	169557
84.79	0.0465	ripple_TLL1-2	74	169580
84.792	0.0135	fr_TBPL1-2	4	169584
84.798	0.038	ripple_TLL6-7	99	169596
84.803	0.2275	ripple_TLL20-21	85	169606
84.806	0.031	ripple_TLL7-8	100	169612
84.815	0.05	ripple_TLL29-30	93	169630
84.823	0.137	ripple_TLL22-23	87	169646
84.8315	0.0445	ripple_TLL18-19	82	169663
84.8395	0.075	ripple_TLL14-15	79	169679
84.861	0.212	ripple_TLL15-16	80	169722
84.881	0.0585	ripple_TLL19-20	83	169762
84.883	0.374	ripple_TLL31-32	96	169766
84.888	0.2315	ripple_TLL6-7	99	169776
84.8925	0.069	ripple_TLL4-5	97	169785
84.9065	0.037	ripple_TLL30-31	95	169813
84.911	0.023	ripple_TLL1-2	74	169822
84.911	0.045	ripple_TLL29-30	93	169822
84.948	0.0365	ripple_TLL3-4	94	169896
84.9675	0.032	ripple_TLL19-20	83	169935
84.9675	0.063	ripple_TLL18-19	82	169935
85.009	0.095	ripple_TLL27-28	91	170018
85.0255	0.074	ripple_TLL22-23	87	170051
85.0265	0.1495	ripple_TLL29-30	93	170053
85.04	0.04	ripple_TLL14-15	79	170080
85.042	0.0805	ripple_TLL19-20	83	170084
85.045	0.091	ripple_TLL30-31	95	170090
85.054	0.0845	ripple_TLL7-8	100	170108
85.066	0.1145	ripple_TLL28-29	92	170132
85.089	0.15	ripple_TLL21-22	86	170178
85.096	0.0955	ripple_TBPL2-3	72	170192
85.105	0.0415	ripple_TLL13-14	78	170210
85.117	0.066	ripple_TLL20-21	85	170234
85.1195	0.089	ripple_TLL23-24	88	170239
85.136	0.123	ripple_TBPL1-2	71	170272
85.1405	0.2045	ripple_TLL22-23	87	170281
85.159	0.0575	ripple_TLL14-15	79	170318
85.169	0.066	ripple_TLL3-4	94	170338
85.183	0.0465	ripple_TLL5-6	98	170366
85.1885	0.0345	ripple_TLL2-3	84	170377
85.1965	0.071	ripple_TLL19-20	83	170393
85.2205	0.0525	ripple_TLL29-30	93	170441
85.2285	0.108	ripple_TLL23-24	88	170457
85.232	0.0315	ripple_TBPL3-4	73	170464
85.245	0.4715	ripple_TBPL2-3	72	170490
85.246	0.074	ripple_TLL6-7	99	170492
85.26	0.066	ripple_TLL30-31	95	170520
85.2635	0.038	ripple_TLL12-13	77	170527
85.265	0.1155	ripple_TLL14-15	79	170530
85.283	0.062	ripple_TLL7-8	100	170566
85.294	0.2495	ripple_TLL31-32	96	170588
85.2965	0.058	ripple_TLL21-22	86	170593
85.317	0.0485	ripple_TLL15-16	80	170634
85.332	0.0545	ripple_TLL20-21	85	170664
85.349	0.1185	ripple_TLL30-31	95	170698
85.364	0.0485	ripple_TLL6-7	99	170728
85.365	0.056	ripple_TLL5-6	98	170730
85.3715	0.0325	ripple_TLL28-29	92	170743
85.379	0.0655	ripple_TLL29-30	93	170758
85.4015	0.076	ripple_TLL26-27	90	170803
85.407	0.043	ripple_TLL14-15	79	170814
85.4155	0.0475	ripple_TLL23-24	88	170831
85.4195	0.038	ripple_TLL22-23	87	170839
85.4285	0.0515	ripple_TLL21-22	86	170857
85.434	0.045	ripple_TLL20-21	85	170868
85.4385	0.041	ripple_TLL15-16	80	170877
85.4835	0.042	ripple_TLL23-24	88	170967
85.486	0.1175	ripple_TLL22-23	87	170972
85.4885	0.0305	ripple_TLL2-3	84	170977
85.4995	0.0825	ripple_TLL29-30	93	170999
85.5115	0.044	ripple_TLL11-12	76	171023
85.5175	0.056	ripple_TBPL3-4	73	171035
85.5255	0.068	ripple_TLL7-8	100	171051
85.527	0.036	ripple_TLL14-15	79	171054
85.5315	0.188	ripple_TLL30-31	95	171063
85.5405	0.0615	ripple_TLL1-2	74	171081
85.541	0.084	ripple_TLL6-7	99	171082
85.5525	0.0325	ripple_TLL21-22	86	171105
85.5575	0.2365	ripple_TLL23-24	88	171115
85.599	0.039	ripple_TLL31-32	96	171198
85.604	0.0355	ripple_TLL29-30	93	171208
85.6235	0.0735	ripple_TLL20-21	85	171247
85.635	0.052	ripple_TLL3-4	94	171270
85.638	0.0345	ripple_TLL7-8	100	171276
85.6605	0.1035	ripple_TLL21-22	86	171321
85.662	0.072	ripple_TBPL1-2	71	171324
85.6625	0.0285	ripple_TLL1-2	74	171325
85.6685	0.036	ripple_TLL31-32	96	171337
85.6875	0.245	ripple_TLL29-30	93	171375
85.702	0.1145	ripple_TLL7-8	100	171404
85.721	0.135	ripple_TLL15-16	80	171442
85.723	0.0565	ripple_TLL20-21	85	171446
85.735	0.045	ripple_TLL14-15	79	171470
85.7475	0.151	ripple_TLL22-23	87	171495
85.754	0.121	ripple_TLL31-32	96	171508
85.7625	0.0565	ripple_TLL30-31	95	171525
85.7705	0.041	ripple_TLL1-2	74	171541
85.7875	0.0555	ripple_TLL5-6	98	171575
85.8215	0.0585	ripple_TLL28-29	92	171643
85.8225	0.046	ripple_TLL11-12	76	171645
85.823	0.0845	ripple_TLL21-22	86	171646
85.823	0.0955	ripple_TLL19-20	83	171646
85.844	0.3255	ripple_TLL23-24	88	171688
85.852	0.126	ripple_TLL30-31	95	171704
85.8865	0.0975	ripple_TBPL1-2	71	171773
85.89	0.2205	ripple_TBPL2-3	72	171780
85.906	0.0625	ripple_TLL18-19	82	171812
85.9215	0.0475	ripple_TLL4-5	97	171843
85.922	0.029	ripple_TLL6-7	99	171844
85.927	0.0705	ripple_TLL20-21	85	171854
85.931	0.242	ripple_TLL22-23	87	171862
85.933	0.1105	ripple_TLL31-32	96	171866
85.9365	0.0425	ripple_TLL14-15	79	171873
85.94	0.036	ripple_TLL13-14	78	171880
85.943	0.045	ripple_TLL21-22	86	171886
85.965	0.079	ripple_TLL29-30	93	171930
85.969	0.05	ripple_TLL1-2	74	171938
86.0365	0.193	ripple_TLL15-16	80	172073
86.0605	0.0935	ripple_TLL14-15	79	172121
86.0635	0.125	ripple_TLL30-31	95	172127
86.067	0.0995	ripple_TLL13-14	78	172134
86.0685	0.0725	ripple_TLL31-32	96	172137
86.076	0.142	ripple_TLL1-2	74	172152
86.081	0.0875	ripple_TLL18-19	82	172162
86.093	0.2755	ripple_TLL19-20	83	172186
86.142	0.145	ripple_TLL20-21	85	172284
86.182	0.0375	ripple_TBPL2-3	72	172364
86.189	0.032	ripple_TLL28-29	92	172378
86.204	0.22	ripple_TLL22-23	87	172408
86.2365	0.091	ripple_TLL31-32	96	172473
86.2585	0.044	ripple_TLL14-15	79	172517
86.259	0.0275	ripple_TLL30-31	95	172518
86.261	0.1115	ripple_TLL18-19	82	172522
86.263	0.0695	ripple_TLL1-2	74	172526
86.2675	0.0785	ripple_TLL15-16	80	172535
86.269	0.071	ripple_TLL27-28	91	172538
86.271	0.0315	ripple_TLL5-6	98	172542
86.2795	0.101	ripple_TBPL2-3	72	172559
86.297	0.041	ripple_TLL26-27	90	172594
86.328	0.461	ripple_TLL21-22	86	172656
86.3385	0.072	ripple_TBPL1-2	71	172677
86.354	0.1335	ripple_TLL30-31	95	172708
86.3695	0.0445	ripple_TLL6-7	99	172739
86.372	0.082	ripple_TLL26-27	90	172744
86.376	0.079	ripple_TLL2-3	84	172752
86.3825	0.031	ripple_TLL27-28	91	172765
86.387	0.0395	ripple_TLL15-16	80	172774
86.415	0.0695	ripple_TLL1-2	74	172830
86.425	0.0615	ripple_TLL23-24	88	172850
86.431	0.037	ripple_TLL10-11	75	172862
86.442	0.2335	ripple_TLL20-21	85	172884
86.447	0.0985	ripple_TLL18-19	82	172894
86.4785	0.0335	ripple_TLL11-12	76	172957
86.492	0.035	ripple_TLL13-14	78	172984
86.494	0.037	ripple_TLL19-20	83	172988
86.5145	0.053	ripple_TLL31-32	96	173029
86.518	0.0425	ripple_TLL30-31	95	173036
86.5615	0.094	ripple_TLL19-20	83	173123
86.5635	0.2515	ripple_TLL15-16	80	173127
86.567	0.0395	ripple_TLL14-15	79	173134
86.5715	0.1355	ripple_TBPL1-2	71	173143
86.5825	0.0455	ripple_TLL11-12	76	173165
86.6005	0.044	ripple_TLL5-6	98	173201
86.6035	0.057	ripple_TLL6-7	99	173207
86.609	0.046	ripple_TLL29-30	93	173218
86.62	0.069	ripple_TBPL2-3	72	173240
86.635	0.058	ripple_TLL4-5	97	173270
86.637	0.0395	ripple_TLL31-32	96	173274
86.653	0.053	ripple_TLL3-4	94	173306
86.6575	0.038	ripple_TLL9-10	101	173315
86.658	0.125	ripple_TLL30-31	95	173316
86.6685	0.0535	ripple_TLL2-3	84	173337
86.69	0.09	ripple_TLL7-8	100	173380
86.6915	0.0875	ripple_TLL1-2	74	173383
86.7025	0.303	ripple_TLL14-15	79	173405
86.709	0.044	ripple_TLL26-27	90	173418
86.7095	0.0785	ripple_TLL13-14	78	173419
86.7235	0.13	ripple_TLL31-32	96	173447
86.725	0.0715	ripple_TLL5-6	98	173450
86.731	0.051	ripple_TLL29-30	93	173462
86.741	0.151	ripple_TBPL2-3	72	173482
86.741	0.213	ripple_TBPL1-2	71	173482
86.744	0.0495	ripple_TLL28-29	92	173488
86.771	0.0525	ripple_TLL27-28	91	173542
86.789	0.055	ripple_TLL26-27	90	173578
86.7895	0.0775	ripple_TLL6-7	99	173579
86.795	0.0815	ripple_TLL19-20	83	173590
86.797	0.1015	ripple_TLL20-21	85	173594
86.8115	0.041	ripple_TLL13-14	78	173623
86.8195	0.0825	ripple_TLL21-22	86	173639
86.829	0.0365	ripple_TLL12-13	77	173658
86.833	0.3565	ripple_TLL1-2	74	173666
86.844	0.093	ripple_TLL15-16	80	173688
86.845	0.037	ripple_TLL30-31	95	173690
86.8475	0.145	ripple_TLL2-3	84	173695
86.8915	0.1005	ripple_TLL29-30	93	173783
86.8925	0.039	ripple_TLL3-4	94	173785
86.8955	0.038	ripple_TLL7-8	100	173791
86.8985	0.0465	ripple_TLL19-20	83	173797
86.8995	0.0605	ripple_TLL18-19	82	173799
86.9215	0.0345	ripple_TLL20-21	85	173843
86.9275	0.0735	ripple_TLL17-18	81	173855
86.9275	0.163	ripple_TLL22-23	87	173855
86.936	0.189	ripple_TLL31-32	96	173872
86.9445	0.015	fr_TBAL2-3	2	173889
86.9585	0.073	ripple_TLL5-6	98	173917
86.969	0.0295	ripple_TLL19-20	83	173938
86.9715	0.0345	ripple_TLL4-5	97	173943
86.9895	0.0975	ripple_TLL23-24	88	173979
86.99	0.14	ripple_TBPL2-3	72	173980
86.9955	0.125	ripple_TLL21-22	86	173991
86.9965	0.0435	ripple_TLL20-21	85	173993
86.9965	0.1225	ripple_TLL30-31	95	173993
87.023	0.0405	ripple_TLL3-4	94	174046
87.038	0.091	ripple_TBPL1-2	71	174076
87.065	0.0665	ripple_TLL20-21	85	174130
87.067	0.074	ripple_TLL29-30	93	174134
87.067	0.106	ripple_TLL6-7	99	174134
87.0695	0.046	ripple_TLL7-8	100	174139
87.0695	0.058	ripple_TLL2-3	84	174139
87.103	0.051	ripple_TLL4-5	97	174206
87.121	0.0765	ripple_TLL22-23	87	174242
87.1355	0.078	ripple_TLL14-15	79	174271
87.136	0.042	ripple_TLL15-16	80	174272
87.157	0.072	ripple_TLL9-10	101	174314
87.1605	0.064	ripple_TLL2-3	84	174321
87.162	0.0615	ripple_TLL20-21	85	174324
87.162	0.1945	ripple_TLL21-22	86	174324
87.1675	0.0635	ripple_TLL29-30	93	174335
87.1685	0.095	ripple_TBPL2-3	72	174337
87.17	0.033	ripple_TLL30-31	95	174340
87.1955	0.0495	ripple_TLL26-27	90	174391
87.2035	0.0935	ripple_TLL6-7	99	174407
87.211	0.0445	ripple_TBAL3-4	70	174422
87.216	0.058	ripple_TBPL1-2	71	174432
87.237	0.0695	ripple_TLL18-19	82	174474
87.245	0.085	ripple_TLL20-21	85	174490
87.252	0.279	ripple_TLL15-16	80	174504
87.261	0.096	ripple_TLL14-15	79	174522
87.2705	0.087	ripple_TLL22-23	87	174541
87.2845	0.1085	ripple_TLL30-31	95	174569
87.2875	0.0905	ripple_TBPL2-3	72	174575
87.295	0.1715	ripple_TLL19-20	83	174590
87.304	0.057	ripple_TBPL1-2	71	174608
87.311	0.067	ripple_TLL3-4	94	174622
87.3195	0.031	ripple_TLL1-2	74	174639
87.325	0.149	ripple_TLL6-7	99	174650
87.332	0.042	ripple_TLL4-5	97	174664
87.3385	0.1565	ripple_TLL27-28	91	174677
87.3465	0.041	ripple_TLL29-30	93	174693
87.364	0.0245	ripple_TLL23-24	88	174728
87.3665	0.0625	ripple_TLL5-6	98	174733
87.3705	0.1095	ripple_TLL7-8	100	174741
87.3825	0.0505	ripple_TBPL1-2	71	174765
87.3825	0.054	ripple_TLL21-22	86	174765
87.3935	0.058	ripple_TLL10-11	75	174787
87.396	0.118	ripple_TLL1-2	74	174792
87.411	0.0455	ripple_TLL9-10	101	174822
87.415	0.0585	ripple_TLL14-15	79	174830
87.4155	0.0745	ripple_TLL2-3	84	174831
87.4165	0.0365	ripple_TLL30-31	95	174833
87.423	0.0495	ripple_TLL3-4	94	174846
87.4465	0.176	ripple_TLL31-32	96	174893
87.447	0.3325	ripple_TLL20-21	85	174894
87.4825	0.0455	ripple_TLL29-30	93	174965
87.5255	0.05	ripple_TBPL2-3	72	175051
87.5585	0.033	ripple_TLL1-2	74	175117
87.566	0.0735	ripple_TLL26-27	90	175132
87.566	0.076	ripple_TLL18-19	82	175132
87.5675	0.0635	ripple_TLL21-22	86	175135
87.5795	0.0415	ripple_TLL15-16	80	175159
87.582	0.051	ripple_TLL22-23	87	175164
87.5865	0.045	ripple_TLL23-24	88	175173
87.6085	0.0645	ripple_TLL2-3	84	175217
87.618	0.081	ripple_TLL28-29	92	175236
87.6245	0.0315	ripple_TLL7-8	100	175249
87.637	0.05	ripple_TLL9-10	101	175274
87.6435	0.07	ripple_TLL30-31	95	175287
87.6515	0.0825	ripple_TLL29-30	93	175303
87.668	0.1995	ripple_TLL31-32	96	175336
87.675	0.032	ripple_TLL12-13	77	175350
87.681	0.0525	ripple_TLL18-19	82	175362
87.6835	0.1245	ripple_TLL23-24	88	175367
87.696	0.063	ripple_TBPL1-2	71	175392
87.7325	0.031	ripple_TLL5-6	98	175465
87.7405	0.0395	ripple_TLL2-3	84	175481
87.7455	0.052	ripple_TLL27-28	91	175491
87.7465	0.113	ripple_TLL28-29	92	175493
87.76	0.2535	ripple_TLL19-20	83	175520
87.7665	0.039	ripple_TLL26-27	90	175533
87.7695	0.083	ripple_TLL1-2	74	175539
87.7845	0.086	ripple_TBPL1-2	71	175569
87.7915	0.0365	ripple_TLL5-6	98	175583
87.802	0.09	ripple_TLL29-30	93	175604
87.8065	0.0595	ripple_TLL2-3	84	175613
87.809	0.0765	ripple_TLL6-7	99	175618
87.813	0.2455	ripple_TLL30-31	95	175626
87.8275	0.042	ripple_TLL10-11	75	175655
87.8275	0.0565	ripple_TLL7-8	100	175655
87.8405	0.041	ripple_TLL26-27	90	175681
87.842	0.044	ripple_TLL27-28	91	175684
87.8495	0.057	ripple_TLL20-21	85	175699
87.8535	0.0365	ripple_TLL4-5	97	175707
87.854	0.06	ripple_TLL11-12	76	175708
87.8575	0.068	ripple_TLL3-4	94	175715
87.8625	0.0965	ripple_TLL23-24	88	175725
87.868	0.1315	ripple_TLL21-22	86	175736
87.9055	0.053	ripple_TLL31-32	96	175811
87.906	0.072	ripple_TLL14-15	79	175812
87.9075	0.0475	ripple_TLL28-29	92	175815
87.9115	0.048	ripple_TBPL3-4	73	175823
87.9115	0.0655	ripple_TLL15-16	80	175823
87.9165	0.195	ripple_TBPL2-3	72	175833
87.9205	0.04	ripple_TLL26-27	90	175841
87.924	0.1645	ripple_TLL7-8	100	175848
87.9415	0.0345	ripple_TLL6-7	99	175883
87.9495	0.0665	ripple_TLL20-21	85	175899
87.9705	0.042	ripple_TLL27-28	91	175941
87.975	0.3285	ripple_TLL29-30	93	175950
87.9765	0.065	ripple_TLL11-12	76	175953
87.9845	0.038	ripple_TLL13-14	78	175969
87.9995	0.1055	ripple_TLL3-4	94	175999
88.0075	0.07	ripple_TLL1-2	74	176015
88.0345	0.0815	ripple_TBPL1-2	71	176069
88.039	0.0315	ripple_TLL22-23	87	176078
88.055	0.0535	ripple_TLL19-20	83	176110
88.0585	0.0735	ripple_TLL20-21	85	176117
88.0595	0.0455	ripple_TLL5-6	98	176119
88.064	0.076	ripple_TLL23-24	88	176128
88.0705	0.0515	ripple_TLL6-7	99	176141
88.075	0.089	ripple_TLL14-15	79	176150
88.0765	0.0665	ripple_TLL28-29	92	176153
88.08	0.082	ripple_TBAL2-3	69	176160
88.0815	0.042	ripple_TLL27-28	91	176163
88.0905	0.047	ripple_TLL21-22	86	176181
88.101	0.095	ripple_TLL1-2	74	176202
88.106	0.2005	ripple_TLL31-32	96	176212
88.112	0.14	ripple_TLL30-31	95	176224
88.132	0.0365	ripple_TLL19-20	83	176264
88.1675	0.1635	ripple_TLL22-23	87	176335
88.1705	0.212	ripple_TLL23-24	88	176341
88.185	0.0335	ripple_TLL13-14	78	176370
88.1925	0.0575	ripple_TLL7-8	100	176385
88.207	0.0575	ripple_TLL3-4	94	176414
88.2085	0.073	ripple_TLL14-15	79	176417
88.212	0.1165	ripple_TLL15-16	80	176424
88.222	0.209	ripple_TLL2-3	84	176444
88.2345	0.148	ripple_TLL20-21	85	176469
88.2535	0.1825	ripple_TBPL1-2	71	176507
88.26	0.206	ripple_TLL19-20	83	176520
88.2665	0.226	ripple_TLL1-2	74	176533
88.2765	0.1585	ripple_TBPL2-3	72	176553
88.283	0.0375	ripple_TLL18-19	82	176566
88.3205	0.039	ripple_TLL3-4	94	176641
88.3205	0.057	ripple_TLL30-31	95	176641
88.3305	0.1265	ripple_TLL31-32	96	176661
88.3355	0.032	ripple_TLL7-8	100	176671
88.3355	0.0365	ripple_TLL29-30	93	176671
88.351	0.0995	ripple_TLL6-7	99	176702
88.3565	0.056	ripple_TLL28-29	92	176713
88.3955	0.0615	ripple_TLL3-4	94	176791
88.399	0.1455	ripple_TLL15-16	80	176798
88.404	0.07	ripple_TLL21-22	86	176808
88.429	0.04	ripple_TLL9-10	101	176858
88.4325	0.043	ripple_TLL11-12	76	176865
88.433	0.157	ripple_TLL29-30	93	176866
88.448	0.0465	ripple_TLL30-31	95	176896
88.4655	0.2095	ripple_TBPL2-3	72	176931
88.471	0.036	ripple_TLL7-8	100	176942
88.477	0.044	ripple_TLL13-14	78	176954
88.495	0.064	ripple_TLL6-7	99	176990
88.4975	0.04	ripple_TLL17-18	81	176995
88.508	0.1275	ripple_TLL20-21	85	177016
88.509	0.132	ripple_TLL19-20	83	177018
88.538	0.0435	ripple_TLL1-2	74	177076
88.555	0.1375	ripple_TLL28-29	92	177110
88.56	0.0615	ripple_TLL31-32	96	177120
88.573	0.049	ripple_TLL21-22	86	177146
88.575	0.083	ripple_TLL22-23	87	177150
88.5865	0.0425	ripple_TLL3-4	94	177173
88.5905	0.047	ripple_TLL30-31	95	177181
88.5975	0.0715	ripple_TLL27-28	91	177195
88.602	0.0385	ripple_TLL2-3	84	177204
88.602	0.1035	ripple_TLL1-2	74	177204
88.603	0.0575	ripple_TLL9-10	101	177206
88.6045	0.06	ripple_TLL26-27	90	177209
88.6075	0.0375	ripple_TBAL3-4	70	177215
88.62	0.07	ripple_TLL10-11	75	177240
88.636	0.159	ripple_TLL7-8	100	177272
88.6435	0.0525	ripple_TLL11-12	76	177287
88.6725	0.095	ripple_TLL29-30	93	177345
88.6985	0.053	ripple_TLL3-4	94	177397
88.6995	0.082	ripple_TLL4-5	97	177399
88.705	0.0705	ripple_TLL22-23	87	177410
88.7195	0.156	ripple_TLL15-16	80	177439
88.7325	0.08	ripple_TLL1-2	74	177465
88.734	0.0875	ripple_TLL19-20	83	177468
88.746	0.0685	ripple_TLL17-18	81	177492
88.7705	0.143	ripple_TLL27-28	91	177541
88.7715	0.029	ripple_TLL26-27	90	177543
88.773	0.0495	ripple_TLL20-21	85	177546
88.78	0.163	ripple_TBPL1-2	71	177560
88.793	0.0635	ripple_TBPL3-4	73	177586
88.821	0.045	ripple_TLL4-5	97	177642
88.824	0.0475	ripple_TLL14-15	79	177648
88.8275	0.043	ripple_TLL30-31	95	177655
88.8295	0.056	ripple_TLL28-29	92	177659
88.8355	0.0535	ripple_TLL3-4	94	177671
88.836	0.0625	ripple_TLL22-23	87	177672
88.839	0.0935	ripple_TLL31-32	96	177678
88.8445	0.0355	ripple_TLL19-20	83	177689
88.8465	0.0295	ripple_TLL1-2	74	177693
88.8485	0.043	ripple_TLL5-6	98	177697
88.8555	0.0395	ripple_TLL23-24	88	177711
88.8595	0.044	ripple_TLL7-8	100	177719
88.876	0.0485	ripple_TBPL2-3	72	177752
88.8775	0.031	ripple_TLL26-27	90	177755
88.884	0.0115	fr_TLL18-19	15	177768
88.8875	0.2065	ripple_TLL2-3	84	177775
88.896	0.035	ripple_TLL30-31	95	177792
88.898	0.0315	ripple_TLL29-30	93	177796
88.9485	0.0355	ripple_TLL1-2	74	177897
88.949	0.1155	ripple_TLL6-7	99	177898
88.9575	0.0435	ripple_TLL26-27	90	177915
88.96	0.0445	ripple_TLL23-24	88	177920
88.963	0.0515	ripple_TLL5-6	98	177926
88.9665	0.045	ripple_TLL4-5	97	177933
88.9675	0.0345	ripple_TBPL1-2	71	177935
88.9715	0.0475	ripple_TLL14-15	79	177943
88.974	0.1235	ripple_TBPL2-3	72	177948
88.9745	0.0615	ripple_TLL30-31	95	177949
88.997	0.0605	ripple_TLL31-32	96	177994
88.998	0.0495	ripple_TLL20-21	85	177996
89.0265	0.064	ripple_TBPL3-4	73	178053
89.045	0.3125	ripple_TBPL1-2	71	178090
89.055	0.0645	ripple_TLL15-16	80	178110
89.062	0.1935	ripple_TLL30-31	95	178124
89.069	0.1225	ripple_TLL29-30	93	178138
89.0825	0.079	ripple_TLL19-20	83	178165
89.084	0.0825	ripple_TLL20-21	85	178168
89.09	0.155	ripple_TLL21-22	86	178180
89.106	0.061	ripple_TLL1-2	74	178212
89.112	0.033	ripple_TLL6-7	99	178224
89.113	0.2125	ripple_TLL31-32	96	178226
89.133	0.049	ripple_TLL18-19	82	178266
89.1605	0.086	ripple_TLL5-6	98	178321
89.193	0.045	ripple_TLL7-8	100	178386
89.1965	0.065	ripple_TLL20-21	85	178393
89.204	0.0585	ripple_TBAL3-4	70	178408
89.2085	0.044	ripple_TLL9-10	101	178417
89.217	0.0385	ripple_TBPL2-3	72	178434
89.2175	0.068	ripple_TBAL2-3	69	178435
89.227	0.096	ripple_TLL10-11	75	178454
89.2855	0.153	ripple_TLL14-15	79	178571
89.287	0.095	ripple_TLL30-31	95	178574
89.297	0.0675	ripple_TLL13-14	78	178594
89.308	0.0335	ripple_TLL19-20	83	178616
89.3225	0.0475	ripple_TLL23-24	88	178645
89.3325	0.0465	ripple_TLL6-7	99	178665
89.336	0.0675	ripple_TLL7-8	100	178672
89.362	0.0485	ripple_TLL28-29	92	178724
89.366	0.126	ripple_TBPL2-3	72	178732
89.3665	0.053	ripple_TLL29-30	93	178733
89.3665	0.1485	ripple_TLL19-20	83	178733
89.386	0.032	ripple_TLL9-10	101	178772
89.391	0.0925	ripple_TLL22-23	87	178782
89.393	0.1495	ripple_TLL23-24	88	178786
89.3965	0.087	ripple_TLL27-28	91	178793
89.4005	0.049	ripple_TLL20-21	85	178801
89.4045	0.0735	ripple_TLL26-27	90	178809
89.405	0.0345	ripple_TLL21-22	86	178810
89.4055	0.049	ripple_TLL15-16	80	178811
89.4055	0.1505	ripple_TLL1-2	74	178811
89.4115	0.0985	ripple_TLL11-12	76	178823
89.412	0.048	ripple_TLL13-14	78	178824
89.4295	0.0325	ripple_TBPL1-2	71	178859
89.4345	0.0545	ripple_TLL2-3	84	178869
89.454	0.0845	ripple_TLL29-30	93	178908
89.473	0.0535	ripple_TLL3-4	94	178946
89.4895	0.0385	ripple_TLL12-13	77	178979
89.49	0.0365	ripple_TLL4-5	97	178980
89.5265	0.0475	ripple_TLL28-29	92	179053
89.5265	0.083	ripple_TLL6-7	99	179053
89.527	0.0605	ripple_TLL7-8	100	179054
89.5305	0.1055	ripple_TBPL1-2	71	179061
89.555	0.095	ripple_TLL30-31	95	179110
89.556	0.079	ripple_TLL18-19	82	179112
89.5565	0.1585	ripple_TLL14-15	79	179113
89.558	0.048	ripple_TLL13-14	78	179116
89.5795	0.0485	ripple_TLL15-16	80	179159
89.5965	0.049	ripple_TLL19-20	83	179193
89.5965	0.0545	ripple_TLL21-22	86	179193
89.608	0.0375	ripple_TLL26-27	90	179216
89.612	0.188	ripple_TLL28-29	92	179224
89.615	0.042	ripple_TLL10-11	75	179230
89.619	0.0535	ripple_TBPL2-3	72	179238
89.624	0.0435	ripple_TLL27-28	91	179248
89.645	0.111	ripple_TLL23-24	88	179290
89.646	0.042	ripple_TLL4-5	97	179292
89.6505	0.107	ripple_TLL22-23	87	179301
89.664	0.2015	ripple_TLL31-32	96	179328
89.668	0.094	ripple_TLL20-21	85	179336
89.685	0.0435	ripple_TLL19-20	83	179370
89.6935	0.231	ripple_TLL7-8	100	179387
89.6935	0.231	fr_TLL7-8	33	179387
89.6935	0.231	frandr_TLL7-8	66	179387
89.6995	0.063	ripple_TLL27-28	91	179399
89.7055	0.1445	ripple_TBPL2-3	72	179411
89.706	0.0535	ripple_TLL21-22	86	179412
89.7245	0.0335	ripple_TLL6-7	99	179449
89.7245	0.214	ripple_TLL30-31	95	179449
89.728	0.038	ripple_TLL1-2	74	179456
89.7295	0.014	fr_TLL14-15	12	179459
89.7405	0.162	ripple_TBPL1-2	71	179481
89.7595	0.125	ripple_TLL3-4	94	179519
89.7665	0.0405	ripple_TLL15-16	80	179533
89.7695	0.037	ripple_TLL14-15	79	179539
89.791	0.0525	ripple_TLL23-24	88	179582
89.81	0.319	ripple_TLL29-30	93	179620
89.835	0.0885	ripple_TLL28-29	92	179670
89.835	0.0885	fr_TLL28-29	25	179670
89.835	0.0885	frandr_TLL28-29	59	179670
89.836	0.0805	ripple_TLL27-28	91	179672
89.844	0.0405	ripple_TLL4-5	97	179688
89.8465	0.0695	ripple_TLL18-19	82	179693
89.854	0.059	ripple_TLL10-11	75	179708
89.8865	0.041	ripple_TBPL2-3	72	179773
89.889	0.133	ripple_TLL21-22	86	179778
89.8935	0.104	ripple_TLL20-21	85	179787
89.906	0.0595	ripple_TLL1-2	74	179812
89.913	0.0985	ripple_TLL3-4	94	179826
89.925	0.0315	ripple_TBPL1-2	71	179850
89.928	0.032	ripple_TLL26-27	90	179856
89.9285	0.1245	ripple_TLL31-32	96	179857
89.955	0.0495	ripple_TLL23-24	88	179910
89.955	0.081	ripple_TLL6-7	99	179910
89.9595	0.0385	ripple_TLL22-23	87	179919
89.9705	0.0855	ripple_TLL30-31	95	179941
90.004	0.06	ripple_TLL25-26	89	180008
90.032	0.038	ripple_TLL18-19	82	180064
90.0385	0.0765	ripple_TLL20-21	85	180077
90.0395	0.052	ripple_TBAL3-4	70	180079
90.06	0.0105	fr_TLL9-10	34	180120
90.0625	0.181	ripple_TBPL1-2	71	180125
90.0635	0.0475	ripple_TLL7-8	100	180127
90.078	0.0705	ripple_TLL3-4	94	180156
90.0855	0.14	ripple_TLL14-15	79	180171
90.098	0.0465	ripple_TLL13-14	78	180196
90.1065	0.0845	ripple_TBPL2-3	72	180213
90.133	0.05	ripple_TLL15-16	80	180266
90.136	0.0695	ripple_TLL27-28	91	180272
90.1395	0.0745	ripple_TLL7-8	100	180279
90.1435	0.141	ripple_TLL1-2	74	180287
90.151	0.0675	ripple_TLL6-7	99	180302
90.16	0.0425	ripple_TLL29-30	93	180320
90.162	0.0365	ripple_TLL2-3	84	180324
90.163	0.0355	ripple_TLL9-10	101	180326
90.1665	0.0405	ripple_TLL19-20	83	180333
90.1925	0.0445	ripple_TLL31-32	96	180385
90.207	0.031	ripple_TLL3-4	94	180414
90.21	0.0795	ripple_TLL28-29	92	180420
90.2175	0.042	ripple_TBPL2-3	72	180435
90.2255	0.063	ripple_TLL23-24	88	180451
90.2345	0.1	ripple_TLL18-19	82	180469
90.2415	0.064	ripple_TLL20-21	85	180483
90.252	0.057	ripple_TBAL3-4	70	180504
90.2575	0.037	ripple_TLL9-10	101	180515
90.2615	0.053	ripple_TLL27-28	91	180523
90.266	0.0365	ripple_TLL5-6	98	180532
90.2695	0.0345	ripple_TLL25-26	89	180539
90.271	0.077	ripple_TLL14-15	79	180542
90.2715	0.027	ripple_TBPL1-2	71	180543
90.273	0.041	ripple_TLL26-27	90	180546
90.2775	0.1325	ripple_TLL30-31	95	180555
90.2785	0.0675	ripple_TLL13-14	78	180557
90.282	0.038	ripple_TLL29-30	93	180564
90.2965	0.072	ripple_TLL31-32	96	180593
90.2975	0.0395	ripple_TLL19-20	83	180595
90.2975	0.0765	ripple_TLL6-7	99	180595
90.3035	0.041	ripple_TLL11-12	76	180607
90.3035	0.048	ripple_TBPL2-3	72	180607
90.33	0.0335	ripple_TBPL1-2	71	180660
90.3565	0.085	ripple_TLL21-22	86	180713
90.362	0.0445	ripple_TLL20-21	85	180724
90.3855	0.0695	ripple_TBPL1-2	71	180771
90.3885	0.038	ripple_TBPL2-3	72	180777
90.4045	0.067	ripple_TLL19-20	83	180809
90.4145	0.28	ripple_TLL31-32	96	180829
90.4185	0.0875	ripple_TLL14-15	79	180837
90.444	0.1005	ripple_TLL6-7	99	180888
90.447	0.051	ripple_TLL18-19	82	180894
90.4495	0.203	ripple_TLL30-31	95	180899
90.45	0.0835	ripple_TLL7-8	100	180900
90.4655	0.0345	ripple_TLL29-30	93	180931
90.4755	0.036	ripple_TLL13-14	78	180951
90.4775	0.037	ripple_TLL3-4	94	180955
90.525	0.057	ripple_TBAL3-4	70	181050
90.526	0.109	ripple_TBPL2-3	72	181052
90.5275	0.0305	ripple_TLL11-12	76	181055
90.532	0.047	ripple_TLL4-5	97	181064
90.5555	0.097	ripple_TLL29-30	93	181111
90.577	0.0745	ripple_TLL7-8	100	181154
90.5815	0.039	ripple_TLL28-29	92	181163
90.597	0.0305	ripple_TLL20-21	85	181194
90.6175	0.0485	ripple_TLL1-2	74	181235
90.625	0.04	ripple_TLL12-13	77	181250
90.631	0.2195	ripple_TLL2-3	84	181262
90.6335	0.0655	ripple_TLL18-19	82	181267
90.6395	0.076	ripple_TLL3-4	94	181279
90.642	0.179	ripple_TBPL1-2	71	181284
90.648	0.039	ripple_TLL19-20	83	181296
90.6485	0.033	ripple_TLL27-28	91	181297
90.6605	0.04	ripple_TLL4-5	97	181321
90.671	0.064	ripple_TLL21-22	86	181342
90.6935	0.0995	ripple_TLL13-14	78	181387
90.699	0.112	ripple_TLL20-21	85	181398
90.7065	0.1585	ripple_TLL29-30	93	181413
90.7085	0.0745	ripple_TLL30-31	95	181417
90.728	0.062	ripple_TLL14-15	79	181456
90.7755	0.167	ripple_TLL31-32	96	181551
90.8075	0.0295	ripple_TLL1-2	74	181615
90.825	0.078	ripple_TLL19-20	83	181650
90.8395	0.1215	ripple_TBPL2-3	72	181679
90.8415	0.2085	ripple_TLL21-22	86	181683
90.8605	0.1215	ripple_TLL20-21	85	181721
90.8715	0.0865	ripple_TBPL1-2	71	181743
90.876	0.059	ripple_TLL26-27	90	181752
90.8885	0.0455	ripple_TLL14-15	79	181777
90.889	0.0485	ripple_TLL7-8	100	181778
90.9005	0.1895	ripple_TLL15-16	80	181801
90.913	0.041	ripple_TLL4-5	97	181826
90.9185	0.2155	ripple_TLL30-31	95	181837
90.9545	0.0885	ripple_TLL5-6	98	181909
90.9765	0.075	ripple_TLL1-2	74	181953
90.9805	0.0625	ripple_TLL6-7	99	181961
90.998	0.0455	ripple_TLL7-8	100	181996
90.9995	0.0455	ripple_TLL3-4	94	181999
91.0055	0.0445	ripple_TLL20-21	85	182011
91.01	0.0565	ripple_TBPL2-3	72	182020
91.0135	0.0325	ripple_TLL19-20	83	182027
91.0205	0.0575	ripple_TLL9-10	101	182041
91.0295	0.043	ripple_TLL26-27	90	182059
91.0575	0.057	ripple_TLL29-30	93	182115
91.0605	0.066	ripple_TLL2-3	84	182121
91.07	0.0515	ripple_TLL20-21	85	182140
91.0705	0.043	ripple_TLL21-22	86	182141
91.0705	0.1145	ripple_TLL14-15	79	182141
91.077	0.104	ripple_TLL13-14	78	182154
91.078	0.15	ripple_TLL11-12	76	182156
91.087	0.099	ripple_TBPL1-2	71	182174
91.107	0.0515	ripple_TLL1-2	74	182214
91.1235	0.042	ripple_TLL9-10	101	182247
91.1425	0.0635	ripple_TLL18-19	82	182285
91.1435	0.1495	ripple_TLL29-30	93	182287
91.148	0.145	ripple_TLL2-3	84	182296
91.1815	0.0655	ripple_TLL17-18	81	182363
91.1855	0.0565	ripple_TLL3-4	94	182371
91.188	0.103	ripple_TLL4-5	97	182376
91.192	0.1225	ripple_TBPL2-3	72	182384
91.197	0.0765	ripple_TLL1-2	74	182394
91.202	0.1365	ripple_TLL6-7	99	182404
91.2065	0.1275	ripple_TLL22-23	87	182413
91.21	0.0295	ripple_TLL7-8	100	182420
91.21	0.051	ripple_TLL5-6	98	182420
91.22	0.1075	ripple_TLL30-31	95	182440
91.2285	0.039	ripple_TBPL1-2	71	182457
91.2355	0.057	ripple_TBAL3-4	70	182471
91.2355	0.122	ripple_TLL21-22	86	182471
91.237	0.111	ripple_TLL20-21	85	182474
91.238	0.058	ripple_TBAL2-3	69	182476
91.242	0.0765	ripple_TLL26-27	90	182484
91.256	0.0415	ripple_TLL9-10	101	182512
91.279	0.099	ripple_TLL7-8	100	182558
91.2875	0.0655	ripple_TLL3-4	94	182575
91.3145	0.031	ripple_TLL23-24	88	182629
91.3165	0.231	ripple_TLL18-19	82	182633
91.3315	0.0395	ripple_TLL19-20	83	182663
91.343	0.0765	ripple_TLL1-2	74	182686
91.3575	0.173	ripple_TBPL1-2	71	182715
91.364	0.077	ripple_TLL5-6	98	182728
91.367	0.0405	ripple_TBPL2-3	72	182734
91.3765	0.2015	ripple_TLL14-15	79	182753
91.394	0.047	ripple_TLL27-28	91	182788
91.4035	0.0725	ripple_TLL20-21	85	182807
91.4045	0.1695	ripple_TLL19-20	83	182809
91.406	0.054	ripple_TLL7-8	100	182812
91.412	0.047	ripple_TLL15-16	80	182824
91.418	0.0515	ripple_TLL3-4	94	182836
91.4195	0.0765	ripple_TBAL2-3	69	182839
91.4255	0.041	ripple_TLL2-3	84	182851
91.4305	0.0405	ripple_TLL26-27	90	182861
91.432	0.053	ripple_TLL21-22	86	182864
91.4325	0.043	ripple_TLL6-7	99	182865
91.446	0.068	ripple_TLL29-30	93	182892
91.4685	0.0675	ripple_TLL30-31	95	182937
91.4745	0.1355	ripple_TLL11-12	76	182949
91.496	0.083	ripple_TLL15-16	80	182992
91.512	0.1015	ripple_TLL28-29	92	183024
91.5355	0.036	ripple_TLL12-13	77	183071
91.544	0.065	ripple_TLL9-10	101	183088
91.544	0.134	ripple_TLL3-4	94	183088
91.55	0.0485	ripple_TLL13-14	78	183100
91.565	0.1905	ripple_TBPL1-2	71	183130
91.5655	0.1415	ripple_TLL2-3	84	183131
91.573	0.298	ripple_TBPL2-3	72	183146
91.5905	0.1215	ripple_TLL1-2	74	183181
91.5925	0.073	ripple_TLL21-22	86	183185
91.5995	0.0915	ripple_TBAL1-2	68	183199
91.6015	0.166	ripple_TLL30-31	95	183203
91.6105	0.193	ripple_TLL15-16	80	183221
91.6145	0.073	ripple_TLL19-20	83	183229
91.6155	0.102	ripple_TLL18-19	82	183231
91.617	0.1835	ripple_TLL29-30	93	183234
91.6185	0.047	ripple_TLL4-5	97	183237
91.628	0.095	ripple_TLL14-15	79	183256
91.6295	0.055	ripple_TLL20-21	85	183259
91.6565	0.0475	ripple_TLL28-29	92	183313
91.6625	0.1225	ripple_TLL17-18	81	183325
91.69	0.0405	ripple_TLL22-23	87	183380
91.708	0.0765	ripple_TLL6-7	99	183416
91.708	0.0765	fr_TLL6-7	32	183416
91.708	0.0765	frandr_TLL6-7	65	183416
91.735	0.3265	ripple_TLL23-24	88	183470
91.7385	0.069	ripple_TLL18-19	82	183477
91.7395	0.067	ripple_TLL7-8	100	183479
91.7475	0.0475	ripple_TLL5-6	98	183495
91.7665	0.041	ripple_TLL10-11	75	183533
91.7665	0.2325	ripple_TLL22-23	87	183533
91.7675	0.079	ripple_TLL19-20	83	183535
91.7875	0.1385	ripple_TBPL1-2	71	183575
91.7985	0.068	ripple_TLL30-31	95	183597
91.8035	0.101	ripple_TLL27-28	91	183607
91.812	0.0975	ripple_TLL6-7	99	183624
91.8185	0.042	ripple_TBAL2-3	69	183637
91.8275	0.077	ripple_TLL10-11	75	183655
91.831	0.0955	ripple_TLL17-18	81	183662
91.835	0.171	ripple_TLL18-19	82	183670
91.8375	0.0405	ripple_TLL29-30	93	183675
91.838	0.0715	ripple_TLL14-15	79	183676
91.8545	0.173	ripple_TLL1-2	74	183709
91.862	0.12	ripple_TLL15-16	80	183724
91.862	0.1585	ripple_TLL2-3	84	183724
91.8645	0.132	ripple_TLL21-22	86	183729
91.8735	0.0355	ripple_TLL19-20	83	183747
91.876	0.0375	ripple_TLL9-10	101	183752
91.883	0.0595	ripple_TLL13-14	78	183766
91.8935	0.051	ripple_TLL7-8	100	183787
91.898	0.1765	ripple_TLL30-31	95	183796
91.903	0.078	ripple_TLL20-21	85	183806
91.9185	0.0375	ripple_TLL4-5	97	183837
91.925	0.065	ripple_TBPL2-3	72	183850
91.925	0.0785	ripple_TLL12-13	77	183850
91.935	0.066	ripple_TLL26-27	90	183870
91.938	0.0405	ripple_TLL11-12	76	183876
91.954	0.0605	ripple_TLL27-28	91	183908
91.9745	0.1215	ripple_TLL7-8	100	183949
91.978	0.0535	ripple_TLL6-7	99	183956
92.024	0.1215	ripple_TLL20-21	85	184048
92.0285	0.037	ripple_TLL10-11	75	184057
92.0285	0.041	ripple_TLL14-15	79	184057
92.0365	0.0385	ripple_TLL18-19	82	184073
92.039	0.063	ripple_TBPL2-3	72	184078
92.061	0.0495	ripple_TLL26-27	90	184122
92.0615	0.065	ripple_TBPL3-4	73	184123
92.0635	0.048	ripple_TLL2-3	84	184127
92.068	0.1485	ripple_TLL21-22	86	184136
92.069	0.0355	ripple_TLL3-4	94	184138
92.0715	0.206	ripple_TLL19-20	83	184143
92.0715	0.206	fr_TLL19-20	16	184143
92.0715	0.206	frandr_TLL19-20	50	184143
92.0735	0.3755	ripple_TLL29-30	93	184147
92.076	0.034	ripple_TBPL1-2	71	184152
92.091	0.0395	ripple_TLL14-15	79	184182
92.0955	0.088	ripple_TLL4-5	97	184191
92.097	0.1065	ripple_TLL28-29	92	184194
92.0975	0.0415	ripple_TLL13-14	78	184195
92.1215	0.0725	ripple_TLL27-28	91	184243
92.131	0.0345	ripple_TLL1-2	74	184262
92.1435	0.047	ripple_TLL18-19	82	184287
92.149	0.0855	ripple_TBPL2-3	72	184298
92.1545	0.1865	ripple_TLL31-32	96	184309
92.162	0.04	ripple_TLL26-27	90	184324
92.1625	0.0915	ripple_TLL5-6	98	184325
92.1885	0.194	ripple_TLL7-8	100	184377
92.2095	0.039	ripple_TBPL1-2	71	184419
92.214	0.0655	ripple_TLL1-2	74	184428
92.2165	0.0345	ripple_TLL18-19	82	184433
92.221	0.129	ripple_TLL6-7	99	184442
92.2225	0.0495	ripple_TLL15-16	80	184445
92.2275	0.035	ripple_TLL3-4	94	184455
92.2275	0.084	ripple_TLL20-21	85	184455
92.2565	0.0695	ripple_TBPL2-3	72	184513
92.2655	0.046	ripple_TLL13-14	78	184531
92.275	0.0655	ripple_TLL21-22	86	184550
92.307	0.061	ripple_TLL27-28	91	184614
92.3075	0.108	ripple_TLL15-16	80	184615
92.3135	0.044	ripple_TLL23-24	88	184627
92.3215	0.0345	ripple_TLL22-23	87	184643
92.329	0.034	ripple_TLL1-2	74	184658
92.331	0.0305	ripple_TLL18-19	82	184662
92.374	0.197	ripple_TLL14-15	79	184748
92.383	0.19	ripple_TLL1-2	74	184766
92.39	0.1205	ripple_TLL2-3	84	184780
92.3905	0.456	ripple_TLL22-23	87	184781
92.3975	0.0285	ripple_TLL5-6	98	184795
92.405	0.035	ripple_TBPL2-3	72	184810
92.4075	0.039	ripple_TBPL1-2	71	184815
92.4095	0.126	ripple_TLL30-31	95	184819
92.4225	0.0385	ripple_TLL17-18	81	184845
92.444	0.1285	ripple_TLL6-7	99	184888
92.479	0.0845	ripple_TLL15-16	80	184958
92.487	0.052	ripple_TLL7-8	100	184974
92.498	0.058	ripple_TLL29-30	93	184996
92.5055	0.0375	ripple_TLL12-13	77	185011
92.5115	0.052	ripple_TLL11-12	76	185023
92.515	0.1625	ripple_TLL31-32	96	185030
92.516	0.242	ripple_TBPL2-3	72	185032
92.5215	0.071	ripple_TLL19-20	83	185043
92.5225	0.0365	ripple_TLL28-29	92	185045
92.5235	0.014	fr_TLL5-6	31	185047
92.5255	0.044	ripple_TLL26-27	90	185051
92.5325	0.0875	ripple_TLL2-3	84	185065
92.553	0.2165	ripple_TLL20-21	85	185106
92.6045	0.1175	ripple_TLL27-28	91	185209
92.605	0.141	ripple_TLL26-27	90	185210
92.6175	0.046	ripple_TLL19-20	83	185235
92.63	0.082	ripple_TLL15-16	80	185260
92.644	0.0355	ripple_TLL21-22	86	185288
92.646	0.1135	ripple_TLL2-3	84	185292
92.657	0.1315	ripple_TLL14-15	79	185314
92.665	0.0635	ripple_TLL1-2	74	185330
92.687	0.035	ripple_TLL4-5	97	185374
92.6905	0.09	ripple_TLL23-24	88	185381
92.691	0.2375	ripple_TLL19-20	83	185382
92.6945	0.095	ripple_TBPL3-4	73	185389
92.699	0.1695	ripple_TLL29-30	93	185398
92.706	0.048	ripple_TLL6-7	99	185412
92.7155	0.065	ripple_TLL17-18	81	185431
92.734	0.0635	ripple_TLL11-12	76	185468
92.772	0.0285	ripple_TLL26-27	90	185544
92.7935	0.075	ripple_TLL30-31	95	185587
92.807	0.162	ripple_TLL15-16	80	185614
92.827	0.085	ripple_TLL20-21	85	185654
92.83	0.0865	ripple_TLL7-8	100	185660
92.8325	0.0655	ripple_TLL1-2	74	185665
92.8505	0.045	ripple_TLL2-3	84	185701
92.8575	0.0115	fr_TLL26-27	23	185715
92.859	0.083	ripple_TBPL3-4	73	185718
92.875	0.036	ripple_TLL5-6	98	185750
92.881	0.063	ripple_TLL14-15	79	185762
92.8815	0.0665	ripple_TLL13-14	78	185763
92.888	0.039	ripple_TLL9-10	101	185776
92.8885	0.1385	ripple_TLL18-19	82	185777
92.911	0.031	ripple_TLL28-29	92	185822
92.922	0.046	ripple_TLL31-32	96	185844
92.9295	0.2315	ripple_TBPL1-2	71	185859
92.94	0.0825	ripple_TLL30-31	95	185880
92.942	0.0305	ripple_TLL20-21	85	185884
92.948	0.067	ripple_TLL2-3	84	185896
92.971	0.0915	ripple_TLL28-29	92	185942
92.9855	0.0655	ripple_TLL6-7	99	185971
92.9915	0.0475	ripple_TLL26-27	90	185983
92.9945	0.0375	ripple_TLL1-2	74	185989
92.9945	0.0505	ripple_TLL27-28	91	185989
93.0005	0.064	ripple_TLL13-14	78	186001
93.008	0.0575	ripple_TLL7-8	100	186016
93.0145	0.0555	ripple_TLL3-4	94	186029
93.0345	0.2195	ripple_TLL9-10	101	186069
93.0365	0.235	ripple_TLL10-11	75	186073
93.0595	0.1875	ripple_TBPL2-3	72	186119
93.069	0.0805	ripple_TLL31-32	96	186138
93.075	0.354	ripple_TLL30-31	95	186150
93.081	0.0735	ripple_TLL20-21	85	186162
93.0825	0.457	ripple_TLL14-15	79	186165
93.0925	0.032	ripple_TLL7-8	100	186185
93.096	0.1255	ripple_TLL1-2	74	186192
93.1135	0.1155	ripple_TLL13-14	78	186227
93.1215	0.0885	ripple_TLL21-22	86	186243
93.129	0.1795	ripple_TLL6-7	99	186258
93.141	0.1545	ripple_TLL29-30	93	186282
93.144	0.131	ripple_TLL18-19	82	186288
93.147	0.0475	ripple_TLL5-6	98	186294
93.151	0.259	ripple_TLL15-16	80	186302
93.167	0.04	ripple_TBAL3-4	70	186334
93.1805	0.034	ripple_TLL12-13	77	186361
93.1825	0.1365	ripple_TLL3-4	94	186365
93.185	0.05	ripple_TBAL2-3	69	186370
93.194	0.068	ripple_TLL28-29	92	186388
93.2105	0.049	ripple_TLL4-5	97	186421
93.2165	0.0595	ripple_TLL5-6	98	186433
93.238	0.058	ripple_TLL17-18	81	186476
93.2415	0.068	ripple_TLL2-3	84	186483
93.243	0.11	ripple_TLL1-2	74	186486
93.2485	0.029	ripple_TLL21-22	86	186497
93.2555	0.051	ripple_TBPL3-4	73	186511
93.274	0.1835	ripple_TLL19-20	83	186548
93.2795	0.2475	ripple_TLL13-14	78	186559
93.29	0.0395	ripple_TLL11-12	76	186580
93.302	0.128	ripple_TLL28-29	92	186604
93.313	0.0465	ripple_TLL26-27	90	186626
93.322	0.343	ripple_TLL21-22	86	186644
93.3295	0.033	ripple_TLL27-28	91	186659
93.3305	0.028	ripple_TLL29-30	93	186661
93.342	0.1905	ripple_TBPL2-3	72	186684
93.3535	0.109	ripple_TBPL1-2	71	186707
93.355	0.052	ripple_TLL5-6	98	186710
93.3725	0.034	ripple_TLL4-5	97	186745
93.3735	0.046	ripple_TLL3-4	94	186747
93.38	0.0465	ripple_TLL29-30	93	186760
93.4085	0.1205	ripple_TLL12-13	77	186817
93.4095	0.0365	ripple_TLL6-7	99	186819
93.417	0.0335	ripple_TLL20-21	85	186834
93.4195	0.322	ripple_TLL7-8	100	186839
93.445	0.4825	ripple_TLL1-2	74	186890
93.455	0.034	ripple_TLL17-18	81	186910
93.456	0.178	ripple_TLL10-11	75	186912
93.472	0.058	ripple_TLL11-12	76	186944
93.487	0.0785	ripple_TLL6-7	99	186974
93.4885	0.0545	ripple_TLL29-30	93	186977
93.4955	0.123	ripple_TLL3-4	94	186991
93.5	0.0445	ripple_TLL15-16	80	187000
93.514	0.0995	ripple_TLL26-27	90	187028
93.5165	0.087	ripple_TLL4-5	97	187033
93.5215	0.0355	ripple_TLL28-29	92	187043
93.534	0.019	fr_TLL31-32	29	187068
93.5585	0.0315	ripple_TBPL2-3	72	187117
93.5705	0.0595	ripple_TLL29-30	93	187141
93.578	0.0975	ripple_TLL13-14	78	187156
93.5875	0.1075	ripple_TLL6-7	99	187175
93.588	0.037	ripple_TLL2-3	84	187176
93.601	0.079	ripple_TLL9-10	101	187202
93.602	0.338	ripple_TLL14-15	79	187204
93.609	0.1655	ripple_TLL19-20	83	187218
93.611	0.0625	ripple_TBPL1-2	71	187222
93.633	0.0485	ripple_TLL5-6	98	187266
93.6505	0.298	ripple_TLL20-21	85	187301
93.659	0.2305	ripple_TLL30-31	95	187318
93.662	0.041	ripple_TLL12-13	77	187324
93.6655	0.049	ripple_TLL15-16	80	187331
93.666	0.071	ripple_TLL29-30	93	187332
93.691	0.0435	ripple_TLL18-19	82	187382
93.7	0.2675	ripple_TBPL2-3	72	187400
93.713	0.06	ripple_TLL27-28	91	187426
93.7155	0.0485	ripple_TLL25-26	89	187431
93.7185	0.0745	ripple_TLL26-27	90	187437
93.7225	0.2125	ripple_TBPL1-2	71	187445
93.723	0.059	ripple_TLL22-23	87	187446
93.723	0.088	ripple_TLL2-3	84	187446
93.737	0.045	ripple_TLL11-12	76	187474
93.7405	0.0375	ripple_TLL10-11	75	187481
93.7455	0.051	ripple_TLL9-10	101	187491
93.7475	0.048	ripple_TBPL3-4	73	187495
93.766	0.0425	ripple_TLL29-30	93	187532
93.7735	0.0335	ripple_TLL15-16	80	187547
93.7825	0.045	ripple_TLL3-4	94	187565
93.797	0.299	ripple_TLL19-20	83	187594
93.803	0.266	ripple_TLL18-19	82	187606
93.803	0.266	fr_TLL18-19	15	187606
93.803	0.266	frandr_TLL18-19	49	187606
93.812	0.055	ripple_TLL17-18	81	187624
93.832	0.1475	ripple_TLL7-8	100	187664
93.833	0.047	ripple_TLL29-30	93	187666
93.8645	0.0315	ripple_TLL21-22	86	187729
93.8805	0.043	ripple_TLL27-28	91	187761
93.8925	0.0655	ripple_TBAL1-2	68	187785
93.897	0.048	ripple_TLL28-29	92	187794
93.902	0.1355	ripple_TLL15-16	80	187804
93.9035	0.064	ripple_TLL17-18	81	187807
93.9065	0.1415	ripple_TLL3-4	94	187813
93.909	0.0385	ripple_TBPL3-4	73	187818
93.9165	0.046	ripple_TLL4-5	97	187833
93.955	0.1255	ripple_TLL1-2	74	187910
93.957	0.042	ripple_TLL2-3	84	187914
93.9625	0.13	ripple_TLL29-30	93	187925
93.9685	0.037	ripple_TLL21-22	86	187937
93.9685	0.062	ripple_TLL11-12	76	187937
93.9765	0.056	ripple_TLL30-31	95	187953
93.984	0.1615	ripple_TLL22-23	87	187968
93.9995	0.0445	ripple_TLL4-5	97	187999
94.0065	0.0855	ripple_TLL20-21	85	188013
94.0095	0.013	fr_TLL23-24	21	188019
94.0105	0.115	ripple_TBPL2-3	72	188021
94.012	0.059	ripple_TLL5-6	98	188024
94.0185	0.164	ripple_TLL6-7	99	188037
94.021	0.082	ripple_TLL14-15	79	188042
94.0295	0.117	ripple_TBPL1-2	71	188059
94.034	0.0435	ripple_TLL2-3	84	188068
94.0405	0.0765	ripple_TLL10-11	75	188081
94.041	0.0815	ripple_TLL12-13	77	188082
94.043	0.0545	ripple_TLL13-14	78	188086
94.0575	0.2335	ripple_TLL30-31	95	188115
94.0925	0.117	ripple_TLL17-18	81	188185
94.0985	0.058	ripple_TLL18-19	82	188197
94.118	0.3345	ripple_TLL15-16	80	188236
94.1225	0.0555	ripple_TLL4-5	97	188245
94.123	0.0625	ripple_TLL9-10	101	188246
94.1285	0.07	ripple_TLL14-15	79	188257
94.132	0.2185	ripple_TLL1-2	74	188264
94.15	0.0895	ripple_TLL29-30	93	188300
94.175	0.061	ripple_TLL20-21	85	188350
94.1765	0.1105	ripple_TBPL1-2	71	188353
94.1875	0.06	ripple_TLL11-12	76	188375
94.193	0.1155	ripple_TBPL2-3	72	188386
94.198	0.256	ripple_TLL4-5	97	188396
94.2235	0.2245	ripple_TLL21-22	86	188447
94.227	0.0375	ripple_TLL10-11	75	188454
94.231	0.0755	ripple_TLL3-4	94	188462
94.2335	0.2815	ripple_TLL13-14	78	188467
94.2555	0.101	ripple_TLL28-29	92	188511
94.2745	0.1305	ripple_TLL18-19	82	188549
94.279	0.159	ripple_TLL29-30	93	188558
94.318	0.0755	ripple_TLL20-21	85	188636
94.3195	0.0715	ripple_TLL26-27	90	188639
94.346	0.0475	ripple_TLL7-8	100	188692
94.3515	0.042	ripple_TBPL1-2	71	188703
94.352	0.071	ripple_TLL30-31	95	188704
94.372	0.058	ripple_TLL1-2	74	188744
94.378	0.107	ripple_TLL19-20	83	188756
94.403	0.0385	ripple_TLL6-7	99	188806
94.407	0.054	ripple_TLL11-12	76	188814
94.4105	0.2415	ripple_TLL3-4	94	188821
94.4365	0.0405	ripple_TLL18-19	82	188873
94.4415	0.0535	ripple_TLL31-32	96	188883
94.4435	0.526	ripple_TBPL1-2	71	188887
94.4505	0.032	ripple_TLL9-10	101	188901
94.477	0.0455	ripple_TBPL2-3	72	188954
94.4855	0.067	ripple_TLL27-28	91	188971
94.4905	0.183	ripple_TLL5-6	98	188981
94.4955	0.0795	ripple_TLL21-22	86	188991
94.501	0.0325	ripple_TLL20-21	85	189002
94.507	0.0345	ripple_TLL19-20	83	189014
94.5075	0.046	ripple_TLL28-29	92	189015
94.5115	0.051	ripple_TLL1-2	74	189023
94.519	0.1415	ripple_TLL4-5	97	189038
94.5245	0.105	ripple_TLL31-32	96	189049
94.5255	0.0335	ripple_TLL29-30	93	189051
94.5335	0.031	ripple_TLL22-23	87	189067
94.56	0.0535	ripple_TLL11-12	76	189120
94.5615	0.0555	ripple_TLL19-20	83	189123
94.585	0.04	ripple_TLL15-16	80	189170
94.5995	0.052	ripple_TLL1-2	74	189199
94.601	0.037	ripple_TLL23-24	88	189202
94.6065	0.033	ripple_TLL20-21	85	189213
94.607	0.065	ripple_TLL26-27	90	189214
94.609	0.0435	ripple_TLL30-31	95	189218
94.617	0.1455	ripple_TLL22-23	87	189234
94.622	0.035	ripple_TLL6-7	99	189244
94.6495	0.186	ripple_TBPL2-3	72	189299
94.65	0.1545	ripple_TLL29-30	93	189300
94.651	0.0525	ripple_TLL2-3	84	189302
94.653	0.0695	ripple_TBAL2-3	69	189306
94.6585	0.037	ripple_TLL9-10	101	189317
94.675	0.045	ripple_TBAL3-4	70	189350
94.684	0.037	ripple_TLL13-14	78	189368
94.691	0.112	ripple_TLL30-31	95	189382
94.7145	0.058	ripple_TLL4-5	97	189429
94.717	0.1785	ripple_TLL3-4	94	189434
94.722	0.2085	ripple_TLL7-8	100	189444
94.728	0.0395	ripple_TLL14-15	79	189456
94.728	0.2725	ripple_TLL15-16	80	189456
94.732	0.1235	ripple_TLL11-12	76	189464
94.7375	0.043	ripple_TLL1-2	74	189475
94.7425	0.123	ripple_TLL20-21	85	189485
94.7905	0.067	ripple_TLL14-15	79	189581
94.818	0.045	ripple_TLL26-27	90	189636
94.829	0.0535	ripple_TLL30-31	95	189658
94.83	0.012	fr_TLL31-32	29	189660
94.8325	0.055	ripple_TLL18-19	82	189665
94.854	0.043	ripple_TLL4-5	97	189708
94.877	0.0925	ripple_TLL28-29	92	189754
94.8805	0.0355	ripple_TLL5-6	98	189761
94.8845	0.1665	ripple_TLL1-2	74	189769
94.8855	0.047	ripple_TLL6-7	99	189771
94.8965	0.124	ripple_TBPL2-3	72	189793
94.899	0.0855	ripple_TLL29-30	93	189798
94.9035	0.0305	ripple_TBAL3-4	70	189807
94.9145	0.1125	ripple_TLL13-14	78	189829
94.915	0.2745	ripple_TLL14-15	79	189830
94.9265	0.0555	ripple_TLL2-3	84	189853
94.927	0.282	ripple_TLL19-20	83	189854
94.935	0.034	ripple_TLL11-12	76	189870
94.9365	0.0425	ripple_TLL22-23	87	189873
94.9445	0.0415	ripple_TBPL3-4	73	189889
94.9585	0.044	ripple_TLL27-28	91	189917
94.974	0.14	ripple_TLL21-22	86	189948
94.9775	0.067	ripple_TLL18-19	82	189955
95.0045	0.0705	ripple_TLL3-4	94	190009
95.006	0.109	ripple_TLL30-31	95	190012
95.01	0.04	ripple_TLL2-3	84	190020
95.013	0.1275	ripple_TBPL1-2	71	190026
95.037	0.0845	ripple_TLL7-8	100	190074
95.038	0.076	ripple_TLL22-23	87	190076
95.038	0.076	fr_TLL22-23	20	190076
95.038	0.076	frandr_TLL22-23	54	190076
95.0545	0.113	ripple_TLL28-29	92	190109
95.06	0.075	ripple_TLL20-21	85	190120
95.0645	0.0325	ripple_TLL12-13	77	190129
95.08	0.0555	ripple_TLL15-16	80	190160
95.093	0.051	ripple_TBAL3-4	70	190186
95.0965	0.0855	ripple_TBAL2-3	69	190193
95.103	0.0355	ripple_TLL26-27	90	190206
95.103	0.0455	ripple_TLL18-19	82	190206
95.113	0.078	ripple_TBPL2-3	72	190226
95.1345	0.0405	ripple_TLL4-5	97	190269
95.141	0.0655	ripple_TLL21-22	86	190282
95.146	0.18	ripple_TLL1-2	74	190292
95.1685	0.094	ripple_TLL2-3	84	190337
95.174	0.0925	ripple_TLL20-21	85	190348
95.1765	0.041	ripple_TLL5-6	98	190353
95.1815	0.218	ripple_TLL7-8	100	190363
95.1895	0.0565	ripple_TLL13-14	78	190379
95.2055	0.1765	ripple_TLL3-4	94	190411
95.2355	0.072	ripple_TLL29-30	93	190471
95.2375	0.1595	ripple_TBPL1-2	71	190475
95.241	0.127	ripple_TLL17-18	81	190482
95.246	0.1745	ripple_TLL6-7	99	190492
95.2515	0.0465	ripple_TLL28-29	92	190503
95.2635	0.049	ripple_TLL11-12	76	190527
95.2655	0.0335	ripple_TLL21-22	86	190531
95.2665	0.0445	ripple_TLL10-11	75	190533
95.267	0.047	ripple_TLL18-19	82	190534
95.268	0.1795	ripple_TLL19-20	83	190536
95.2715	0.0285	ripple_TBPL2-3	72	190543
95.2725	0.053	ripple_TLL30-31	95	190545
95.284	0.1305	ripple_TLL14-15	79	190568
95.292	0.0735	ripple_TLL27-28	91	190584
95.3115	0.2435	ripple_TLL15-16	80	190623
95.313	0.037	ripple_TLL2-3	84	190626
95.32	0.0545	ripple_TLL28-29	92	190640
95.338	0.0415	ripple_TLL29-30	93	190676
95.344	0.051	ripple_TBPL3-4	73	190688
95.358	0.039	ripple_TLL22-23	87	190716
95.3685	0.0725	ripple_TLL21-22	86	190737
95.381	0.0585	ripple_TLL2-3	84	190762
95.382	0.1015	ripple_TBPL2-3	72	190764
95.4085	0.0475	ripple_TLL4-5	97	190817
95.4095	0.0695	ripple_TLL20-21	85	190819
95.412	0.043	ripple_TLL5-6	98	190824
95.4245	0.3655	ripple_TLL13-14	78	190849
95.4695	0.1225	ripple_TLL11-12	76	190939
95.47	0.191	ripple_TLL6-7	99	190940
95.4815	0.1465	ripple_TLL1-2	74	190963
95.4895	0.076	ripple_TLL2-3	84	190979
95.4925	0.052	ripple_TBAL2-3	69	190985
95.498	0.197	ripple_TLL30-31	95	190996
95.5015	0.041	ripple_TLL10-11	75	191003
95.502	0.0605	ripple_TLL9-10	101	191004
95.509	0.039	ripple_TLL27-28	91	191018
95.509	0.1555	ripple_TLL29-30	93	191018
95.521	0.0395	ripple_TBAL3-4	70	191042
95.5355	0.049	ripple_TLL7-8	100	191071
95.5405	0.0365	ripple_TBAL1-2	68	191081
95.5665	0.053	ripple_TBPL3-4	73	191133
95.5705	0.0395	ripple_TLL22-23	87	191141
95.573	0.0295	ripple_TLL23-24	88	191146
95.583	0.043	ripple_TLL12-13	77	191166
95.585	0.165	ripple_TLL4-5	97	191170
95.5915	0.038	ripple_TLL2-3	84	191183
95.5965	0.035	ripple_TLL18-19	82	191193
95.598	0.139	ripple_TBPL2-3	72	191196
95.6065	0.213	ripple_TLL19-20	83	191213
95.6095	0.1335	ripple_TLL20-21	85	191219
95.6135	0.0475	ripple_TLL3-4	94	191227
95.6135	0.1075	ripple_TLL5-6	98	191227
95.638	0.0505	ripple_TLL15-16	80	191276
95.6505	0.249	ripple_TLL14-15	79	191301
95.6535	0.102	ripple_TLL26-27	90	191307
95.6565	0.097	ripple_TLL21-22	86	191313
95.6585	0.0685	ripple_TLL7-8	100	191317
95.6675	0.0675	ripple_TLL27-28	91	191335
95.668	0.012	fr_TLL22-23	20	191336
95.6755	0.0325	ripple_TBPL3-4	73	191351
95.6785	0.0885	ripple_TLL18-19	82	191357
95.683	0.071	ripple_TLL3-4	94	191366
95.6875	0.092	ripple_TLL9-10	101	191375
95.701	0.038	ripple_TLL11-12	76	191402
95.7045	0.1245	ripple_TLL1-2	74	191409
95.7515	0.12	ripple_TLL6-7	99	191503
95.759	0.0415	ripple_TLL28-29	92	191518
95.759	0.0695	ripple_TLL7-8	100	191518
95.799	0.0395	ripple_TLL11-12	76	191598
95.815	0.085	ripple_TLL21-22	86	191630
95.8165	0.0795	ripple_TLL20-21	85	191633
95.8175	0.0735	ripple_TLL15-16	80	191635
95.823	0.046	ripple_TLL22-23	87	191646
95.83	0.039	ripple_TLL23-24	88	191660
95.8495	0.0315	ripple_TLL19-20	83	191699
95.862	0.043	ripple_TLL28-29	92	191724
95.8635	0.28	ripple_TBPL1-2	71	191727
95.8735	0.036	ripple_TLL25-26	89	191747
95.8755	0.139	ripple_TLL13-14	78	191751
95.887	0.0385	ripple_TLL7-8	100	191774
95.888	0.049	ripple_TBAL3-4	70	191776
95.888	0.127	ripple_TLL18-19	82	191776
95.899	0.161	ripple_TLL2-3	84	191798
95.906	0.087	ripple_TLL1-2	74	191812
95.9235	0.1525	ripple_TLL14-15	79	191847
95.927	0.05	ripple_TBPL2-3	72	191854
95.932	0.101	ripple_TLL28-29	92	191864
95.9355	0.0955	ripple_TLL17-18	81	191871
95.956	0.0505	ripple_TLL10-11	75	191912
95.958	0.0505	ripple_TLL11-12	76	191916
95.9595	0.0525	ripple_TLL3-4	94	191919
95.9685	0.0435	ripple_TLL22-23	87	191937
95.97	0.05	ripple_TLL29-30	93	191940
95.9705	0.082	ripple_TLL6-7	99	191941
95.9725	0.0395	ripple_TBPL3-4	73	191945
95.977	0.0345	ripple_TLL12-13	77	191954
95.978	0.4065	ripple_TLL20-21	85	191956
95.984	0.094	ripple_TLL5-6	98	191968
95.9965	0.061	ripple_TLL21-22	86	191993
96.0415	0.0485	ripple_TLL9-10	101	192083
96.0485	0.154	ripple_TBPL2-3	72	192097
96.0485	0.5295	ripple_TLL7-8	100	192097
96.055	0.054	ripple_TLL28-29	92	192110
96.061	0.0395	ripple_TLL25-26	89	192122
96.061	0.22	ripple_TLL10-11	75	192122
96.073	0.0465	ripple_TLL11-12	76	192146
96.0935	0.193	ripple_TLL18-19	82	192187
96.101	0.0835	ripple_TLL5-6	98	192202
96.1065	0.106	ripple_TLL19-20	83	192213
96.1075	0.294	ripple_TLL29-30	93	192215
96.12	0.12	ripple_TLL6-7	99	192240
96.127	0.0475	ripple_TLL22-23	87	192254
96.133	0.123	ripple_TBPL3-4	73	192266
96.136	0.0485	ripple_TLL30-31	95	192272
96.136	0.294	ripple_TLL21-22	86	192272
96.138	0.0475	ripple_TLL12-13	77	192276
96.1385	0.1485	ripple_TLL17-18	81	192277
96.153	0.274	ripple_TLL9-10	101	192306
96.1555	0.097	ripple_TLL1-2	74	192311
96.1665	0.056	ripple_TLL31-32	96	192333
96.168	0.152	ripple_TLL28-29	92	192336
96.1775	0.1615	ripple_TLL14-15	79	192355
96.193	0.041	ripple_TLL2-3	84	192386
96.2075	0.1065	ripple_TLL30-31	95	192415
96.2075	0.131	ripple_TBPL1-2	71	192415
96.22	0.0395	ripple_TLL26-27	90	192440
96.236	0.04	ripple_TLL15-16	80	192472
96.2575	0.032	ripple_TLL11-12	76	192515
96.263	0.0345	ripple_TLL2-3	84	192526
96.274	0.128	ripple_TLL13-14	78	192548
96.276	0.102	ripple_TLL1-2	74	192552
96.298	0.0435	ripple_TLL15-16	80	192596
96.2995	0.033	ripple_TLL5-6	98	192599
96.3285	0.033	ripple_TLL12-13	77	192657
96.34	0.1225	ripple_TLL19-20	83	192680
96.347	0.054	ripple_TLL2-3	84	192694
96.3475	0.1005	ripple_TLL3-4	94	192695
96.376	0.287	ripple_TLL14-15	79	192752
96.376	0.287	fr_TLL14-15	12	192752
96.376	0.287	frandr_TLL14-15	46	192752
96.3795	0.042	ripple_TLL6-7	99	192759
96.381	0.124	ripple_TLL15-16	80	192762
96.383	0.016	fr_TLL5-6	31	192766
96.407	0.056	ripple_TBPL2-3	72	192814
96.4145	0.052	ripple_TLL1-2	74	192829
96.422	0.041	ripple_TLL2-3	84	192844
96.443	0.061	ripple_TLL18-19	82	192886
96.444	0.2415	ripple_TLL13-14	78	192888
96.4465	0.092	ripple_TLL29-30	93	192893
96.449	0.0475	ripple_TLL9-10	101	192898
96.474	0.072	ripple_TLL3-4	94	192948
96.4795	0.057	ripple_TLL4-5	97	192959
96.4845	0.072	ripple_TLL19-20	83	192969
96.486	0.086	ripple_TBPL2-3	72	192972
96.4885	0.094	ripple_TLL20-21	85	192977
96.494	0.088	ripple_TLL21-22	86	192988
96.4945	0.0615	ripple_TLL1-2	74	192989
96.5365	0.064	ripple_TLL9-10	101	193073
96.5405	0.058	ripple_TLL26-27	90	193081
96.541	0.0325	ripple_TLL27-28	91	193082
96.546	0.0395	ripple_TLL10-11	75	193092
96.5515	0.034	ripple_TLL15-16	80	193103
96.562	0.2085	ripple_TLL30-31	95	193124
96.564	0.065	ripple_TLL5-6	98	193128
96.571	0.1625	ripple_TLL31-32	96	193142
96.5735	0.035	ripple_TLL18-19	82	193147
96.5795	0.0955	ripple_TLL28-29	92	193159
96.581	0.034	ripple_TLL29-30	93	193162
96.5945	0.1945	ripple_TLL19-20	83	193189
96.606	0.053	ripple_TLL15-16	80	193212
96.6205	0.0315	ripple_TLL21-22	86	193241
96.655	0.0575	ripple_TLL26-27	90	193310
96.6555	0.048	ripple_TLL6-7	99	193311
96.6615	0.0495	ripple_TLL25-26	89	193323
96.665	0.0395	ripple_TLL2-3	84	193330
96.6735	0.052	ripple_TBPL2-3	72	193347
96.6765	0.078	ripple_TLL20-21	85	193353
96.684	0.0465	ripple_TBPL1-2	71	193368
96.6975	0.0395	ripple_TLL11-12	76	193395
96.701	0.057	ripple_TLL4-5	97	193402
96.705	0.057	ripple_TLL29-30	93	193410
96.713	0.0515	ripple_TLL21-22	86	193426
96.7145	0.129	ripple_TLL7-8	100	193429
96.721	0.045	ripple_TLL3-4	94	193442
96.732	0.0625	ripple_TLL6-7	99	193464
96.7525	0.043	ripple_TLL18-19	82	193505
96.769	0.0875	ripple_TLL15-16	80	193538
96.773	0.1555	ripple_TBPL2-3	72	193546
96.791	0.1405	ripple_TLL21-22	86	193582
96.792	0.1415	ripple_TLL14-15	79	193584
96.794	0.1735	ripple_TLL13-14	78	193588
96.797	0.115	ripple_TLL30-31	95	193594
96.8	0.037	ripple_TBPL3-4	73	193600
96.805	0.0715	ripple_TLL1-2	74	193610
96.805	0.0895	ripple_TLL20-21	85	193610
96.805	0.6075	ripple_TBPL1-2	71	193610
96.8085	0.09	ripple_TLL2-3	84	193617
96.8265	0.038	ripple_TLL23-24	88	193653
96.862	0.0335	ripple_TLL18-19	82	193724
96.863	0.052	ripple_TLL5-6	98	193726
96.877	0.04	ripple_TLL4-5	97	193754
96.8845	0.0375	ripple_TBAL2-3	69	193769
96.887	0.2645	ripple_TLL6-7	99	193774
96.887	0.2645	fr_TLL6-7	32	193774
96.887	0.2645	frandr_TLL6-7	65	193774
96.8875	0.0425	ripple_TLL9-10	101	193775
96.907	0.118	ripple_TLL15-16	80	193814
96.914	0.17	ripple_TLL1-2	74	193828
96.9185	0.046	ripple_TLL2-3	84	193837
96.921	0.074	ripple_TLL7-8	100	193842
96.9565	0.187	ripple_TLL14-15	79	193913
96.969	0.0635	ripple_TBAL2-3	69	193938
96.9825	0.137	ripple_TLL25-26	89	193965
96.987	0.016	fr_TBAL3-4	3	193974
96.9905	0.0585	ripple_TLL30-31	95	193981
97.007	0.041	ripple_TLL2-3	84	194014
97.0075	0.049	ripple_TLL28-29	92	194015
97.0335	0.0625	ripple_TLL12-13	77	194067
97.0395	0.359	ripple_TLL7-8	100	194079
97.0435	0.0375	ripple_TLL26-27	90	194087
97.051	0.083	ripple_TLL31-32	96	194102
97.053	0.0615	ripple_TLL10-11	75	194106
97.0565	0.0555	ripple_TLL29-30	93	194113
97.0955	0.019	fr_TLL1-2	7	194191
97.105	0.038	ripple_TLL15-16	80	194210
97.11	0.0575	ripple_TBPL2-3	72	194220
97.1165	0.0295	ripple_TLL9-10	101	194233
97.145	0.0845	ripple_TLL13-14	78	194290
97.1515	0.0665	ripple_TLL25-26	89	194303
97.153	0.045	ripple_TLL29-30	93	194306
97.156	0.037	ripple_TLL30-31	95	194312
97.174	0.1255	ripple_TLL17-18	81	194348
97.176	0.254	ripple_TLL14-15	79	194352
97.1865	0.0385	ripple_TLL3-4	94	194373
97.1885	0.053	ripple_TLL15-16	80	194377
97.1905	0.0375	ripple_TBPL3-4	73	194381
97.1915	0.0165	fr_TLL1-2	7	194383
97.197	0.17	ripple_TLL11-12	76	194394
97.201	0.107	ripple_TLL21-22	86	194402
97.2015	0.038	ripple_TLL6-7	99	194403
97.2065	0.1075	ripple_TLL18-19	82	194413
97.2075	0.0595	ripple_TBAL1-2	68	194415
97.2255	0.0375	ripple_TLL28-29	92	194451
97.241	0.122	ripple_TLL31-32	96	194482
97.2705	0.0345	ripple_TLL1-2	74	194541
97.2705	0.055	ripple_TLL2-3	84	194541
97.284	0.284	ripple_TLL29-30	93	194568
97.2885	0.116	ripple_TLL27-28	91	194577
97.2915	0.019	fr_TLL22-23	20	194583
97.295	0.0155	fr_TLL23-24	21	194590
97.3135	0.06	ripple_TLL26-27	90	194627
97.333	0.066	ripple_TLL30-31	95	194666
97.333	0.0715	ripple_TLL10-11	75	194666
97.3505	0.0375	ripple_TLL28-29	92	194701
97.3575	0.0855	ripple_TLL6-7	99	194715
97.3635	0.0415	ripple_TLL9-10	101	194727
97.3715	0.2375	ripple_TLL1-2	74	194743
97.372	0.2095	ripple_TLL20-21	85	194744
97.3755	0.062	ripple_TBPL2-3	72	194751
97.394	0.0975	ripple_TLL15-16	80	194788
97.398	0.0775	ripple_TBPL3-4	73	194796
97.403	0.0595	ripple_TLL13-14	78	194806
97.4095	0.1215	ripple_TLL2-3	84	194819
97.4135	0.1225	ripple_TLL28-29	92	194827
97.44	0.111	ripple_TLL19-20	83	194880
97.445	0.04	ripple_TLL11-12	76	194890
97.4465	0.057	ripple_TLL10-11	75	194893
97.449	0.031	ripple_TLL27-28	91	194898
97.4525	0.0625	ripple_TLL26-27	90	194905
97.4595	0.098	ripple_TLL7-8	100	194919
97.468	0.2735	ripple_TBPL1-2	71	194936
97.479	0.0655	ripple_TLL18-19	82	194958
97.5005	0.0595	ripple_TLL12-13	77	195001
97.505	0.0455	ripple_TLL11-12	76	195010
97.5165	0.1305	ripple_TLL14-15	79	195033
97.543	0.0995	ripple_TLL21-22	86	195086
97.5515	0.034	ripple_TLL26-27	90	195103
97.575	0.0745	ripple_TBPL2-3	72	195150
97.5755	0.0395	ripple_TLL9-10	101	195151
97.576	0.073	ripple_TLL5-6	98	195152
97.579	0.137	ripple_TLL27-28	91	195158
97.5865	0.0985	ripple_TLL4-5	97	195173
97.591	0.073	ripple_TLL2-3	84	195182
97.5925	0.053	ripple_TLL28-29	92	195185
97.5945	0.0515	ripple_TLL31-32	96	195189
97.597	0.0505	ripple_TLL13-14	78	195194
97.608	0.0385	ripple_TLL20-21	85	195216
97.6305	0.078	ripple_TLL1-2	74	195261
97.6355	0.255	ripple_TLL6-7	99	195271
97.6505	0.027	ripple_TLL10-11	75	195301
97.6575	0.1065	ripple_TLL18-19	82	195315
97.685	0.056	ripple_TLL20-21	85	195370
97.6855	0.262	ripple_TLL14-15	79	195371
97.6995	0.0485	ripple_TLL28-29	92	195399
97.7025	0.0445	ripple_TLL29-30	93	195405
97.7095	0.032	ripple_TLL25-26	89	195419
97.724	0.05	ripple_TLL2-3	84	195448
97.7305	0.0505	ripple_TLL1-2	74	195461
97.752	0.031	ripple_TLL11-12	76	195504
97.7645	0.103	ripple_TLL27-28	91	195529
97.7655	0.0545	ripple_TBPL3-4	73	195531
97.7765	0.048	ripple_TLL5-6	98	195553
97.777	0.0635	ripple_TLL26-27	90	195554
97.783	0.0635	ripple_TLL28-29	92	195566
97.7895	0.0925	ripple_TBPL1-2	71	195579
97.7915	0.1475	ripple_TLL15-16	80	195583
97.81	0.128	ripple_TLL19-20	83	195620
97.821	0.0595	ripple_TLL23-24	88	195642
97.8235	0.123	ripple_TLL29-30	93	195647
97.8265	0.1455	ripple_TLL30-31	95	195653
97.838	0.0335	ripple_TLL13-14	78	195676
97.8525	0.0685	ripple_TLL18-19	82	195705
97.862	0.0745	ripple_TLL2-3	84	195724
97.867	0.0905	ripple_TLL5-6	98	195734
97.8895	0.127	ripple_TLL20-21	85	195779
97.916	0.043	ripple_TLL12-13	77	195832
97.9225	0.021	fr_TBAL2-3	2	195845
97.9225	0.0385	ripple_TLL4-5	97	195845
97.924	0.2225	ripple_TLL6-7	99	195848
97.945	0.037	ripple_TLL25-26	89	195890
97.9485	0.0535	ripple_TLL17-18	81	195897
97.9605	0.029	ripple_TLL26-27	90	195921
97.9615	0.074	ripple_TLL13-14	78	195923
97.9705	0.0345	ripple_TLL19-20	83	195941
97.971	0.0435	ripple_TLL21-22	86	195942
97.9905	0.079	ripple_TLL1-2	74	195981
98.021	0.095	ripple_TBPL2-3	72	196042
98.023	0.0475	ripple_TLL14-15	79	196046
98.026	0.3175	ripple_TLL15-16	80	196052
98.0435	0.13	ripple_TLL21-22	86	196087
98.051	0.035	ripple_TLL28-29	92	196102
98.0585	0.115	ripple_TLL7-8	100	196117
98.0695	0.103	ripple_TLL30-31	95	196139
98.0705	0.071	ripple_TBPL1-2	71	196141
98.0835	0.121	ripple_TLL20-21	85	196167
98.091	0.1035	ripple_TLL29-30	93	196182
98.0975	0.0425	ripple_TLL13-14	78	196195
98.098	0.074	ripple_TLL1-2	74	196196
98.1	0.0955	ripple_TLL14-15	79	196200
98.1085	0.202	ripple_TLL18-19	82	196217
98.14	0.047	ripple_TLL5-6	98	196280
98.1475	0.1595	ripple_TBPL2-3	72	196295
98.149	0.064	ripple_TLL28-29	92	196298
98.173	0.0505	ripple_TBPL1-2	71	196346
98.1785	0.101	ripple_TLL31-32	96	196357
98.197	0.04	ripple_TLL9-10	101	196394
98.216	0.3265	ripple_TLL7-8	100	196432
98.2225	0.216	ripple_TLL29-30	93	196445
98.233	0.0375	ripple_TBPL3-4	73	196466
98.2555	0.062	ripple_TLL28-29	92	196511
98.278	0.1525	ripple_TLL14-15	79	196556
98.309	0.0475	ripple_TLL21-22	86	196618
98.313	0.06	ripple_TBAL3-4	70	196626
98.3205	0.0535	ripple_TBAL2-3	69	196641
98.335	0.2465	ripple_TLL10-11	75	196670
98.361	0.1015	ripple_TLL31-32	96	196722
98.3665	0.053	ripple_TLL11-12	76	196733
98.374	0.0655	ripple_TLL6-7	99	196748
98.3845	0.0505	ripple_TLL20-21	85	196769
98.392	0.1805	ripple_TLL1-2	74	196784
98.3965	0.1795	ripple_TLL2-3	84	196793
98.4005	0.1855	ripple_TLL18-19	82	196801
98.4305	0.0955	ripple_TLL25-26	89	196861
98.445	0.103	ripple_TBAL3-4	70	196890
98.4515	0.0345	ripple_TLL22-23	87	196903
98.456	0.132	ripple_TLL23-24	88	196912
98.479	0.053	ripple_TLL15-16	80	196958
98.4905	0.0565	ripple_TBAL2-3	69	196981
98.4925	0.2565	ripple_TLL31-32	96	196985
98.499	0.2545	ripple_TLL19-20	83	196998
98.508	0.045	ripple_TLL14-15	79	197016
98.528	0.177	ripple_TLL22-23	87	197056
98.5355	0.1025	ripple_TLL26-27	90	197071
98.5825	0.0555	ripple_TLL14-15	79	197165
98.59	0.0645	ripple_TBPL3-4	73	197180
98.5975	0.0635	ripple_TLL2-3	84	197195
98.604	0.0395	ripple_TLL30-31	95	197208
98.6085	0.07	ripple_TLL1-2	74	197217
98.617	0.0515	ripple_TBAL3-4	70	197234
98.6185	0.1035	ripple_TLL18-19	82	197237
98.634	0.0605	ripple_TLL9-10	101	197268
98.634	0.076	ripple_TLL21-22	86	197268
98.6345	0.0535	ripple_TLL10-11	75	197269
98.6385	0.0355	ripple_TLL3-4	94	197277
98.6405	0.0315	ripple_TLL28-29	92	197281
98.6425	0.1435	ripple_TLL23-24	88	197285
98.643	0.072	ripple_TLL27-28	91	197286
98.672	0.042	ripple_TLL26-27	90	197344
98.6915	0.0385	ripple_TLL7-8	100	197383
98.706	0.164	ripple_TLL29-30	93	197412
98.716	0.0405	ripple_TBAL1-2	68	197432
98.7165	0.1555	ripple_TLL20-21	85	197433
98.717	0.031	ripple_TLL11-12	76	197434
98.7365	0.049	ripple_TLL2-3	84	197473
98.7395	0.0685	ripple_TLL1-2	74	197479
98.744	0.4605	ripple_TLL22-23	87	197488
98.757	0.073	ripple_TLL21-22	86	197514
98.7585	0.038	ripple_TLL30-31	95	197517
98.76	0.0325	ripple_TBPL2-3	72	197520
98.7815	0.032	ripple_TLL26-27	90	197563
98.8105	0.0655	ripple_TBPL1-2	71	197621
98.8215	0.1375	ripple_TLL23-24	88	197643
98.832	0.0505	ripple_TLL19-20	83	197664
98.8365	0.06	ripple_TLL7-8	100	197673
98.842	0.1185	ripple_TLL31-32	96	197684
98.864	0.182	ripple_TBPL2-3	72	197728
98.8835	0.046	ripple_TLL21-22	86	197767
98.889	0.0385	ripple_TLL28-29	92	197778
98.8905	0.01	fr_TBAL1-2	1	197781
98.915	0.0645	ripple_TLL29-30	93	197830
98.9185	0.029	ripple_TLL20-21	85	197837
98.9235	0.0285	ripple_TLL14-15	79	197847
98.9255	0.0635	ripple_TLL30-31	95	197851
98.937	0.046	ripple_TLL15-16	80	197874
98.9455	0.0105	fr_TLL2-3	17	197891
98.948	0.012	fr_TBPL1-2	4	197896
98.9585	0.201	ripple_TLL19-20	83	197917
98.966	0.16	ripple_TLL21-22	86	197932
98.9715	0.1755	ripple_TLL1-2	74	197943
98.9865	0.036	ripple_TLL2-3	84	197973
98.992	0.036	ripple_TLL31-32	96	197984
99.0	0.067	ripple_TLL6-7	99	198000
99.008	0.0865	ripple_TLL20-21	85	198016
99.03	0.048	ripple_TBPL3-4	73	198060
99.0335	0.0275	ripple_TLL11-12	76	198067
99.0425	0.0565	ripple_TLL14-15	79	198085
99.044	0.1765	ripple_TLL23-24	88	198088
99.053	0.036	ripple_TLL13-14	78	198106
99.1355	0.0885	ripple_TLL20-21	85	198271
99.1455	0.2035	ripple_TBPL2-3	72	198291
99.1525	0.053	ripple_TLL7-8	100	198305
99.1705	0.078	ripple_TLL30-31	95	198341
99.1845	0.0975	ripple_TLL15-16	80	198369
99.186	0.114	ripple_TLL29-30	93	198372
99.2175	0.05	ripple_TLL6-7	99	198435
99.226	0.0515	ripple_TLL28-29	92	198452
99.2355	0.239	ripple_TLL31-32	96	198471
99.2465	0.1675	ripple_TLL7-8	100	198493
99.2635	0.039	ripple_TLL19-20	83	198527
99.284	0.037	ripple_TLL2-3	84	198568
99.291	0.2645	ripple_TLL23-24	88	198582
99.292	0.1765	ripple_TLL1-2	74	198584
99.2985	0.157	ripple_TLL21-22	86	198597
99.3375	0.07	ripple_TLL29-30	93	198675
99.338	0.0365	ripple_TBAL3-4	70	198676
99.34	0.064	ripple_TLL28-29	92	198680
99.364	0.1395	ripple_TLL15-16	80	198728
99.386	0.0455	ripple_TLL6-7	99	198772
99.388	0.0385	ripple_TLL19-20	83	198776
99.3885	0.116	ripple_TLL20-21	85	198777
99.4495	0.142	ripple_TLL29-30	93	198899
99.452	0.051	ripple_TBAL1-2	68	198904
99.4555	0.043	ripple_TLL14-15	79	198911
99.459	0.1685	ripple_TLL30-31	95	198918
99.4605	0.0355	ripple_TLL13-14	78	198921
99.484	0.043	ripple_TLL4-5	97	198968
99.49	0.1105	ripple_TLL19-20	83	198980
99.505	0.12	ripple_TLL18-19	82	199010
99.52	0.1195	ripple_TBPL2-3	72	199040
99.523	0.134	ripple_TLL14-15	79	199046
99.5315	0.0765	ripple_TLL13-14	78	199063
99.536	0.055	ripple_TLL31-32	96	199072
99.5385	0.038	ripple_TLL9-10	101	199077
99.544	0.0565	ripple_TLL10-11	75	199088
99.545	0.06	ripple_TLL11-12	76	199090
99.559	0.0605	ripple_TBAL1-2	68	199118
99.564	0.0455	ripple_TLL2-3	84	199128
99.572	0.036	ripple_TLL21-22	86	199144
99.602	0.049	ripple_TLL26-27	90	199204
99.6065	0.0575	ripple_TLL3-4	94	199213
99.6075	0.134	ripple_TLL4-5	97	199215
99.6105	0.0465	ripple_TLL5-6	98	199221
99.6195	0.0395	ripple_TLL6-7	99	199239
99.651	0.0835	ripple_TLL30-31	95	199302
99.664	0.0405	ripple_TBPL3-4	73	199328
99.6795	0.0575	ripple_TLL31-32	96	199359
99.6795	0.1185	ripple_TLL19-20	83	199359
99.6825	0.078	ripple_TBPL1-2	71	199365
99.683	0.121	ripple_TBPL2-3	72	199366
99.6855	0.115	ripple_TLL20-21	85	199371
99.7	0.0455	ripple_TLL6-7	99	199400
99.704	0.065	ripple_TLL14-15	79	199408
99.7105	0.069	ripple_TLL27-28	91	199421
99.716	0.0355	ripple_TLL18-19	82	199432
99.7245	0.215	ripple_TLL2-3	84	199449
99.7495	0.0925	ripple_TLL11-12	76	199499
99.7505	0.1245	ripple_TLL3-4	94	199501
99.7555	0.1275	ripple_TLL29-30	93	199511
99.766	0.0345	ripple_TLL7-8	100	199532
99.768	0.036	ripple_TLL21-22	86	199536
99.7775	0.039	ripple_TLL5-6	98	199555
99.7785	0.054	ripple_TLL26-27	90	199557
99.7855	0.033	ripple_TLL31-32	96	199571
99.826	0.055	ripple_TLL30-31	95	199652
99.8325	0.0435	ripple_TLL28-29	92	199665
99.836	0.17	ripple_TLL21-22	86	199672
99.843	0.0675	ripple_TLL27-28	91	199686
99.853	0.0805	ripple_TLL6-7	99	199706
99.8535	0.0545	ripple_TLL14-15	79	199707
99.861	0.153	ripple_TLL20-21	85	199722
99.8635	0.073	ripple_TLL4-5	97	199727
99.867	0.08	ripple_TBPL2-3	72	199734
99.8965	0.03	ripple_TBAL1-2	68	199793
99.9025	0.0695	ripple_TLL11-12	76	199805
99.9045	0.04	ripple_TLL7-8	100	199809
99.915	0.1135	ripple_TLL26-27	90	199830
99.9225	0.051	ripple_TBPL3-4	73	199845
99.926	0.0875	ripple_TLL1-2	74	199852
99.934	0.046	ripple_TLL3-4	94	199868
99.9395	0.047	ripple_TLL18-19	82	199879
99.9545	0.1685	ripple_TLL23-24	88	199909
99.9675	0.0835	ripple_TLL31-32	96	199935
99.9745	0.081	ripple_TLL7-8	100	199949
99.9765	0.3085	ripple_TLL29-30	93	199953
99.984	0.1505	ripple_TLL28-29	92	199968
99.9845	0.0295	ripple_TBPL2-3	72	199969
99.9845	0.0545	ripple_TLL19-20	83	199969
99.9955	0.0675	ripple_TLL22-23	87	199991
100.0085	0.0495	ripple_TLL30-31	95	200017
100.0245	0.0635	ripple_TLL6-7	99	200049
100.027	0.1505	ripple_TLL14-15	79	200054
100.0295	0.043	ripple_TLL13-14	78	200059
100.0475	0.045	ripple_TLL3-4	94	200095
100.057	0.041	ripple_TLL21-22	86	200114
100.065	0.047	ripple_TLL19-20	83	200130
100.0795	0.087	ripple_TBPL2-3	72	200159
100.08	0.041	ripple_TLL12-13	77	200160
100.0935	0.0655	ripple_TLL15-16	80	200187
100.0955	0.0105	fr_TBPL3-4	6	200191
100.111	0.0615	ripple_TBPL1-2	71	200222
100.1195	0.049	ripple_TLL11-12	76	200239
100.1275	0.171	ripple_TLL7-8	100	200255
100.1295	0.051	ripple_TLL30-31	95	200259
100.148	0.0545	ripple_TLL2-3	84	200296
100.1565	0.108	ripple_TLL20-21	85	200313
100.166	0.04	ripple_TLL21-22	86	200332
100.1725	0.0355	ripple_TLL26-27	90	200345
100.1735	0.0355	ripple_TLL1-2	74	200347
100.178	0.0685	ripple_TLL6-7	99	200356
100.179	0.083	ripple_TLL10-11	75	200358
100.1835	0.03	ripple_TLL15-16	80	200367
100.1925	0.0325	ripple_TLL11-12	76	200385
100.2045	0.0445	ripple_TLL9-10	101	200409
100.211	0.145	ripple_TLL14-15	79	200422
100.221	0.166	ripple_TLL28-29	92	200442
100.2265	0.075	ripple_TLL4-5	97	200453
100.23	0.082	ripple_TBPL1-2	71	200460
100.2305	0.074	ripple_TLL3-4	94	200461
100.233	0.1605	ripple_TLL1-2	74	200466
100.236	0.136	ripple_TLL2-3	84	200472
100.257	0.125	ripple_TLL22-23	87	200514
100.3025	0.0485	ripple_TLL15-16	80	200605
100.3085	0.128	ripple_TLL30-31	95	200617
100.309	0.132	ripple_TLL31-32	96	200618
100.35	0.038	ripple_TLL29-30	93	200700
100.37	0.05	ripple_TLL26-27	90	200740
100.372	0.1235	ripple_TLL7-8	100	200744
100.387	0.161	ripple_TBPL2-3	72	200774
100.389	0.033	ripple_TLL21-22	86	200778
100.3895	0.053	ripple_TLL15-16	80	200779
100.3985	0.065	ripple_TLL19-20	83	200797
100.399	0.0505	ripple_TLL20-21	85	200798
100.4225	0.0405	ripple_TLL6-7	99	200845
100.431	0.065	ripple_TLL29-30	93	200862
100.4495	0.104	ripple_TLL1-2	74	200899
100.456	0.0635	ripple_TLL28-29	92	200912
100.4595	0.114	ripple_TLL2-3	84	200919
100.463	0.0415	ripple_TLL31-32	96	200926
100.4645	0.028	ripple_TLL30-31	95	200929
100.47	0.0655	ripple_TLL23-24	88	200940
100.49	0.043	ripple_TLL27-28	91	200980
100.495	0.081	ripple_TLL21-22	86	200990
100.4975	0.0475	ripple_TLL3-4	94	200995
100.501	0.011	fr_TLL18-19	15	201002
100.501	0.043	ripple_TLL5-6	98	201002
100.502	0.208	ripple_TLL14-15	79	201004
100.514	0.047	ripple_TLL4-5	97	201028
100.53	0.036	ripple_TLL6-7	99	201060
100.533	0.1315	ripple_TLL31-32	96	201066
100.5565	0.048	ripple_TLL7-8	100	201113
100.5875	0.0765	ripple_TLL9-10	101	201175
100.588	0.052	ripple_TBPL1-2	71	201176
100.5905	0.0355	ripple_TLL30-31	95	201181
100.5935	0.167	ripple_TLL19-20	83	201187
100.596	0.3035	ripple_TLL23-24	88	201192
100.6025	0.13	ripple_TLL2-3	84	201205
100.614	0.08	ripple_TLL29-30	93	201228
100.6235	0.036	ripple_TLL4-5	97	201247
100.627	0.1155	ripple_TLL15-16	80	201254
100.6275	0.288	ripple_TLL22-23	87	201255
100.6365	0.071	ripple_TLL27-28	91	201273
100.6615	0.049	ripple_TLL11-12	76	201323
100.663	0.048	ripple_TLL28-29	92	201326
100.6665	0.0665	ripple_TLL1-2	74	201333
100.6695	0.045	ripple_TLL26-27	90	201339
100.6755	0.0475	ripple_TLL5-6	98	201351
100.6765	0.2355	ripple_TLL6-7	99	201353
100.691	0.134	ripple_TLL31-32	96	201382
100.724	0.1255	ripple_TBPL1-2	71	201448
100.7465	0.0115	fr_TLL12-13	10	201493
100.7595	0.0435	ripple_TLL21-22	86	201519
100.769	0.128	ripple_TLL18-19	82	201538
100.7825	0.0465	ripple_TLL15-16	80	201565
100.7915	0.04	ripple_TLL4-5	97	201583
100.8125	0.0815	ripple_TLL20-21	85	201625
100.8275	0.0495	ripple_TLL1-2	74	201655
100.837	0.102	ripple_TLL30-31	95	201674
100.8395	0.1265	ripple_TLL26-27	90	201679
100.8455	0.044	ripple_TLL19-20	83	201691
100.8485	0.054	ripple_TLL5-6	98	201697
100.855	0.049	ripple_TLL28-29	92	201710
100.8585	0.154	ripple_TLL29-30	93	201717
100.864	0.0855	ripple_TLL14-15	79	201728
100.8675	0.0575	ripple_TLL27-28	91	201735
100.8775	0.0445	ripple_TBPL1-2	71	201755
100.8795	0.0515	ripple_TLL12-13	77	201759
100.8815	0.0435	ripple_TLL2-3	84	201763
100.8815	0.0485	ripple_TLL7-8	100	201763
100.8825	0.029	ripple_TBPL2-3	72	201765
100.8995	0.126	ripple_TLL3-4	94	201799
100.93	0.1165	ripple_TLL20-21	85	201860
100.937	0.053	ripple_TLL23-24	88	201874
100.938	0.051	ripple_TLL22-23	87	201876
100.9445	0.094	ripple_TLL21-22	86	201889
100.9485	0.061	ripple_TLL19-20	83	201897
100.9625	0.025	ripple_TLL18-19	82	201925
100.9835	0.076	ripple_TLL14-15	79	201967
100.9865	0.037	ripple_TLL30-31	95	201973
100.9875	0.043	ripple_TLL9-10	101	201975
100.9915	0.0615	ripple_TLL31-32	96	201983
100.999	0.0255	ripple_TBPL2-3	72	201998
101.009	0.1425	ripple_TLL5-6	98	202018
101.0145	0.0745	ripple_TBPL1-2	71	202029
101.038	0.131	ripple_TLL6-7	99	202076
101.0405	0.1865	ripple_TLL29-30	93	202081
101.046	0.119	ripple_TLL12-13	77	202092
101.048	0.141	ripple_TLL18-19	82	202096
101.0505	0.189	ripple_TLL1-2	74	202101
101.0525	0.071	ripple_TLL2-3	84	202105
101.083	0.1575	ripple_TLL30-31	95	202166
101.0865	0.014	fr_TLL28-29	25	202173
101.0885	0.062	ripple_TLL21-22	86	202177
101.09	0.0405	ripple_TBPL3-4	73	202180
101.093	0.071	ripple_TLL27-28	91	202186
101.095	0.1345	ripple_TLL3-4	94	202190
101.096	0.0815	ripple_TLL4-5	97	202192
101.096	0.0815	fr_TLL4-5	30	202192
101.096	0.0815	frandr_TLL4-5	63	202192
101.1015	0.096	ripple_TBPL2-3	72	202203
101.1045	0.0125	fr_TLL25-26	22	202209
101.1065	0.247	ripple_TLL31-32	96	202213
101.121	0.034	ripple_TLL17-18	81	202242
101.138	0.18	ripple_TLL7-8	100	202276
101.1915	0.116	ripple_TLL20-21	85	202383
101.2	0.048	ripple_TBPL1-2	71	202400
101.2235	0.089	ripple_TLL27-28	91	202447
101.2395	0.2065	ripple_TLL6-7	99	202479
101.245	0.0165	fr_TLL3-4	27	202490
101.246	0.132	ripple_TLL2-3	84	202492
101.247	0.0625	ripple_TLL4-5	97	202494
101.2675	0.209	ripple_TLL19-20	83	202535
101.2685	0.119	ripple_TLL5-6	98	202537
101.271	0.138	ripple_TLL1-2	74	202542
101.2735	0.033	ripple_TLL10-11	75	202547
101.282	0.04	ripple_TLL12-13	77	202564
101.29	0.0355	ripple_TLL21-22	86	202580
101.3045	0.061	ripple_TLL23-24	88	202609
101.3045	0.061	fr_TLL23-24	21	202609
101.3045	0.061	frandr_TLL23-24	55	202609
101.305	0.0585	ripple_TLL22-23	87	202610
101.315	0.0275	ripple_TLL15-16	80	202630
101.318	0.041	ripple_TBPL2-3	72	202636
101.3185	0.068	ripple_TLL14-15	79	202637
101.3275	0.117	ripple_TLL10-11	75	202655
101.3295	0.0385	ripple_TBPL3-4	73	202659
101.3355	0.057	ripple_TLL13-14	78	202671
101.3475	0.078	ripple_TLL7-8	100	202695
101.35	0.053	ripple_TBPL1-2	71	202700
101.3705	0.0515	ripple_TLL21-22	86	202741
101.3725	0.0365	ripple_TLL15-16	80	202745
101.3765	0.104	ripple_TLL29-30	93	202753
101.389	0.038	ripple_TLL11-12	76	202778
101.391	0.043	ripple_TLL30-31	95	202782
101.406	0.0765	ripple_TLL18-19	82	202812
101.409	0.0355	ripple_TLL3-4	94	202818
101.4185	0.0835	ripple_TLL28-29	92	202837
101.419	0.0435	ripple_TLL17-18	81	202838
101.439	0.0885	ripple_TLL27-28	91	202878
101.4455	0.0625	ripple_TBAL2-3	69	202891
101.448	0.047	ripple_TLL15-16	80	202896
101.452	0.052	ripple_TLL7-8	100	202904
101.455	0.295	ripple_TBPL1-2	71	202910
101.4635	0.0425	ripple_TBAL3-4	70	202927
101.4665	0.062	ripple_TLL10-11	75	202933
101.4675	0.061	ripple_TLL11-12	76	202935
101.4705	0.1705	ripple_TLL23-24	88	202941
101.496	0.0635	ripple_TLL31-32	96	202992
101.5005	0.1505	ripple_TLL20-21	85	203001
101.5155	0.0335	ripple_TLL2-3	84	203031
101.5175	0.1065	ripple_TLL6-7	99	203035
101.529	0.2255	ripple_TLL7-8	100	203058
101.553	0.0755	ripple_TBPL2-3	72	203106
101.554	0.053	ripple_TLL11-12	76	203108
101.559	0.0355	ripple_TLL19-20	83	203118
101.5595	0.0715	ripple_TLL27-28	91	203119
101.5685	0.0905	ripple_TLL28-29	92	203137
101.5705	0.0365	ripple_TLL2-3	84	203141
101.5775	0.13	ripple_TLL9-10	101	203155
101.5865	0.036	ripple_TLL3-4	94	203173
101.5895	0.08	ripple_TLL10-11	75	203179
101.608	0.039	ripple_TLL13-14	78	203216
101.6135	0.0505	ripple_TLL21-22	86	203227
101.651	0.0655	ripple_TLL31-32	96	203302
101.6515	0.041	ripple_TLL3-4	94	203303
101.6705	0.0675	ripple_TLL22-23	87	203341
101.6855	0.053	ripple_TLL2-3	84	203371
101.6895	0.072	ripple_TBPL2-3	72	203379
101.7	0.0955	ripple_TLL1-2	74	203400
101.7095	0.034	ripple_TLL21-22	86	203419
101.7125	0.0555	ripple_TLL4-5	97	203425
101.713	0.11	ripple_TLL20-21	85	203426
101.716	0.0295	ripple_TLL6-7	99	203432
101.7325	0.0445	ripple_TLL29-30	93	203465
101.733	0.0895	ripple_TLL28-29	92	203466
101.736	0.0465	ripple_TLL15-16	80	203472
101.7385	0.265	ripple_TLL31-32	96	203477
101.7445	0.1165	ripple_TLL23-24	88	203489
101.7755	0.0435	ripple_TLL21-22	86	203551
101.776	0.0335	ripple_TLL7-8	100	203552
101.7795	0.08	ripple_TLL22-23	87	203559
101.822	0.0355	ripple_TLL14-15	79	203644
101.829	0.0875	ripple_TLL19-20	83	203658
101.851	0.0425	ripple_TLL15-16	80	203702
101.857	0.306	ripple_TLL29-30	93	203714
101.86	0.133	ripple_TBPL3-4	73	203720
101.861	0.039	ripple_TLL27-28	91	203722
101.8635	0.046	ripple_TLL26-27	90	203727
101.878	0.0765	ripple_TLL18-19	82	203756
101.917	0.155	ripple_TLL13-14	78	203834
101.9195	0.225	ripple_TLL21-22	86	203839
101.9315	0.457	ripple_TLL30-31	95	203863
101.939	0.204	ripple_TLL14-15	79	203878
101.94	0.042	ripple_TLL9-10	101	203880
101.946	0.0425	ripple_TLL10-11	75	203892
101.9505	0.0375	ripple_TLL20-21	85	203901
101.952	0.2415	ripple_TBPL2-3	72	203904
101.961	0.0325	ripple_TLL4-5	97	203922
101.966	0.1055	ripple_TLL6-7	99	203932
101.9695	0.029	ripple_TLL5-6	98	203939
101.979	0.0905	ripple_TLL7-8	100	203958
102.0015	0.0375	ripple_TLL28-29	92	204003
102.018	0.1275	ripple_TLL20-21	85	204036
102.0255	0.0435	ripple_TLL2-3	84	204051
102.049	0.1265	ripple_TLL31-32	96	204098
102.0675	0.0355	ripple_TLL19-20	83	204135
102.072	0.1625	ripple_TBPL1-2	71	204144
102.082	0.046	ripple_TLL1-2	74	204164
102.0885	0.1325	ripple_TLL5-6	98	204177
102.111	0.064	ripple_TLL15-16	80	204222
102.111	0.1445	ripple_TLL23-24	88	204222
102.1145	0.043	ripple_TLL28-29	92	204229
102.142	0.115	ripple_TLL18-19	82	204284
102.15	0.056	ripple_TLL22-23	87	204300
102.161	0.167	ripple_TLL1-2	74	204322
102.164	0.0545	ripple_TBPL3-4	73	204328
102.171	0.09	ripple_TLL2-3	84	204342
102.174	0.0355	ripple_TLL6-7	99	204348
102.1815	0.083	ripple_TLL20-21	85	204363
102.208	0.075	ripple_TLL29-30	93	204416
102.2155	0.0555	ripple_TLL11-12	76	204431
102.2255	0.146	ripple_TLL21-22	86	204451
102.2415	0.03	ripple_TLL7-8	100	204483
102.2495	0.093	ripple_TLL22-23	87	204499
102.257	0.037	ripple_TBPL3-4	73	204514
102.2635	0.209	ripple_TLL19-20	83	204527
102.2675	0.065	ripple_TBPL2-3	72	204535
102.296	0.0555	ripple_TLL15-16	80	204592
102.298	0.048	ripple_TLL13-14	78	204596
102.3005	0.111	ripple_TLL31-32	96	204601
102.303	0.0525	ripple_TLL12-13	77	204606
102.3195	0.035	ripple_TLL14-15	79	204639
102.32	0.2635	ripple_TLL29-30	93	204640
102.353	0.0355	ripple_TLL26-27	90	204706
102.3535	0.033	ripple_TLL27-28	91	204707
102.362	0.1	ripple_TLL7-8	100	204724
102.3795	0.058	ripple_TLL18-19	82	204759
102.3855	0.1	ripple_TLL22-23	87	204771
102.3895	0.041	ripple_TLL14-15	79	204779
102.39	0.045	ripple_TLL13-14	78	204780
102.392	0.0405	ripple_TBPL2-3	72	204784
102.3925	0.1185	ripple_TLL28-29	92	204785
102.394	0.0415	ripple_TBPL1-2	71	204788
102.411	0.1065	ripple_TLL2-3	84	204822
102.424	0.157	ripple_TLL30-31	95	204848
102.427	0.033	ripple_TLL20-21	85	204854
102.45	0.121	ripple_TLL26-27	90	204900
102.481	0.115	ripple_TBPL2-3	72	204962
102.4905	0.3385	ripple_TLL1-2	74	204981
102.492	0.2035	ripple_TLL7-8	100	204984
102.5	0.079	ripple_TLL21-22	86	205000
102.5115	0.047	ripple_TLL31-32	96	205023
102.5225	0.056	ripple_TBPL1-2	71	205045
102.5295	0.0105	fr_TLL5-6	31	205059
102.538	0.1035	ripple_TLL14-15	79	205076
102.5395	0.066	ripple_TLL20-21	85	205079
102.5475	0.077	ripple_TLL6-7	99	205095
102.575	0.049	ripple_TLL5-6	98	205150
102.577	0.083	ripple_TLL13-14	78	205154
102.5865	0.0385	ripple_TLL4-5	97	205173
102.5995	0.058	ripple_TLL3-4	94	205199
102.6015	0.0575	ripple_TLL27-28	91	205203
102.6055	0.0665	ripple_TLL31-32	96	205211
102.6215	0.0295	ripple_TLL30-31	95	205243
102.651	0.453	ripple_TLL29-30	93	205302
102.6595	0.1495	ripple_TLL2-3	84	205319
102.6945	0.0785	ripple_TLL31-32	96	205389
102.706	0.051	ripple_TLL10-11	75	205412
102.711	0.1165	ripple_TLL13-14	78	205422
102.7335	0.2515	ripple_TLL21-22	86	205467
102.737	0.184	ripple_TLL23-24	88	205474
102.738	0.256	ripple_TLL22-23	87	205476
102.776	0.05	ripple_TLL18-19	82	205552
102.7775	0.136	ripple_TLL30-31	95	205555
102.7905	0.108	ripple_TLL19-20	83	205581
102.7905	0.108	fr_TLL19-20	16	205581
102.7905	0.108	frandr_TLL19-20	50	205581
102.816	0.0585	ripple_TBPL2-3	72	205632
102.8235	0.0535	ripple_TBPL1-2	71	205647
102.825	0.0925	ripple_TLL6-7	99	205650
102.84	0.086	ripple_TLL2-3	84	205680
102.8585	0.0255	ripple_TLL18-19	82	205717
102.8715	0.04	ripple_TLL17-18	81	205743
102.874	0.0515	ripple_TLL26-27	90	205748
102.874	0.0515	fr_TLL26-27	23	205748
102.874	0.0515	frandr_TLL26-27	57	205748
102.875	0.0515	ripple_TLL7-8	100	205750
102.8765	0.053	ripple_TLL14-15	79	205753
102.881	0.0545	ripple_TLL5-6	98	205762
102.8925	0.0805	ripple_TLL1-2	74	205785
102.912	0.043	ripple_TLL15-16	80	205824
102.937	0.0565	ripple_TLL4-5	97	205874
102.942	0.0455	ripple_TLL6-7	99	205884
102.9515	0.0455	ripple_TLL11-12	76	205903
102.953	0.051	ripple_TLL27-28	91	205906
102.9585	0.05	ripple_TLL23-24	88	205917
102.963	0.053	ripple_TLL19-20	83	205926
102.9655	0.0445	ripple_TLL30-31	95	205931
102.966	0.0685	ripple_TLL28-29	92	205932
102.971	0.16	ripple_TBPL2-3	72	205942
102.972	0.105	ripple_TLL31-32	96	205944
103.0225	0.04	ripple_TBPL3-4	73	206045
103.023	0.045	ripple_TLL14-15	79	206046
103.0235	0.078	ripple_TLL18-19	82	206047
103.032	0.225	ripple_TBPL1-2	71	206064
103.0375	0.263	ripple_TLL19-20	83	206075
103.055	0.1125	ripple_TLL21-22	86	206110
103.057	0.0415	ripple_TLL28-29	92	206114
103.0575	0.201	ripple_TLL3-4	94	206115
103.0635	0.0365	ripple_TLL27-28	91	206127
103.0665	0.17	ripple_TLL22-23	87	206133
103.072	0.114	ripple_TLL23-24	88	206144
103.079	0.0395	ripple_TLL2-3	84	206158
103.085	0.146	ripple_TLL6-7	99	206170
103.0955	0.0475	ripple_TLL5-6	98	206191
103.1245	0.052	ripple_TLL15-16	80	206249
103.1385	0.045	ripple_TLL14-15	79	206277
103.1385	0.052	ripple_TLL31-32	96	206277
103.1415	0.0345	ripple_TLL26-27	90	206283
103.1445	0.2655	ripple_TLL1-2	74	206289
103.1505	0.186	ripple_TLL2-3	84	206301
103.151	0.052	ripple_TLL30-31	95	206302
103.1515	0.032	ripple_TLL18-19	82	206303
103.169	0.0455	ripple_TBPL2-3	72	206338
103.1735	0.05	ripple_TLL29-30	93	206347
103.178	0.0925	ripple_TLL7-8	100	206356
103.2305	0.034	ripple_TLL30-31	95	206461
103.242	0.1735	ripple_TBPL2-3	72	206484
103.2455	0.0355	ripple_TLL18-19	82	206491
103.249	0.0165	fr_TLL23-24	21	206498
103.254	0.0595	ripple_TLL6-7	99	206508
103.2725	0.0515	ripple_TLL29-30	93	206545
103.2925	0.0455	ripple_TLL20-21	85	206585
103.298	0.1545	ripple_TLL31-32	96	206596
103.3085	0.043	ripple_TBPL1-2	71	206617
103.347	0.0405	ripple_TLL9-10	101	206694
103.351	0.047	ripple_TLL21-22	86	206702
103.352	0.055	ripple_TLL26-27	90	206704
103.362	0.0825	ripple_TLL6-7	99	206724
103.3625	0.052	ripple_TLL20-21	85	206725
103.367	0.0595	ripple_TLL2-3	84	206734
103.372	0.115	ripple_TLL29-30	93	206744
103.376	0.417	ripple_TLL22-23	87	206752
103.3785	0.336	ripple_TLL23-24	88	206757
103.387	0.0115	fr_TBAL2-3	2	206774
103.3895	0.1355	ripple_TLL30-31	95	206779
103.4335	0.014	fr_TBPL1-2	4	206867
103.472	0.0755	ripple_TBPL1-2	71	206944
103.4725	0.099	ripple_TLL31-32	96	206945
103.4735	0.041	ripple_TLL21-22	86	206947
103.4855	0.054	ripple_TLL19-20	83	206971
103.486	0.046	ripple_TLL18-19	82	206972
103.536	0.07	ripple_TLL2-3	84	207072
103.5465	0.061	ripple_TBPL2-3	72	207093
103.547	0.0365	ripple_TLL7-8	100	207094
103.551	0.0795	ripple_TLL29-30	93	207102
103.5665	0.0535	ripple_TLL18-19	82	207133
103.5675	0.07	ripple_TLL20-21	85	207135
103.57	0.0555	ripple_TLL15-16	80	207140
103.5705	0.049	ripple_TLL19-20	83	207141
103.5705	0.0755	ripple_TLL14-15	79	207141
103.6105	0.0535	ripple_TLL7-8	100	207221
103.6435	0.237	ripple_TLL19-20	83	207287
103.667	0.11	ripple_TBPL2-3	72	207334
103.674	0.071	ripple_TLL21-22	86	207348
103.688	0.0345	ripple_TLL18-19	82	207376
103.695	0.0315	ripple_TLL15-16	80	207390
103.6975	0.198	ripple_TLL20-21	85	207395
103.71	0.1315	ripple_TLL30-31	95	207420
103.7505	0.109	ripple_TLL18-19	82	207501
103.7655	0.1855	ripple_TLL29-30	93	207531
103.771	0.0665	ripple_TLL6-7	99	207542
103.7745	0.044	ripple_TLL7-8	100	207549
103.78	0.1245	ripple_TLL1-2	74	207560
103.793	0.0825	ripple_TLL31-32	96	207586
103.7965	0.1135	ripple_TLL23-24	88	207593
103.806	0.0385	ripple_TLL21-22	86	207612
103.8585	0.116	ripple_TBPL1-2	71	207717
103.8615	0.068	ripple_TLL2-3	84	207723
103.865	0.1885	ripple_TLL21-22	86	207730
103.8685	0.049	ripple_TLL28-29	92	207737
103.908	0.1515	ripple_TLL30-31	95	207816
103.9185	0.167	ripple_TLL18-19	82	207837
103.9225	0.074	ripple_TLL19-20	83	207845
103.9335	0.11	ripple_TLL7-8	100	207867
103.936	0.104	ripple_TLL6-7	99	207872
103.946	0.0465	ripple_TLL20-21	85	207892
103.969	0.0395	ripple_TLL4-5	97	207938
104.005	0.0495	ripple_TLL29-30	93	208010
104.0055	0.086	ripple_TLL31-32	96	208011
104.02	0.082	ripple_TBPL1-2	71	208040
104.033	0.039	ripple_TLL20-21	85	208066
104.0445	0.055	ripple_TLL13-14	78	208089
104.0585	0.048	ripple_TLL27-28	91	208117
104.098	0.0575	ripple_TLL19-20	83	208196
104.0995	0.1355	ripple_TLL30-31	95	208199
104.106	0.038	ripple_TLL14-15	79	208212
104.121	0.0425	ripple_TLL17-18	81	208242
104.125	0.115	ripple_TLL7-8	100	208250
104.1255	0.061	ripple_TLL28-29	92	208251
104.126	0.179	ripple_TLL29-30	93	208252
104.1295	0.0405	ripple_TBPL1-2	71	208259
104.137	0.131	ripple_TLL6-7	99	208274
104.1425	0.0785	ripple_TLL1-2	74	208285
104.1425	0.121	ripple_TLL21-22	86	208285
104.174	0.0525	ripple_TBPL2-3	72	208348
104.1895	0.0665	ripple_TLL31-32	96	208379
104.202	0.122	ripple_TLL23-24	88	208404
104.2025	0.145	ripple_TLL22-23	87	208405
104.209	0.0655	ripple_TLL28-29	92	208418
104.2205	0.0565	ripple_TLL13-14	78	208441
104.2235	0.0395	ripple_TLL3-4	94	208447
104.2235	0.077	ripple_TLL2-3	84	208447
104.251	0.055	ripple_TLL1-2	74	208502
104.266	0.054	ripple_TLL30-31	95	208532
104.2875	0.058	ripple_TLL15-16	80	208575
104.306	0.202	ripple_TLL21-22	86	208612
104.316	0.064	ripple_TLL14-15	79	208632
104.3235	0.0565	ripple_TLL19-20	83	208647
104.3315	0.121	ripple_TLL20-21	85	208663
104.333	0.037	ripple_TLL31-32	96	208666
104.3405	0.0405	ripple_TLL5-6	98	208681
104.381	0.06	ripple_TLL1-2	74	208762
104.3865	0.076	ripple_TLL2-3	84	208773
104.397	0.038	ripple_TLL26-27	90	208794
104.4135	0.1425	ripple_TLL31-32	96	208827
104.424	0.0335	ripple_TLL27-28	91	208848
104.4305	0.1495	ripple_TLL22-23	87	208861
104.4395	0.23	ripple_TLL14-15	79	208879
104.47	0.0505	ripple_TLL11-12	76	208940
104.4705	0.063	ripple_TLL23-24	88	208941
104.472	0.096	ripple_TLL15-16	80	208944
104.476	0.2405	ripple_TLL19-20	83	208952
104.477	0.0375	ripple_TLL4-5	97	208954
104.477	0.0375	ripple_TLL13-14	78	208954
104.5105	0.0155	fr_TBPL1-2	4	209021
104.5225	0.134	ripple_TLL20-21	85	209045
104.5385	0.087	ripple_TLL1-2	74	209077
104.5385	0.124	ripple_TLL2-3	84	209077
104.541	0.0785	ripple_TLL18-19	82	209082
104.5455	0.042	ripple_TBPL1-2	71	209091
104.581	0.0345	ripple_TLL31-32	96	209162
104.6045	0.0465	ripple_TLL29-30	93	209209
104.6045	0.058	ripple_TLL28-29	92	209209
104.611	0.0455	ripple_TLL21-22	86	209222
104.623	0.0885	ripple_TLL23-24	88	209246
104.6255	0.0525	ripple_TLL27-28	91	209251
104.642	0.131	ripple_TLL31-32	96	209284
104.642	0.131	fr_TLL31-32	29	209284
104.642	0.131	frandr_TLL31-32	62	209284
104.682	0.048	ripple_TLL20-21	85	209364
104.686	0.0355	ripple_TLL26-27	90	209372
104.699	0.0985	ripple_TLL21-22	86	209398
104.701	0.081	ripple_TLL30-31	95	209402
104.714	0.0865	ripple_TLL7-8	100	209428
104.714	0.111	ripple_TLL6-7	99	209428
104.72	0.043	ripple_TLL5-6	98	209440
104.7205	0.1005	ripple_TBPL2-3	72	209441
104.728	0.144	ripple_TLL1-2	74	209456
104.7385	0.0355	ripple_TLL19-20	83	209477
104.7445	0.027	ripple_TLL18-19	82	209489
104.7515	0.0815	ripple_TLL23-24	88	209503
104.754	0.0355	ripple_TLL11-12	76	209508
104.7545	0.1145	ripple_TLL26-27	90	209509
104.764	0.069	ripple_TLL22-23	87	209528
104.7685	0.118	ripple_TLL15-16	80	209537
104.779	0.097	ripple_TLL14-15	79	209558
104.79	0.0485	ripple_TLL20-21	85	209580
104.806	0.0525	ripple_TLL5-6	98	209612
104.808	0.144	ripple_TLL30-31	95	209616
104.8085	0.06	ripple_TLL4-5	97	209617
104.8365	0.295	ripple_TLL19-20	83	209673
104.8645	0.194	ripple_TLL28-29	92	209729
104.8665	0.0435	ripple_TLL20-21	85	209733
104.8695	0.046	ripple_TLL21-22	86	209739
104.8765	0.1305	ripple_TBPL1-2	71	209753
104.881	0.124	ripple_TLL2-3	84	209762
104.894	0.032	ripple_TBPL2-3	72	209788
104.9155	0.229	ripple_TLL7-8	100	209831
104.9185	0.0505	ripple_TLL14-15	79	209837
104.927	0.1175	ripple_TLL15-16	80	209854
104.9505	0.054	ripple_TLL20-21	85	209901
104.964	0.0355	ripple_TLL4-5	97	209928
104.965	0.039	ripple_TLL21-22	86	209930
104.9695	0.0355	ripple_TBPL2-3	72	209939
104.9705	0.0405	ripple_TLL18-19	82	209941
104.9745	0.066	ripple_TLL1-2	74	209949
104.9765	0.1485	ripple_TLL30-31	95	209953
105.0125	0.069	ripple_TLL29-30	93	210025
105.0305	0.046	ripple_TBPL1-2	71	210061
105.0345	0.1715	ripple_TLL21-22	86	210069
105.0475	0.0925	ripple_TLL31-32	96	210095
105.056	0.0475	ripple_TLL4-5	97	210112
105.059	0.219	ripple_TLL6-7	99	210118
105.059	0.219	fr_TLL6-7	32	210118
105.059	0.219	frandr_TLL6-7	65	210118
105.0765	0.0445	ripple_TLL2-3	84	210153
105.0845	0.0715	ripple_TLL15-16	80	210169
105.089	0.0415	ripple_TBPL2-3	72	210178
105.0905	0.087	ripple_TLL5-6	98	210181
105.1045	0.045	ripple_TLL29-30	93	210209
105.135	0.125	ripple_TLL1-2	74	210270
105.1415	0.016	fr_TLL20-21	18	210283
105.169	0.28	ripple_TLL19-20	83	210338
105.184	0.0795	ripple_TLL29-30	93	210368
105.184	0.296	ripple_TLL30-31	95	210368
105.2005	0.0865	ripple_TLL7-8	100	210401
105.205	0.0545	ripple_TLL2-3	84	210410
105.205	0.0595	ripple_TBPL2-3	72	210410
105.2305	0.06	ripple_TBAL1-2	68	210461
105.2435	0.0375	ripple_TLL10-11	75	210487
105.251	0.1455	ripple_TBPL1-2	71	210502
105.254	0.038	ripple_TLL3-4	94	210508
105.274	0.089	ripple_TLL23-24	88	210548
105.276	0.089	ripple_TLL22-23	87	210552
105.281	0.0555	ripple_TLL21-22	86	210562
105.291	0.1295	ripple_TLL27-28	91	210582
105.3005	0.0945	ripple_TLL18-19	82	210601
105.329	0.3925	ripple_TBPL2-3	72	210658
105.341	0.046	ripple_TLL4-5	97	210682
105.345	0.0415	ripple_TLL14-15	79	210690
105.3635	0.1705	ripple_TLL20-21	85	210727
105.375	0.038	ripple_TLL7-8	100	210750
105.3855	0.2945	ripple_TLL26-27	90	210771
105.389	0.0335	ripple_TLL9-10	101	210778
105.394	0.2475	ripple_TLL28-29	92	210788
105.3945	0.054	ripple_TLL2-3	84	210789
105.4065	0.073	ripple_TBAL2-3	69	210813
105.4145	0.072	ripple_TLL6-7	99	210829
105.419	0.06	ripple_TBAL3-4	70	210838
105.423	0.056	ripple_TBPL1-2	71	210846
105.425	0.092	ripple_TLL31-32	96	210850
105.4365	0.042	ripple_TLL15-16	80	210873
105.443	0.0995	ripple_TLL11-12	76	210886
105.444	0.04	ripple_TLL14-15	79	210888
105.4625	0.0355	ripple_TLL1-2	74	210925
105.4905	0.145	ripple_TLL10-11	75	210981
105.496	0.1625	ripple_TLL21-22	86	210992
105.498	0.1175	ripple_TLL9-10	101	210996
105.523	0.0415	ripple_TLL6-7	99	211046
105.5485	0.085	ripple_TLL2-3	84	211097
105.551	0.102	ripple_TLL29-30	93	211102
105.5715	0.068	ripple_TLL5-6	98	211143
105.5915	0.519	ripple_TLL6-7	99	211183
105.6005	0.045	ripple_TLL13-14	78	211201
105.601	0.2665	ripple_TLL15-16	80	211202
105.601	0.2665	fr_TLL15-16	13	211202
105.601	0.2665	frandr_TLL15-16	47	211202
105.603	0.235	ripple_TLL1-2	74	211206
105.6065	0.1635	ripple_TLL18-19	82	211213
105.611	0.038	ripple_TLL31-32	96	211222
105.6225	0.248	ripple_TLL14-15	79	211245
105.642	0.0405	ripple_TLL3-4	94	211284
105.664	0.1725	ripple_TLL2-3	84	211328
105.668	0.1165	ripple_TLL5-6	98	211336
105.6745	0.0435	ripple_TLL29-30	93	211349
105.6765	0.055	ripple_TLL9-10	101	211353
105.6795	0.2385	ripple_TLL28-29	92	211359
105.697	0.1115	ripple_TLL10-11	75	211394
105.723	0.053	ripple_TLL4-5	97	211446
105.727	0.09	ripple_TLL19-20	83	211454
105.733	0.0305	ripple_TLL20-21	85	211466
105.743	0.0585	ripple_TLL11-12	76	211486
105.753	0.1785	ripple_TBPL2-3	72	211506
105.7605	0.102	ripple_TBPL1-2	71	211521
105.7645	0.044	ripple_TLL30-31	95	211529
105.785	0.063	ripple_TLL29-30	93	211570
105.807	0.0395	ripple_TLL3-4	94	211614
105.807	0.139	ripple_TLL23-24	88	211614
105.808	0.218	ripple_TLL7-8	100	211616
105.8375	0.072	ripple_TLL31-32	96	211675
105.8475	0.0565	ripple_TLL21-22	86	211695
105.8625	0.139	ripple_TLL20-21	85	211725
105.872	0.0365	ripple_TLL5-6	98	211744
105.8825	0.0395	ripple_TLL4-5	97	211765
105.9005	0.064	ripple_TLL14-15	79	211801
105.9005	0.065	ripple_TLL15-16	80	211801
105.9015	0.054	ripple_TLL1-2	74	211803
105.9115	0.127	ripple_TLL19-20	83	211823
105.9205	0.073	ripple_TLL30-31	95	211841
105.9375	0.215	ripple_TLL21-22	86	211875
105.9515	0.0365	ripple_TLL29-30	93	211903
105.956	0.0565	ripple_TLL31-32	96	211912
105.9855	0.0305	ripple_TLL2-3	84	211971
105.991	0.0505	ripple_TLL11-12	76	211982
105.9945	0.04	ripple_TLL23-24	88	211989
105.995	0.229	ripple_TLL14-15	79	211990
105.9985	0.0955	ripple_TLL15-16	80	211997
106.0265	0.102	ripple_TLL29-30	93	212053
106.0285	0.0635	ripple_TLL30-31	95	212057
106.0285	0.1135	ripple_TBPL1-2	71	212057
106.033	0.0755	ripple_TLL1-2	74	212066
106.045	0.013	fr_TLL26-27	23	212090
106.06	0.0965	ripple_TLL18-19	82	212120
106.064	0.065	ripple_TBPL2-3	72	212128
106.066	0.051	ripple_TLL31-32	96	212132
106.0775	0.1875	ripple_TLL4-5	97	212155
106.087	0.0355	ripple_TLL23-24	88	212174
106.087	0.0465	ripple_TLL22-23	87	212174
106.108	0.083	ripple_TLL3-4	94	212216
106.1255	0.0415	ripple_TLL13-14	78	212251
106.129	0.0385	ripple_TLL19-20	83	212258
106.142	0.0475	ripple_TLL15-16	80	212284
106.145	0.094	ripple_TLL23-24	88	212290
106.1515	0.0275	ripple_TLL30-31	95	212303
106.153	0.0895	ripple_TBPL2-3	72	212306
106.182	0.204	ripple_TLL1-2	74	212364
106.1845	0.064	ripple_TLL29-30	93	212369
106.1905	0.055	ripple_TBPL1-2	71	212381
106.1905	0.097	ripple_TLL6-7	99	212381
106.194	0.051	ripple_TLL5-6	98	212388
106.194	0.123	ripple_TLL31-32	96	212388
106.196	0.07	ripple_TLL26-27	90	212392
106.2085	0.211	ripple_TLL30-31	95	212417
106.2155	0.1205	ripple_TLL21-22	86	212431
106.245	0.1155	ripple_TLL7-8	100	212490
106.25	0.08	ripple_TLL14-15	79	212500
106.258	0.0905	ripple_TLL28-29	92	212516
106.2635	0.229	ripple_TLL19-20	83	212527
106.2705	0.098	ripple_TLL2-3	84	212541
106.274	0.04	ripple_TLL27-28	91	212548
106.315	0.0545	ripple_TLL3-4	94	212630
106.3165	0.0565	ripple_TBPL2-3	72	212633
106.327	0.073	ripple_TBPL1-2	71	212654
106.348	0.077	ripple_TLL18-19	82	212696
106.353	0.1455	ripple_TLL31-32	96	212706
106.3695	0.0335	ripple_TLL9-10	101	212739
106.3975	0.0545	ripple_TLL5-6	98	212795
106.4005	0.2335	ripple_TBPL2-3	72	212801
106.4085	0.0945	ripple_TLL3-4	94	212817
106.4095	0.1125	ripple_TLL28-29	92	212819
106.42	0.034	ripple_TLL21-22	86	212840
106.425	0.0375	ripple_TBPL1-2	71	212850
106.4265	0.05	ripple_TLL2-3	84	212853
106.4345	0.0545	ripple_TLL29-30	93	212869
106.436	0.0865	ripple_TBPL3-4	73	212872
106.4555	0.032	ripple_TLL27-28	91	212911
106.4595	0.039	ripple_TLL14-15	79	212919
106.4735	0.0495	ripple_TLL15-16	80	212947
106.4735	0.065	ripple_TLL22-23	87	212947
106.4745	0.0735	ripple_TLL23-24	88	212949
106.4785	0.029	ripple_TLL18-19	82	212957
106.4955	0.0325	ripple_TLL20-21	85	212991
106.496	0.1095	ripple_TLL1-2	74	212992
106.5035	0.0375	ripple_TLL11-12	76	213007
106.522	0.189	ripple_TLL31-32	96	213044
106.5515	0.0505	ripple_TLL7-8	100	213103
106.5535	0.033	ripple_TLL21-22	86	213107
106.573	0.075	ripple_TLL19-20	83	213146
106.575	0.0855	ripple_TLL30-31	95	213150
106.576	0.0455	ripple_TLL18-19	82	213152
106.582	0.038	ripple_TLL17-18	81	213164
106.6105	0.1285	ripple_TLL29-30	93	213221
106.613	0.149	ripple_TLL15-16	80	213226
106.6225	0.0255	ripple_TLL21-22	86	213245
106.626	0.053	ripple_TLL7-8	100	213252
106.6265	0.0515	ripple_TLL1-2	74	213253
106.6595	0.126	ripple_TBPL2-3	72	213319
106.661	0.0825	ripple_TBPL1-2	71	213322
106.674	0.044	ripple_TLL13-14	78	213348
106.698	0.151	ripple_TLL20-21	85	213396
106.711	0.039	ripple_TLL18-19	82	213422
106.7125	0.1835	ripple_TLL19-20	83	213425
106.728	0.029	ripple_TLL7-8	100	213456
106.7295	0.056	ripple_TLL21-22	86	213459
106.7755	0.306	ripple_TLL29-30	93	213551
106.7805	0.058	ripple_TLL30-31	95	213561
106.807	0.048	ripple_TLL1-2	74	213614
106.8095	0.295	ripple_TLL31-32	96	213619
106.813	0.147	ripple_TLL14-15	79	213626
106.8165	0.14	ripple_TLL21-22	86	213633
106.8265	0.092	ripple_TLL15-16	80	213653
106.838	0.112	ripple_TLL12-13	77	213676
106.85	0.1435	ripple_TLL13-14	78	213700
106.8845	0.0255	ripple_TLL30-31	95	213769
106.889	0.0595	ripple_TLL20-21	85	213778
106.921	0.2415	ripple_TBPL1-2	71	213842
106.921	0.2415	fr_TBPL1-2	4	213842
106.921	0.2415	frandr_TBPL1-2	38	213842
106.9245	0.041	ripple_TLL5-6	98	213849
106.933	0.132	ripple_TLL6-7	99	213866
106.9425	0.0395	ripple_TLL18-19	82	213885
106.9575	0.2615	ripple_TLL7-8	100	213915
106.9745	0.0575	ripple_TLL4-5	97	213949
106.979	0.0185	fr_TLL23-24	21	213958
106.981	0.065	ripple_TBPL2-3	72	213962
106.989	0.0695	ripple_TLL14-15	79	213978
107.0225	0.057	ripple_TLL28-29	92	214045
107.034	0.0835	ripple_TLL10-11	75	214068
107.044	0.038	ripple_TLL13-14	78	214088
107.047	0.0615	ripple_TLL27-28	91	214094
107.078	0.1625	ripple_TLL21-22	86	214156
107.09	0.082	ripple_TLL5-6	98	214180
107.1065	0.1305	ripple_TLL18-19	82	214213
107.119	0.0515	ripple_TLL28-29	92	214238
107.134	0.0675	ripple_TLL6-7	99	214268
107.163	0.121	ripple_TLL31-32	96	214326
107.167	0.029	ripple_TLL1-2	74	214334
107.173	0.041	ripple_TLL12-13	77	214346
107.1855	0.0135	fr_TLL27-28	24	214371
107.1955	0.046	ripple_TLL9-10	101	214391
107.209	0.054	ripple_TLL10-11	75	214418
107.215	0.068	ripple_TLL29-30	93	214430
107.2155	0.031	ripple_TLL15-16	80	214431
107.219	0.053	ripple_TLL19-20	83	214438
107.219	0.17	ripple_TLL2-3	84	214438
107.224	0.0495	ripple_TLL4-5	97	214448
107.265	0.1875	ripple_TLL27-28	91	214530
107.272	0.1265	ripple_TBPL2-3	72	214544
107.272	0.1615	ripple_TBPL1-2	71	214544
107.2755	0.032	ripple_TLL14-15	79	214551
107.2825	0.1115	ripple_TLL1-2	74	214565
107.2915	0.0695	ripple_TLL30-31	95	214583
107.3065	0.0955	ripple_TLL31-32	96	214613
107.314	0.05	ripple_TLL5-6	98	214628
107.315	0.1495	ripple_TLL28-29	92	214630
107.3245	0.052	ripple_TBPL3-4	73	214649
107.3255	0.229	ripple_TLL19-20	83	214651
107.3625	0.0655	ripple_TLL13-14	78	214725
107.3765	0.09	ripple_TLL29-30	93	214753
107.393	0.235	ripple_TLL30-31	95	214786
107.4	0.2315	ripple_TLL7-8	100	214800
107.4185	0.0415	ripple_TLL21-22	86	214837
107.428	0.1395	ripple_TLL15-16	80	214856
107.433	0.1995	ripple_TLL14-15	79	214866
107.471	0.1665	ripple_TBPL1-2	71	214942
107.477	0.193	ripple_TBPL2-3	72	214954
107.4895	0.0745	ripple_TLL6-7	99	214979
107.4955	0.029	ripple_TLL31-32	96	214991
107.5035	0.0835	ripple_TLL2-3	84	215007
107.506	0.0565	ripple_TLL5-6	98	215012
107.5175	0.1545	ripple_TLL28-29	92	215035
107.521	0.1185	ripple_TLL29-30	93	215042
107.5325	0.045	ripple_TLL21-22	86	215065
107.5595	0.0725	ripple_TLL27-28	91	215119
107.5705	0.0495	ripple_TLL18-19	82	215141
107.575	0.016	fr_TLL31-32	29	215150
107.5765	0.1095	ripple_TLL23-24	88	215153
107.583	0.042	ripple_TLL1-2	74	215166
107.585	0.0455	ripple_TLL26-27	90	215170
107.5895	0.165	ripple_TLL19-20	83	215179
107.596	0.438	ripple_TLL22-23	87	215192
107.597	0.0515	ripple_TLL6-7	99	215194
107.6025	0.0425	ripple_TLL20-21	85	215205
107.6235	0.046	ripple_TLL15-16	80	215247
107.6365	0.0325	ripple_TLL21-22	86	215273
107.642	0.29	ripple_TLL13-14	78	215284
107.652	0.043	ripple_TLL1-2	74	215304
107.666	0.1305	ripple_TLL7-8	100	215332
107.6785	0.078	ripple_TLL29-30	93	215357
107.6825	0.097	ripple_TLL2-3	84	215365
107.686	0.0315	ripple_TLL11-12	76	215372
107.692	0.1445	ripple_TBPL2-3	72	215384
107.6995	0.1625	ripple_TBPL1-2	71	215399
107.7035	0.0525	ripple_TLL30-31	95	215407
107.7055	0.0465	ripple_TLL3-4	94	215411
107.727	0.102	ripple_TLL28-29	92	215454
107.7395	0.073	ripple_TLL23-24	88	215479
107.752	0.1315	ripple_TLL31-32	96	215504
107.7645	0.0295	ripple_TLL6-7	99	215529
107.7825	0.0365	ripple_TLL4-5	97	215565
107.7885	0.0615	ripple_TLL19-20	83	215577
107.7885	0.101	ripple_TLL20-21	85	215577
107.7945	0.342	ripple_TLL29-30	93	215589
107.795	0.0605	ripple_TLL1-2	74	215590
107.818	0.0955	ripple_TLL21-22	86	215636
107.828	0.1205	ripple_TLL7-8	100	215656
107.8285	0.2565	ripple_TLL2-3	84	215657
107.829	0.056	ripple_TLL30-31	95	215658
107.841	0.122	ripple_TLL15-16	80	215682
107.845	0.069	ripple_TLL3-4	94	215690
107.8575	0.1065	ripple_TLL14-15	79	215715
107.8695	0.0855	ripple_TLL23-24	88	215739
107.8935	0.039	ripple_TLL11-12	76	215787
107.9	0.26	ripple_TLL19-20	83	215800
107.9035	0.172	ripple_TLL5-6	98	215807
107.9125	0.0575	ripple_TLL4-5	97	215825
107.918	0.047	ripple_TLL20-21	85	215836
107.9215	0.041	ripple_TLL30-31	95	215843
107.9225	0.03	ripple_TLL1-2	74	215845
107.9525	0.058	ripple_TLL27-28	91	215905
107.9665	0.0445	ripple_TLL28-29	92	215933
107.9775	0.0435	ripple_TBPL3-4	73	215955
107.9815	0.054	ripple_TLL26-27	90	215963
107.9985	0.037	ripple_TLL14-15	79	215997
108.021	0.0545	ripple_TBPL2-3	72	216042
108.027	0.0455	ripple_TLL18-19	82	216054
108.0595	0.0635	ripple_TLL28-29	92	216119
108.0605	0.05	ripple_TLL6-7	99	216121
108.0675	0.1095	ripple_TLL21-22	86	216135
108.068	0.156	ripple_TLL20-21	85	216136
108.0695	0.038	ripple_TLL17-18	81	216139
108.08	0.0345	ripple_TLL13-14	78	216160
108.103	0.0785	ripple_TLL15-16	80	216206
108.1075	0.0855	ripple_TLL1-2	74	216215
108.112	0.2535	ripple_TLL30-31	95	216224
108.119	0.048	ripple_TLL2-3	84	216238
108.1215	0.1455	ripple_TLL7-8	100	216243
108.1365	0.186	ripple_TLL6-7	99	216273
108.1425	0.0525	ripple_TLL27-28	91	216285
108.1465	0.0555	ripple_TLL31-32	96	216293
108.1515	0.06	ripple_TLL5-6	98	216303
108.157	0.0605	ripple_TLL14-15	79	216314
108.1655	0.0535	ripple_TBPL3-4	73	216331
108.169	0.059	ripple_TBPL1-2	71	216338
108.1695	0.048	ripple_TLL29-30	93	216339
108.178	0.038	ripple_TLL17-18	81	216356
108.181	0.094	ripple_TBPL2-3	72	216362
108.1925	0.0485	ripple_TLL18-19	82	216385
108.2005	0.036	ripple_TLL26-27	90	216401
108.2275	0.044	ripple_TLL11-12	76	216455
108.243	0.054	ripple_TLL2-3	84	216486
108.2435	0.0575	ripple_TLL5-6	98	216487
108.246	0.1125	ripple_TLL1-2	74	216492
108.2465	0.199	ripple_TLL31-32	96	216493
108.256	0.0325	ripple_TLL15-16	80	216512
108.2675	0.28	ripple_TBPL1-2	71	216535
108.2705	0.227	ripple_TLL20-21	85	216541
108.2735	0.245	ripple_TLL13-14	78	216547
108.282	0.0415	ripple_TLL27-28	91	216564
108.2955	0.071	ripple_TBPL2-3	72	216591
108.328	0.038	ripple_TLL7-8	100	216656
108.34	0.034	ripple_TLL17-18	81	216680
108.344	0.1665	ripple_TLL15-16	80	216688
108.3515	0.082	ripple_TLL21-22	86	216703
108.3525	0.0715	ripple_TLL23-24	88	216705
108.3655	0.0785	ripple_TLL14-15	79	216731
108.3665	0.052	ripple_TLL29-30	93	216733
108.398	0.0615	ripple_TBPL2-3	72	216796
108.3995	0.059	ripple_TLL6-7	99	216799
108.418	0.04	ripple_TLL19-20	83	216836
108.445	0.0475	ripple_TLL4-5	97	216890
108.448	0.093	ripple_TLL5-6	98	216896
108.463	0.3055	ripple_TLL1-2	74	216926
108.4635	0.0375	ripple_TLL2-3	84	216927
108.474	0.3515	ripple_TLL7-8	100	216948
108.4755	0.0445	ripple_TLL28-29	92	216951
108.479	0.0585	ripple_TLL31-32	96	216958
108.484	0.0895	ripple_TLL30-31	95	216968
108.487	0.1065	ripple_TBPL2-3	72	216974
108.4915	0.0445	ripple_TLL12-13	77	216983
108.4965	0.0585	ripple_TLL6-7	99	216993
108.4965	0.442	ripple_TLL29-30	93	216993
108.57	0.0745	ripple_TLL10-11	75	217140
108.571	0.034	ripple_TLL15-16	80	217142
108.5785	0.1095	ripple_TLL11-12	76	217157
108.581	0.0325	ripple_TLL31-32	96	217162
108.586	0.2865	ripple_TBPL1-2	71	217172
108.599	0.09	ripple_TLL27-28	91	217198
108.607	0.1185	ripple_TLL28-29	92	217214
108.6085	0.096	ripple_TLL2-3	84	217217
108.6165	0.043	ripple_TLL5-6	98	217233
108.624	0.03	ripple_TBPL2-3	72	217248
108.637	0.049	ripple_TLL21-22	86	217274
108.6375	0.0575	ripple_TLL4-5	97	217275
108.641	0.0475	ripple_TBAL3-4	70	217282
108.6425	0.1765	ripple_TLL30-31	95	217285
108.6475	0.029	ripple_TLL26-27	90	217295
108.6475	0.1005	ripple_TLL15-16	80	217295
108.657	0.116	ripple_TLL31-32	96	217314
108.6615	0.108	ripple_TLL14-15	79	217323
108.667	0.0415	ripple_TLL6-7	99	217334
108.7	0.049	ripple_TLL26-27	90	217400
108.722	0.0495	ripple_TLL13-14	78	217444
108.7225	0.0915	ripple_TLL18-19	82	217445
108.729	0.0585	ripple_TLL17-18	81	217458
108.7295	0.068	ripple_TLL21-22	86	217459
108.7325	0.0585	ripple_TLL2-3	84	217465
108.734	0.0815	ripple_TLL3-4	94	217468
108.737	0.1115	ripple_TLL19-20	83	217474
108.752	0.0495	ripple_TLL28-29	92	217504
108.7575	0.0525	ripple_TLL4-5	97	217515
108.762	0.045	ripple_TBPL3-4	73	217524
108.7655	0.0425	ripple_TLL20-21	85	217531
108.793	0.1755	ripple_TBPL2-3	72	217586
108.7985	0.058	ripple_TLL14-15	79	217597
108.809	0.0575	ripple_TLL15-16	80	217618
108.8115	0.0395	ripple_TLL31-32	96	217623
108.8365	0.04	ripple_TLL21-22	86	217673
108.8395	0.0645	ripple_TLL23-24	88	217679
108.841	0.0855	ripple_TLL28-29	92	217682
108.8415	0.055	ripple_TLL22-23	87	217683
108.845	0.0615	ripple_TLL20-21	85	217690
108.851	0.229	ripple_TLL1-2	74	217702
108.8555	0.0675	ripple_TLL26-27	90	217711
108.874	0.1255	ripple_TLL6-7	99	217748
108.875	0.0715	ripple_TLL2-3	84	217750
108.894	0.1	ripple_TLL13-14	78	217788
108.904	0.0655	ripple_TLL19-20	83	217808
108.906	0.0345	ripple_TLL17-18	81	217812
108.908	0.055	ripple_TBPL1-2	71	217816
108.919	0.0385	ripple_TLL18-19	82	217838
108.9295	0.037	ripple_TLL14-15	79	217859
108.951	0.205	ripple_TLL30-31	95	217902
108.9575	0.134	ripple_TLL22-23	87	217915
108.966	0.0395	ripple_TLL3-4	94	217932
108.9665	0.0445	ripple_TLL17-18	81	217933
108.9715	0.0785	ripple_TLL29-30	93	217943
108.9715	0.1915	ripple_TLL7-8	100	217943
108.989	0.041	ripple_TLL14-15	79	217978
108.9915	0.067	ripple_TLL19-20	83	217983
108.995	0.0515	ripple_TLL9-10	101	217990
109.015	0.0395	ripple_TLL18-19	82	218030
109.017	0.0865	ripple_TLL21-22	86	218034
109.018	0.3845	ripple_TLL2-3	84	218036
109.025	0.2245	ripple_TLL20-21	85	218050
109.0275	0.034	ripple_TLL31-32	96	218055
109.068	0.043	ripple_TBAL3-4	70	218136
109.0685	0.0785	ripple_TLL4-5	97	218137
109.0715	0.0475	ripple_TBAL2-3	69	218143
109.072	0.379	ripple_TLL14-15	79	218144
109.0725	0.338	ripple_TLL3-4	94	218145
109.0765	0.087	ripple_TLL18-19	82	218153
109.0775	0.229	ripple_TLL15-16	80	218155
109.086	0.036	ripple_TLL5-6	98	218172
109.086	0.067	ripple_TLL10-11	75	218172
109.1245	0.0655	ripple_TLL31-32	96	218249
109.1295	0.082	ripple_TLL11-12	76	218259
109.135	0.1195	ripple_TLL1-2	74	218270
109.1355	0.1385	ripple_TLL6-7	99	218271
109.1615	0.059	ripple_TLL28-29	92	218323
109.175	0.0815	ripple_TLL4-5	97	218350
109.1925	0.084	ripple_TLL19-20	83	218385
109.247	0.062	ripple_TLL27-28	91	218494
109.248	0.0355	ripple_TLL28-29	92	218496
109.263	0.043	ripple_TLL10-11	75	218526
109.2805	0.038	ripple_TLL17-18	81	218561
109.289	0.034	ripple_TLL1-2	74	218578
109.297	0.094	ripple_TLL19-20	83	218594
109.2985	0.1875	ripple_TLL30-31	95	218597
109.314	0.1005	ripple_TLL29-30	93	218628
109.315	0.196	ripple_TLL23-24	88	218630
109.3265	0.127	ripple_TBPL1-2	71	218653
109.328	0.075	ripple_TLL28-29	92	218656
109.347	0.1865	ripple_TLL1-2	74	218694
109.3495	0.22	ripple_TLL7-8	100	218699
109.358	0.0405	ripple_TLL15-16	80	218716
109.363	0.0425	ripple_TLL6-7	99	218726
109.3675	0.033	ripple_TLL20-21	85	218735
109.368	0.0615	ripple_TLL9-10	101	218736
109.369	0.044	ripple_TBPL2-3	72	218738
109.376	0.157	ripple_TLL22-23	87	218752
109.389	0.036	ripple_TLL31-32	96	218778
109.3945	0.0415	ripple_TBAL2-3	69	218789
109.3995	0.1975	ripple_TLL26-27	90	218799
109.431	0.1425	ripple_TLL28-29	92	218862
109.438	0.074	ripple_TLL20-21	85	218876
109.447	0.037	ripple_TLL19-20	83	218894
109.465	0.154	ripple_TLL6-7	99	218930
109.471	0.075	ripple_TLL29-30	93	218942
109.5	0.1115	ripple_TLL27-28	91	219000
109.5075	0.0615	ripple_TLL3-4	94	219015
109.5105	0.0295	ripple_TBPL1-2	71	219021
109.5155	0.035	ripple_TLL17-18	81	219031
109.5155	0.0735	ripple_TLL15-16	80	219031
109.517	0.0645	ripple_TLL18-19	82	219034
109.5175	0.052	ripple_TLL14-15	79	219035
109.533	0.1845	ripple_TLL30-31	95	219066
109.547	0.0655	ripple_TLL21-22	86	219094
109.567	0.0395	ripple_TLL2-3	84	219134
109.5705	0.3465	ripple_TBPL2-3	72	219141
109.604	0.0665	ripple_TBPL1-2	71	219208
109.6085	0.05	ripple_TLL18-19	82	219217
109.621	0.2535	ripple_TLL7-8	100	219242
109.631	0.156	ripple_TLL31-32	96	219262
109.6375	0.1405	ripple_TLL20-21	85	219275
109.657	0.041	ripple_TLL14-15	79	219314
109.683	0.0495	ripple_TLL21-22	86	219366
109.707	0.249	ripple_TLL23-24	88	219414
109.7075	0.1855	ripple_TLL6-7	99	219415
109.7135	0.0785	ripple_TLL19-20	83	219427
109.727	0.1025	ripple_TBPL1-2	71	219454
109.737	0.0535	ripple_TLL1-2	74	219474
109.746	0.092	ripple_TLL30-31	95	219492
109.748	0.081	ripple_TLL14-15	79	219496
109.7545	0.0855	ripple_TLL15-16	80	219509
109.7575	0.0335	ripple_TLL2-3	84	219515
109.7695	0.0765	ripple_TLL27-28	91	219539
109.7835	0.0395	ripple_TLL11-12	76	219567
109.786	0.053	ripple_TLL10-11	75	219572
109.789	0.048	ripple_TLL28-29	92	219578
109.7905	0.0455	ripple_TLL5-6	98	219581
109.82	0.148	ripple_TLL21-22	86	219640
109.826	0.041	ripple_TLL2-3	84	219652
109.8375	0.044	ripple_TLL18-19	82	219675
109.849	0.0725	ripple_TLL19-20	83	219698
109.85	0.197	ripple_TBPL1-2	71	219700
109.853	0.084	ripple_TLL14-15	79	219706
109.855	0.15	ripple_TLL29-30	93	219710
109.8725	0.1045	ripple_TLL31-32	96	219745
109.904	0.0575	ripple_TLL15-16	80	219808
109.9255	0.0825	ripple_TLL1-2	74	219851
109.9355	0.0535	ripple_TLL6-7	99	219871
109.955	0.045	ripple_TLL2-3	84	219910
109.9685	0.063	ripple_TLL18-19	82	219937
109.9755	0.063	ripple_TLL20-21	85	219951
109.98	0.0585	ripple_TLL27-28	91	219960
109.988	0.1915	ripple_TLL15-16	80	219976
109.9895	0.054	ripple_TLL28-29	92	219979
109.991	0.059	ripple_TBPL2-3	72	219982
109.9975	0.0425	ripple_TLL26-27	90	219995
110.0115	0.154	ripple_TLL13-14	78	220023
110.0125	0.031	ripple_TLL7-8	100	220025
110.035	0.034	ripple_TLL25-26	89	220070
110.0435	0.083	ripple_TLL29-30	93	220087
110.044	0.098	ripple_TLL30-31	95	220088
110.0495	0.1335	ripple_TLL1-2	74	220099
110.05	0.0625	ripple_TLL2-3	84	220100
110.061	0.17	ripple_TLL21-22	86	220122
110.066	0.0315	ripple_TLL7-8	100	220132
110.0665	0.0395	ripple_TBAL1-2	68	220133
110.078	0.1675	ripple_TLL19-20	83	220156
110.078	0.1675	fr_TLL19-20	16	220156
110.078	0.1675	frandr_TLL19-20	50	220156
110.0805	0.055	ripple_TBPL2-3	72	220161
110.0915	0.1395	ripple_TLL20-21	85	220183
110.104	0.081	ripple_TLL18-19	82	220208
110.1415	0.0335	ripple_TLL6-7	99	220283
110.1445	0.185	ripple_TLL7-8	100	220289
110.1555	0.029	ripple_TLL2-3	84	220311
110.1625	0.0485	ripple_TLL29-30	93	220325
110.1765	0.056	ripple_TBPL2-3	72	220353
110.191	0.0485	ripple_TLL13-14	78	220382
110.211	0.0385	ripple_TLL2-3	84	220422
110.2225	0.0395	ripple_TLL27-28	91	220445
110.2305	0.107	ripple_TLL4-5	97	220461
110.2315	0.1145	ripple_TLL30-31	95	220463
110.234	0.0715	ripple_TLL3-4	94	220468
110.2655	0.1315	ripple_TLL20-21	85	220531
110.2685	0.096	ripple_TLL19-20	83	220537
110.274	0.067	ripple_TLL2-3	84	220548
110.2755	0.063	ripple_TLL15-16	80	220551
110.279	0.04	ripple_TLL14-15	79	220558
110.287	0.0845	ripple_TLL13-14	78	220574
110.2875	0.0605	ripple_TBPL2-3	72	220575
110.291	0.0405	ripple_TBPL3-4	73	220582
110.296	0.1745	ripple_TBPL1-2	71	220592
110.305	0.0605	ripple_TLL12-13	77	220610
110.314	0.0685	ripple_TLL6-7	99	220628
110.326	0.055	ripple_TLL18-19	82	220652
110.3375	0.063	ripple_TLL1-2	74	220675
110.3605	0.065	ripple_TLL4-5	97	220721
110.362	0.1205	ripple_TLL15-16	80	220724
110.3745	0.2465	ripple_TLL14-15	79	220749
110.3915	0.142	ripple_TLL5-6	98	220783
110.3985	0.0855	ripple_TLL30-31	95	220797
110.403	0.124	ripple_TLL13-14	78	220806
110.407	0.194	ripple_TLL19-20	83	220814
110.422	0.0345	ripple_TBPL2-3	72	220844
110.423	0.0345	ripple_TLL10-11	75	220846
110.444	0.0345	ripple_TLL29-30	93	220888
110.4445	0.0245	fr_TLL9-10	34	220889
110.4645	0.403	ripple_TLL1-2	74	220929
110.4805	0.128	ripple_TLL31-32	96	220961
110.4865	0.1385	ripple_TLL21-22	86	220973
110.491	0.064	ripple_TLL18-19	82	220982
110.498	0.1205	ripple_TBAL2-3	69	220996
110.4995	0.057	ripple_TLL6-7	99	220999
110.5055	0.3965	ripple_TLL30-31	95	221011
110.5075	0.1235	ripple_TLL29-30	93	221015
110.5255	0.1165	ripple_TBAL3-4	70	221051
110.5275	0.0775	ripple_TLL27-28	91	221055
110.5285	0.043	ripple_TLL26-27	90	221057
110.5365	0.0375	ripple_TLL4-5	97	221073
110.5545	0.015	fr_TLL22-23	20	221109
110.5575	0.414	ripple_TLL20-21	85	221115
110.563	0.0545	ripple_TLL2-3	84	221126
110.5695	0.036	ripple_TLL5-6	98	221139
110.5715	0.067	ripple_TLL3-4	94	221143
110.583	0.2465	ripple_TLL28-29	92	221166
110.584	0.2195	ripple_TLL9-10	101	221168
110.624	0.093	ripple_TLL18-19	82	221248
110.6435	0.0325	ripple_TBPL3-4	73	221287
110.6605	0.07	ripple_TBAL2-3	69	221321
110.6625	0.0635	ripple_TBPL1-2	71	221325
110.664	0.116	ripple_TLL15-16	80	221328
110.6855	0.199	ripple_TLL29-30	93	221371
110.689	0.445	ripple_TLL31-32	96	221378
110.6925	0.04	ripple_TBAL3-4	70	221385
110.7355	0.1185	ripple_TLL10-11	75	221471
110.7375	0.042	ripple_TLL18-19	82	221475
110.7395	0.018	fr_TLL26-27	23	221479
110.752	0.268	ripple_TLL13-14	78	221504
110.7705	0.0675	ripple_TLL17-18	81	221541
110.7795	0.1395	ripple_TBPL2-3	72	221559
110.81	0.2345	ripple_TLL14-15	79	221620
110.8225	0.1005	ripple_TBPL1-2	71	221645
110.841	0.065	ripple_TLL7-8	100	221682
110.843	0.122	ripple_TLL18-19	82	221686
110.8515	0.0455	ripple_TLL27-28	91	221703
110.908	0.0995	ripple_TLL28-29	92	221816
110.921	0.0605	ripple_TLL9-10	101	221842
110.923	0.172	ripple_TLL19-20	83	221846
110.927	0.0555	ripple_TLL6-7	99	221854
110.9295	0.063	ripple_TLL7-8	100	221859
110.938	0.0705	ripple_TLL27-28	91	221876
110.939	0.0565	ripple_TLL2-3	84	221878
110.9475	0.1095	ripple_TLL1-2	74	221895
110.9525	0.057	ripple_TLL26-27	90	221905
110.9645	0.0185	fr_TLL22-23	20	221929
110.9655	0.025	fr_TLL23-24	21	221931
110.9695	0.038	ripple_TLL15-16	80	221939
111.0235	0.036	ripple_TBPL1-2	71	222047
111.0285	0.0525	ripple_TLL6-7	99	222057
111.0365	0.1225	ripple_TLL26-27	90	222073
111.038	0.0725	ripple_TLL2-3	84	222076
111.0385	0.0385	ripple_TLL27-28	91	222077
111.0435	0.056	ripple_TLL18-19	82	222087
111.046	0.036	ripple_TLL7-8	100	222092
111.0475	0.0955	ripple_TLL30-31	95	222095
111.0575	0.04	ripple_TBPL2-3	72	222115
111.0895	0.054	ripple_TBPL1-2	71	222179
111.112	0.038	ripple_TLL1-2	74	222224
111.1455	0.0495	ripple_TLL2-3	84	222291
111.146	0.0565	ripple_TLL7-8	100	222292
111.155	0.0745	ripple_TBAL3-4	70	222310
111.165	0.081	ripple_TLL21-22	86	222330
111.166	0.0705	ripple_TLL19-20	83	222332
111.1725	0.068	ripple_TLL15-16	80	222345
111.1785	0.192	ripple_TLL14-15	79	222357
111.18	0.029	ripple_TBPL1-2	71	222360
111.186	0.129	ripple_TLL29-30	93	222372
111.189	0.059	ripple_TLL5-6	98	222378
111.2	0.096	ripple_TLL31-32	96	222400
111.2065	0.0325	ripple_TLL6-7	99	222413
111.2085	0.046	ripple_TBPL3-4	73	222417
111.227	0.0525	ripple_TLL20-21	85	222454
111.2395	0.097	ripple_TLL30-31	95	222479
111.2635	0.0425	ripple_TLL4-5	97	222527
111.265	0.0525	ripple_TLL19-20	83	222530
111.272	0.0385	ripple_TBPL2-3	72	222544
111.2765	0.1545	ripple_TLL1-2	74	222553
111.278	0.2515	ripple_TBPL1-2	71	222556
111.2795	0.071	ripple_TLL3-4	94	222559
111.288	0.032	ripple_TLL28-29	92	222576
111.29	0.0555	ripple_TLL13-14	78	222580
111.2985	0.091	ripple_TLL5-6	98	222597
111.3015	0.0475	ripple_TLL18-19	82	222603
111.3165	0.106	ripple_TLL7-8	100	222633
111.328	0.1365	ripple_TLL21-22	86	222656
111.3385	0.0385	ripple_TLL29-30	93	222677
111.3405	0.195	ripple_TLL15-16	80	222681
111.351	0.0865	ripple_TLL2-3	84	222702
111.3655	0.0705	ripple_TBPL2-3	72	222731
111.37	0.07	ripple_TLL12-13	77	222740
111.3715	0.069	ripple_TLL23-24	88	222743
111.3725	0.036	ripple_TLL6-7	99	222745
111.3735	0.035	ripple_TLL3-4	94	222747
111.375	0.0495	ripple_TLL26-27	90	222750
111.38	0.206	ripple_TLL19-20	83	222760
111.388	0.1295	ripple_TLL30-31	95	222776
111.39	0.045	ripple_TLL20-21	85	222780
111.3905	0.6945	ripple_TLL28-29	92	222781
111.394	0.0745	ripple_TLL14-15	79	222788
111.419	0.0345	ripple_TLL4-5	97	222838
111.427	0.0375	ripple_TLL10-11	75	222854
111.4405	0.049	ripple_TLL17-18	81	222881
111.457	0.038	ripple_TLL27-28	91	222914
111.4575	0.0475	ripple_TLL31-32	96	222915
111.461	0.0415	ripple_TLL26-27	90	222922
111.4745	0.04	ripple_TLL4-5	97	222949
111.4755	0.038	ripple_TLL11-12	76	222951
111.482	0.035	ripple_TBPL3-4	73	222964
111.484	0.114	ripple_TLL2-3	84	222968
111.4875	0.1005	ripple_TLL3-4	94	222975
111.489	0.0825	ripple_TLL18-19	82	222978
111.491	0.043	ripple_TLL14-15	79	222982
111.512	0.176	ripple_TLL20-21	85	223024
111.5135	0.04	ripple_TLL9-10	101	223027
111.514	0.0855	ripple_TBPL2-3	72	223028
111.5315	0.043	ripple_TLL5-6	98	223063
111.532	0.0455	ripple_TLL21-22	86	223064
111.538	0.0785	ripple_TLL31-32	96	223076
111.5555	0.0955	ripple_TLL17-18	81	223111
111.558	0.052	ripple_TLL12-13	77	223116
111.563	0.0405	ripple_TBPL1-2	71	223126
111.5745	0.0355	ripple_TLL11-12	76	223149
111.592	0.216	ripple_TLL18-19	82	223184
111.5985	0.06	ripple_TLL25-26	89	223197
111.6095	0.0415	ripple_TLL6-7	99	223219
111.6105	0.2345	ripple_TLL30-31	95	223221
111.613	0.0315	ripple_TLL3-4	94	223226
111.6175	0.0665	ripple_TLL19-20	83	223235
111.624	0.063	ripple_TLL13-14	78	223248
111.655	0.0525	ripple_TLL7-8	100	223310
111.6735	0.041	ripple_TBAL1-2	68	223347
111.675	0.1255	ripple_TLL31-32	96	223350
111.688	0.0335	ripple_TLL15-16	80	223376
111.6945	0.0605	ripple_TLL14-15	79	223389
111.696	0.0135	fr_TLL29-30	26	223392
111.7015	0.0615	ripple_TBPL2-3	72	223403
111.7145	0.124	ripple_TLL2-3	84	223429
111.7155	0.1225	ripple_TLL6-7	99	223431
111.7185	0.075	ripple_TLL9-10	101	223437
111.7265	0.1855	ripple_TLL11-12	76	223453
111.759	0.0775	ripple_TLL19-20	83	223518
111.774	0.1105	ripple_TBPL1-2	71	223548
111.783	0.0585	ripple_TLL20-21	85	223566
111.787	0.105	ripple_TLL1-2	74	223574
111.7985	0.0735	ripple_TLL7-8	100	223597
111.803	0.043	ripple_TLL5-6	98	223606
111.805	0.114	ripple_TLL13-14	78	223610
111.821	0.042	ripple_TLL27-28	91	223642
111.823	0.061	ripple_TLL31-32	96	223646
111.826	0.0745	ripple_TLL21-22	86	223652
111.8265	0.1465	ripple_TLL4-5	97	223653
111.8305	0.183	ripple_TLL9-10	101	223661
111.8355	0.1055	ripple_TLL15-16	80	223671
111.8665	0.088	ripple_TLL14-15	79	223733
111.8745	0.037	ripple_TLL18-19	82	223749
111.875	0.2875	ripple_TLL19-20	83	223750
111.8865	0.0455	ripple_TLL10-11	75	223773
111.892	0.0635	ripple_TBPL2-3	72	223784
111.898	0.05	ripple_TLL26-27	90	223796
111.906	0.122	ripple_TLL20-21	85	223812
111.915	0.126	ripple_TLL2-3	84	223830
111.937	0.037	ripple_TLL3-4	94	223874
111.951	0.04	ripple_TLL21-22	86	223902
111.9555	0.04	ripple_TLL7-8	100	223911
111.956	0.057	ripple_TLL6-7	99	223912
111.956	0.2315	ripple_TLL30-31	95	223912
111.965	0.0495	ripple_TLL15-16	80	223930
111.9945	0.115	ripple_TLL14-15	79	223989
112.0	0.0745	ripple_TLL3-4	94	224000
112.0005	0.2645	ripple_TBPL1-2	71	224001
112.002	0.1025	ripple_TLL13-14	78	224004
112.0225	0.1155	ripple_TLL4-5	97	224045
112.034	0.0525	ripple_TLL11-12	76	224068
112.041	0.071	ripple_TLL18-19	82	224082
112.045	0.042	ripple_TLL6-7	99	224090
112.0475	0.042	ripple_TLL12-13	77	224095
112.049	0.0995	ripple_TLL21-22	86	224098
112.052	0.0605	ripple_TLL15-16	80	224104
112.0645	0.053	ripple_TLL17-18	81	224129
112.0905	0.1255	ripple_TLL29-30	93	224181
112.093	0.1785	ripple_TLL1-2	74	224186
112.1065	0.0375	ripple_TLL5-6	98	224213
112.123	0.0505	ripple_TLL9-10	101	224246
112.136	0.0565	ripple_TLL28-29	92	224272
112.1445	0.1025	ripple_TLL13-14	78	224289
112.1445	0.22	ripple_TLL14-15	79	224289
112.1475	0.127	ripple_TLL20-21	85	224295
112.1875	0.051	ripple_TLL19-20	83	224375
112.2035	0.048	ripple_TLL15-16	80	224407
112.211	0.11	ripple_TLL3-4	94	224422
112.2145	0.0455	ripple_TLL4-5	97	224429
112.22	0.033	ripple_TLL18-19	82	224440
112.23	0.0995	ripple_TLL26-27	90	224460
112.231	0.1295	ripple_TLL27-28	91	224462
112.232	0.063	ripple_TLL9-10	101	224464
112.236	0.071	ripple_TLL28-29	92	224472
112.246	0.06	ripple_TLL29-30	93	224492
112.263	0.076	ripple_TBPL2-3	72	224526
112.2985	0.245	ripple_TLL5-6	98	224597
112.3	0.279	ripple_TLL21-22	86	224600
112.3105	0.062	ripple_TLL7-8	100	224621
112.3145	0.054	ripple_TLL19-20	83	224629
112.317	0.1535	ripple_TLL30-31	95	224634
112.3175	0.0375	ripple_TLL15-16	80	224635
112.3205	0.1925	ripple_TLL1-2	74	224641
112.3285	0.114	ripple_TLL28-29	92	224657
112.3345	0.255	ripple_TLL29-30	93	224669
112.3465	0.0755	ripple_TLL4-5	97	224693
112.3475	0.1135	ripple_TLL2-3	84	224695
112.351	0.089	ripple_TLL13-14	78	224702
112.384	0.2415	ripple_TLL31-32	96	224768
112.39	0.0945	ripple_TLL23-24	88	224780
112.3925	0.0465	ripple_TLL26-27	90	224785
112.394	0.0585	ripple_TLL15-16	80	224788
112.403	0.0505	ripple_TLL9-10	101	224806
112.4425	0.051	ripple_TLL6-7	99	224885
112.4425	0.117	ripple_TLL11-12	76	224885
112.4445	0.1	ripple_TLL10-11	75	224889
112.459	0.0585	ripple_TLL14-15	79	224918
112.463	0.0555	ripple_TLL7-8	100	224926
112.473	0.063	ripple_TLL4-5	97	224946
112.4815	0.0815	ripple_TLL12-13	77	224963
112.4845	0.2295	ripple_TBPL1-2	71	224969
112.485	0.1325	ripple_TLL18-19	82	224970
112.502	0.0705	ripple_TLL15-16	80	225004
112.504	0.0355	ripple_TLL28-29	92	225008
112.5125	0.2175	ripple_TLL23-24	88	225025
112.543	0.164	ripple_TLL7-8	100	225086
112.5685	0.0655	ripple_TLL9-10	101	225137
112.5685	0.0655	fr_TLL9-10	34	225137
112.5685	0.0655	frandr_TLL9-10	67	225137
112.58	0.045	ripple_TBPL2-3	72	225160
112.5875	0.037	ripple_TLL25-26	89	225175
112.596	0.0515	ripple_TLL14-15	79	225192
112.596	0.08	ripple_TLL28-29	92	225192
112.596	0.087	ripple_TLL27-28	91	225192
112.6095	0.0515	ripple_TLL22-23	87	225219
112.6175	0.056	ripple_TLL20-21	85	225235
112.626	0.08	ripple_TLL6-7	99	225252
112.6285	0.051	ripple_TLL3-4	94	225257
112.6305	0.0185	fr_TBAL3-4	3	225261
112.6315	0.0465	ripple_TLL21-22	86	225263
112.635	0.162	ripple_TLL2-3	84	225270
112.643	0.098	ripple_TLL18-19	82	225286
112.6495	0.129	ripple_TLL31-32	96	225299
112.6605	0.164	ripple_TLL15-16	80	225321
112.6725	0.0385	ripple_TLL17-18	81	225345
112.685	0.181	ripple_TBPL2-3	72	225370
112.695	0.1515	ripple_TLL20-21	85	225390
112.698	0.043	ripple_TLL22-23	87	225396
112.732	0.0535	ripple_TLL9-10	101	225464
112.7325	0.0955	ripple_TLL6-7	99	225465
112.7395	0.087	ripple_TLL7-8	100	225479
112.743	0.056	ripple_TLL1-2	74	225486
112.746	0.0855	ripple_TLL19-20	83	225492
112.75	0.048	ripple_TLL12-13	77	225500
112.7595	0.129	ripple_TLL5-6	98	225519
112.7685	0.041	ripple_TLL18-19	82	225537
112.7795	0.057	ripple_TLL22-23	87	225559
112.7885	0.1115	ripple_TLL21-22	86	225577
112.789	0.2085	ripple_TBPL1-2	71	225578
112.803	0.045	ripple_TLL11-12	76	225606
112.804	0.034	ripple_TLL23-24	88	225608
112.836	0.0415	ripple_TLL1-2	74	225672
112.8395	0.1395	ripple_TLL18-19	82	225679
112.8395	0.1575	ripple_TLL2-3	84	225679
112.8495	0.048	ripple_TLL4-5	97	225699
112.866	0.0665	ripple_TLL7-8	100	225732
112.885	0.0315	ripple_TLL30-31	95	225770
112.903	0.0915	ripple_TBPL2-3	72	225806
112.906	0.202	ripple_TLL15-16	80	225812
112.911	0.0385	ripple_TLL14-15	79	225822
112.9125	0.0585	ripple_TLL11-12	76	225825
112.915	0.1035	ripple_TLL31-32	96	225830
112.932	0.127	ripple_TLL29-30	93	225864
112.9335	0.0555	ripple_TLL9-10	101	225867
112.985	0.0525	ripple_TLL30-31	95	225970
112.988	0.0325	ripple_TLL20-21	85	225976
112.9985	0.0475	ripple_TLL28-29	92	225997
113.004	0.103	ripple_TLL22-23	87	226008
113.005	0.1025	ripple_TLL23-24	88	226010
113.045	0.0975	ripple_TLL19-20	83	226090
113.0495	0.0635	ripple_TLL20-21	85	226099
113.0625	0.0305	ripple_TLL1-2	74	226125
113.0635	0.035	ripple_TLL7-8	100	226127
113.067	0.038	ripple_TLL14-15	79	226134
113.0705	0.069	ripple_TLL31-32	96	226141
113.0995	0.0925	ripple_TLL28-29	92	226199
113.1045	0.038	ripple_TLL30-31	95	226209
113.107	0.1235	ripple_TLL6-7	99	226214
113.108	0.0735	ripple_TLL29-30	93	226216
113.1185	0.086	ripple_TBPL2-3	72	226237
113.1325	0.0535	ripple_TLL2-3	84	226265
113.1405	0.072	ripple_TLL23-24	88	226281
113.1465	0.039	ripple_TLL22-23	87	226293
113.1545	0.3055	ripple_TLL20-21	85	226309
113.175	0.174	ripple_TLL19-20	83	226350
113.19	0.0355	ripple_TLL7-8	100	226380
113.201	0.169	ripple_TLL31-32	96	226402
113.207	0.082	ripple_TLL14-15	79	226414
113.215	0.068	ripple_TLL27-28	91	226430
113.2235	0.0795	ripple_TLL29-30	93	226447
113.2245	0.0345	ripple_TLL18-19	82	226449
113.2765	0.0985	ripple_TLL7-8	100	226553
113.28	0.034	ripple_TLL13-14	78	226560
113.2805	0.0415	ripple_TLL30-31	95	226561
113.2895	0.1475	ripple_TLL23-24	88	226579
113.3095	0.0655	ripple_TLL21-22	86	226619
113.322	0.0375	ripple_TLL1-2	74	226644
113.3265	0.0995	ripple_TLL18-19	82	226653
113.3415	0.117	ripple_TLL28-29	92	226683
113.3505	0.0995	ripple_TLL30-31	95	226701
113.388	0.168	ripple_TLL19-20	83	226776
113.3935	0.1225	ripple_TLL2-3	84	226787
113.396	0.1275	ripple_TLL1-2	74	226792
113.401	0.0375	ripple_TLL9-10	101	226802
113.4205	0.0455	ripple_TLL21-22	86	226841
113.4315	0.045	ripple_TLL14-15	79	226863
113.4345	0.0965	ripple_TLL12-13	77	226869
113.437	0.092	ripple_TLL15-16	80	226874
113.4855	0.0655	ripple_TLL27-28	91	226971
113.488	0.0465	ripple_TLL11-12	76	226976
113.4885	0.0645	ripple_TLL28-29	92	226977
113.5225	0.0405	ripple_TLL21-22	86	227045
113.557	0.038	ripple_TLL5-6	98	227114
113.5635	0.067	ripple_TBAL1-2	68	227127
113.6175	0.055	ripple_TLL13-14	78	227235
113.619	0.119	ripple_TLL20-21	85	227238
113.633	0.078	ripple_TLL7-8	100	227266
113.644	0.0405	ripple_TLL2-3	84	227288
113.6455	0.0715	ripple_TLL1-2	74	227291
113.651	0.077	ripple_TBPL1-2	71	227302
113.6515	0.085	ripple_TLL21-22	86	227303
113.691	0.0565	ripple_TBPL2-3	72	227382
113.6965	0.073	ripple_TLL28-29	92	227393
113.6965	0.158	ripple_TLL22-23	87	227393
113.7025	0.1495	ripple_TLL15-16	80	227405
113.7035	0.125	ripple_TLL14-15	79	227407
113.752	0.038	ripple_TLL27-28	91	227504
113.753	0.0445	ripple_TLL26-27	90	227506
113.76	0.377	ripple_TLL29-30	93	227520
113.7675	0.1285	ripple_TBPL2-3	72	227535
113.771	0.2605	ripple_TLL30-31	95	227542
113.7805	0.055	ripple_TLL21-22	86	227561
113.7835	0.0615	ripple_TLL20-21	85	227567
113.8095	0.151	ripple_TLL23-24	88	227619
113.8325	0.1445	ripple_TBPL1-2	71	227665
113.85	0.0605	ripple_TLL19-20	83	227700
113.8515	0.062	ripple_TLL1-2	74	227703
113.86	0.084	ripple_TLL14-15	79	227720
113.8935	0.05	ripple_TLL27-28	91	227787
113.8955	0.0455	ripple_TLL15-16	80	227791
113.897	0.037	ripple_TLL26-27	90	227794
113.9245	0.0695	ripple_TLL20-21	85	227849
113.9255	0.043	ripple_TLL7-8	100	227851
113.939	0.0365	ripple_TLL19-20	83	227878
113.951	0.086	ripple_TLL31-32	96	227902
113.9605	0.055	ripple_TLL21-22	86	227921
113.9885	0.027	ripple_TBPL2-3	72	227977
113.998	0.041	ripple_TBPL1-2	71	227996
114.0065	0.1195	ripple_TLL23-24	88	228013
114.008	0.037	ripple_TLL22-23	87	228016
114.0245	0.034	ripple_TLL15-16	80	228049
114.027	0.031	ripple_TLL14-15	79	228054
114.0375	0.031	ripple_TLL21-22	86	228075
114.06	0.0425	ripple_TLL1-2	74	228120
114.065	0.058	ripple_TBPL2-3	72	228130
114.068	0.0475	ripple_TLL22-23	87	228136
114.0845	0.0765	ripple_TLL18-19	82	228169
114.0935	0.089	ripple_TLL15-16	80	228187
114.098	0.0565	ripple_TLL19-20	83	228196
114.1155	0.0655	ripple_TLL14-15	79	228231
114.1325	0.161	ripple_TLL31-32	96	228265
114.1535	0.043	ripple_TLL4-5	97	228307
114.1635	0.042	ripple_TLL2-3	84	228327
114.1725	0.087	ripple_TLL1-2	74	228345
114.2115	0.064	ripple_TLL18-19	82	228423
114.2145	0.0375	ripple_TLL6-7	99	228429
114.219	0.2075	ripple_TLL21-22	86	228438
114.22	0.0365	ripple_TBPL2-3	72	228440
114.2215	0.0355	ripple_TLL3-4	94	228443
114.2285	0.0445	ripple_TBPL1-2	71	228457
114.2355	0.061	ripple_TLL23-24	88	228471
114.237	0.066	ripple_TLL22-23	87	228474
114.2495	0.07	ripple_TLL2-3	84	228499
114.2515	0.0625	ripple_TLL19-20	83	228503
114.2555	0.0495	ripple_TLL15-16	80	228511
114.279	0.081	ripple_TLL6-7	99	228558
114.286	0.1395	ripple_TLL14-15	79	228572
114.2945	0.0275	ripple_TBPL1-2	71	228589
114.306	0.0955	ripple_TLL1-2	74	228612
114.3235	0.0585	ripple_TLL30-31	95	228647
114.3245	0.1045	ripple_TLL13-14	78	228649
114.326	0.0765	ripple_TLL15-16	80	228652
114.3265	0.1345	ripple_TLL23-24	88	228653
114.3395	0.113	ripple_TLL18-19	82	228679
114.3455	0.1145	ripple_TBPL1-2	71	228691
114.347	0.083	ripple_TBPL2-3	72	228694
114.378	0.052	ripple_TLL20-21	85	228756
114.386	0.0735	ripple_TLL22-23	87	228772
114.4435	0.0465	ripple_TLL28-29	92	228887
114.4485	0.07	ripple_TLL21-22	86	228897
114.4505	0.0735	ripple_TLL27-28	91	228901
114.451	0.081	ripple_TLL20-21	85	228902
114.4595	0.1065	ripple_TLL31-32	96	228919
114.463	0.1055	ripple_TLL1-2	74	228926
114.475	0.0625	ripple_TLL7-8	100	228950
114.476	0.088	ripple_TLL2-3	84	228952
114.4765	0.1125	ripple_TLL18-19	82	228953
114.4785	0.139	ripple_TLL29-30	93	228957
114.502	0.0875	ripple_TLL19-20	83	229004
114.5065	0.0715	ripple_TBPL2-3	72	229013
114.5435	0.0375	ripple_TLL3-4	94	229087
114.562	0.0245	ripple_TLL7-8	100	229124
114.571	0.0535	ripple_TLL20-21	85	229142
114.573	0.3375	ripple_TBPL1-2	71	229146
114.586	0.0495	ripple_TLL26-27	90	229172
114.5915	0.1075	ripple_TLL30-31	95	229183
114.6045	0.0705	ripple_TLL27-28	91	229209
114.609	0.0465	ripple_TLL28-29	92	229218
114.6175	0.031	ripple_TLL3-4	94	229235
114.6315	0.0805	ripple_TLL1-2	74	229263
114.632	0.07	ripple_TBPL2-3	72	229264
114.6405	0.1865	ripple_TLL21-22	86	229281
114.652	0.045	ripple_TLL15-16	80	229304
114.6545	0.09	ripple_TLL14-15	79	229309
114.666	0.084	ripple_TLL13-14	78	229332
114.7115	0.233	ripple_TLL19-20	83	229423
114.7225	0.113	ripple_TBPL2-3	72	229445
114.731	0.116	ripple_TLL22-23	87	229462
114.746	0.0765	ripple_TLL10-11	75	229492
114.774	0.056	ripple_TLL9-10	101	229548
114.7755	0.038	ripple_TLL12-13	77	229551
114.7805	0.0455	ripple_TLL2-3	84	229561
114.782	0.034	ripple_TLL23-24	88	229564
114.784	0.0405	ripple_TLL7-8	100	229568
114.791	0.066	ripple_TLL1-2	74	229582
114.821	0.05	ripple_TLL13-14	78	229642
114.824	0.058	ripple_TLL14-15	79	229648
114.829	0.0925	ripple_TLL31-32	96	229658
114.8295	0.0575	ripple_TLL15-16	80	229659
114.859	0.0605	ripple_TBPL3-4	73	229718
114.862	0.048	ripple_TLL4-5	97	229724
114.911	0.045	ripple_TLL5-6	98	229822
114.9265	0.0575	ripple_TLL29-30	93	229853
114.9275	0.0315	ripple_TLL2-3	84	229855
114.93	0.037	ripple_TLL1-2	74	229860
114.945	0.175	ripple_TBPL2-3	72	229890
114.9525	0.1525	ripple_TLL30-31	95	229905
114.9655	0.047	ripple_TLL7-8	100	229931
114.9705	0.036	ripple_TLL20-21	85	229941
114.9735	0.068	ripple_TLL3-4	94	229947
114.9775	0.0555	ripple_TLL22-23	87	229955
114.979	0.0545	ripple_TLL2-3	84	229958
114.9825	0.0635	ripple_TLL21-22	86	229965
114.987	0.1015	ripple_TLL31-32	96	229974
115.0055	0.197	ripple_TLL6-7	99	230011
115.0075	0.181	ripple_TLL1-2	74	230015
115.016	0.048	ripple_TLL19-20	83	230032
115.017	0.047	ripple_TLL15-16	80	230034
115.022	0.0565	ripple_TLL29-30	93	230044
115.0485	0.0395	ripple_TLL14-15	79	230097
115.0535	0.04	ripple_TLL10-11	75	230107
115.0535	0.0515	ripple_TLL18-19	82	230107
115.075	0.092	ripple_TLL2-3	84	230150
115.0815	0.059	ripple_TLL20-21	85	230163
115.1065	0.059	ripple_TLL5-6	98	230213
115.1145	0.0585	ripple_TLL29-30	93	230229
115.116	0.083	ripple_TLL15-16	80	230232
115.127	0.1415	ripple_TLL30-31	95	230254
115.1445	0.0895	ripple_TLL23-24	88	230289
115.148	0.04	ripple_TLL14-15	79	230296
115.161	0.071	ripple_TLL7-8	100	230322
115.1645	0.098	ripple_TLL21-22	86	230329
115.181	0.0505	ripple_TLL18-19	82	230362
115.1925	0.0375	ripple_TLL5-6	98	230385
115.1965	0.192	ripple_TBPL1-2	71	230393
115.2215	0.0635	ripple_TLL15-16	80	230443
115.222	0.121	ripple_TBPL2-3	72	230444
115.2305	0.042	ripple_TLL3-4	94	230461
115.2335	0.054	ripple_TLL31-32	96	230467
115.24	0.0335	ripple_TLL19-20	83	230480
115.241	0.0335	ripple_TLL29-30	93	230482
115.2935	0.0335	ripple_TLL14-15	79	230587
115.298	0.054	ripple_TLL19-20	83	230596
115.3075	0.0505	ripple_TLL3-4	94	230615
115.3075	0.1065	ripple_TLL2-3	84	230615
115.3075	0.1155	ripple_TLL20-21	85	230615
115.3115	0.0465	ripple_TLL21-22	86	230623
115.326	0.0465	ripple_TLL31-32	96	230652
115.33	0.053	ripple_TLL1-2	74	230660
115.331	0.088	ripple_TLL30-31	95	230662
115.3595	0.0345	ripple_TLL6-7	99	230719
115.3845	0.0535	ripple_TLL21-22	86	230769
115.413	0.0485	ripple_TLL5-6	98	230826
115.4345	0.0325	ripple_TLL3-4	94	230869
115.456	0.0815	ripple_TLL22-23	87	230912
115.456	0.1755	ripple_TLL20-21	85	230912
115.4575	0.051	ripple_TLL2-3	84	230915
115.484	0.069	ripple_TLL19-20	83	230968
115.4925	0.045	ripple_TBPL3-4	73	230985
115.493	0.0465	ripple_TLL7-8	100	230986
115.4955	0.029	ripple_TLL31-32	96	230991
115.4955	0.067	ripple_TBPL1-2	71	230991
115.498	0.0475	ripple_TLL6-7	99	230996
115.5235	0.1525	ripple_TLL30-31	95	231047
115.541	0.131	ripple_TLL29-30	93	231082
115.558	0.085	ripple_TBPL2-3	72	231116
115.564	0.1445	ripple_TLL21-22	86	231128
115.5875	0.0355	ripple_TLL23-24	88	231175
115.588	0.175	ripple_TLL22-23	87	231176
115.603	0.0405	ripple_TLL10-11	75	231206
115.603	0.1235	ripple_TLL11-12	76	231206
115.617	0.0355	ripple_TLL1-2	74	231234
115.6305	0.1035	ripple_TLL6-7	99	231261
115.638	0.263	ripple_TLL31-32	96	231276
115.6425	0.051	ripple_TBPL1-2	71	231285
115.645	0.0885	ripple_TLL18-19	82	231290
115.646	0.1105	ripple_TLL19-20	83	231292
115.6575	0.13	ripple_TLL23-24	88	231315
115.678	0.03	ripple_TBPL2-3	72	231356
115.6925	0.219	ripple_TLL29-30	93	231385
115.7125	0.044	ripple_TLL2-3	84	231425
115.7495	0.0715	ripple_TLL21-22	86	231499
115.7655	0.034	ripple_TBPL1-2	71	231531
115.768	0.122	ripple_TLL30-31	95	231536
115.771	0.0445	ripple_TLL18-19	82	231542
115.79	0.1815	ripple_TLL1-2	74	231580
115.7905	0.0515	ripple_TLL2-3	84	231581
115.7925	0.0405	ripple_TLL7-8	100	231585
115.796	0.036	ripple_TLL3-4	94	231592
115.82	0.079	ripple_TLL27-28	91	231640
115.8325	0.0785	ripple_TBPL2-3	72	231665
115.8355	0.038	ripple_TLL15-16	80	231671
115.836	0.0865	ripple_TLL28-29	92	231672
115.8525	0.073	ripple_TLL22-23	87	231705
115.8535	0.0675	ripple_TLL23-24	88	231707
115.8585	0.0385	ripple_TLL26-27	90	231717
115.86	0.0585	ripple_TBPL1-2	71	231720
115.8785	0.0365	ripple_TLL6-7	99	231757
115.9105	0.052	ripple_TLL30-31	95	231821
115.937	0.153	ripple_TLL18-19	82	231874
115.949	0.0315	ripple_TLL28-29	92	231898
115.9605	0.1715	ripple_TBPL2-3	72	231921
115.971	0.0835	ripple_TLL31-32	96	231942
115.9775	0.043	ripple_TLL6-7	99	231955
115.9795	0.061	ripple_TLL2-3	84	231959
115.982	0.0895	ripple_TLL22-23	87	231964
115.993	0.05	ripple_TLL19-20	83	231986
116.002	0.037	ripple_TLL28-29	92	232004
116.0195	0.0435	ripple_TLL27-28	91	232039
116.024	0.0825	ripple_TLL1-2	74	232048
116.0265	0.189	ripple_TLL29-30	93	232053
116.065	0.064	ripple_TLL15-16	80	232130
116.074	0.043	ripple_TLL6-7	99	232148
116.0785	0.058	ripple_TLL14-15	79	232157
116.0835	0.114	ripple_TLL31-32	96	232167
116.0865	0.227	ripple_TLL19-20	83	232173
116.101	0.1475	ripple_TLL23-24	88	232202
116.106	0.2085	ripple_TLL22-23	87	232212
116.134	0.0495	ripple_TLL7-8	100	232268
116.1615	0.1365	ripple_TLL30-31	95	232323
116.1805	0.043	ripple_TLL14-15	79	232361
116.1985	0.0485	ripple_TBPL2-3	72	232397
116.2325	0.2225	ripple_TLL20-21	85	232465
116.2405	0.131	ripple_TLL2-3	84	232481
116.253	0.145	ripple_TBPL1-2	71	232506
116.26	0.103	ripple_TLL21-22	86	232520
116.269	0.171	ripple_TLL28-29	92	232538
116.2775	0.2295	ripple_TLL1-2	74	232555
116.288	0.0955	ripple_TLL14-15	79	232576
116.2915	0.139	ripple_TLL31-32	96	232583
116.298	0.2485	ripple_TLL6-7	99	232596
116.3005	0.0575	ripple_TLL5-6	98	232601
116.3265	0.0295	ripple_TLL23-24	88	232653
116.342	0.114	ripple_TBPL2-3	72	232684
116.3465	0.2005	ripple_TLL15-16	80	232693
116.3475	0.428	ripple_TLL19-20	83	232695
116.355	0.0515	ripple_TLL7-8	100	232710
116.3945	0.0895	ripple_TLL18-19	82	232789
116.396	0.068	ripple_TLL23-24	88	232792
116.4195	0.064	ripple_TLL30-31	95	232839
116.434	0.054	ripple_TLL7-8	100	232868
116.4565	0.0415	ripple_TLL5-6	98	232913
116.484	0.0385	ripple_TLL28-29	92	232968
116.491	0.1135	ripple_TLL11-12	76	232982
116.497	0.05	ripple_TLL21-22	86	232994
116.4985	0.173	ripple_TLL20-21	85	232997
116.5215	0.039	ripple_TBPL2-3	72	233043
116.5225	0.027	ripple_TLL14-15	79	233045
116.5745	0.035	ripple_TBPL1-2	71	233149
116.575	0.0515	ripple_TLL28-29	92	233150
116.5805	0.038	ripple_TLL1-2	74	233161
116.602	0.0385	ripple_TLL5-6	98	233204
116.6035	0.0845	ripple_TLL22-23	87	233207
116.614	0.0375	ripple_TLL7-8	100	233228
116.6165	0.0745	ripple_TLL6-7	99	233233
116.6235	0.108	ripple_TLL21-22	86	233247
116.6435	0.0755	ripple_TLL10-11	75	233287
116.6585	0.051	ripple_TLL15-16	80	233317
116.6905	0.138	ripple_TLL1-2	74	233381
116.6925	0.012	fr_TLL9-10	34	233385
116.6935	0.0815	ripple_TBPL1-2	71	233387
116.711	0.0315	ripple_TLL31-32	96	233422
116.7115	0.0355	ripple_TLL5-6	98	233423
116.7565	0.075	ripple_TLL2-3	84	233513
116.7655	0.1005	ripple_TBPL3-4	73	233531
116.78	0.1595	ripple_TLL22-23	87	233560
116.7815	0.2595	ripple_TLL23-24	88	233563
116.782	0.125	ripple_TLL31-32	96	233564
116.7855	0.0455	ripple_TLL21-22	86	233571
116.7855	0.0535	ripple_TLL18-19	82	233571
116.7895	0.043	ripple_TBPL2-3	72	233579
116.807	0.0325	ripple_TLL7-8	100	233614
116.812	0.0505	ripple_TLL28-29	92	233624
116.815	0.2245	ripple_TLL19-20	83	233630
116.863	0.2345	ripple_TLL21-22	86	233726
116.865	0.0935	ripple_TLL30-31	95	233730
116.867	0.0605	ripple_TLL3-4	94	233734
116.869	0.059	ripple_TLL4-5	97	233738
116.8735	0.0475	ripple_TLL18-19	82	233747
116.892	0.065	ripple_TLL28-29	92	233784
116.899	0.072	ripple_TLL1-2	74	233798
116.9275	0.0525	ripple_TLL2-3	84	233855
116.933	0.0405	ripple_TLL27-28	91	233866
116.938	0.0655	ripple_TBPL2-3	72	233876
116.973	0.04	ripple_TLL18-19	82	233946
116.981	0.068	ripple_TLL6-7	99	233962
116.984	0.032	ripple_TLL17-18	81	233968
116.993	0.0955	ripple_TLL30-31	95	233986
116.997	0.166	ripple_TLL1-2	74	233994
117.0145	0.0355	ripple_TLL31-32	96	234029
117.0195	0.202	ripple_TLL29-30	93	234039
117.0435	0.0825	ripple_TLL14-15	79	234087
117.05	0.1545	ripple_TLL22-23	87	234100
117.052	0.046	ripple_TLL15-16	80	234104
117.0605	0.1265	ripple_TBPL1-2	71	234121
117.0665	0.116	ripple_TBPL2-3	72	234133
117.067	0.038	ripple_TLL2-3	84	234134
117.069	0.0575	ripple_TBAL1-2	68	234138
117.094	0.2305	ripple_TLL19-20	83	234188
117.0985	0.1065	ripple_TLL23-24	88	234197
117.104	0.0365	ripple_TLL27-28	91	234208
117.108	0.0315	ripple_TLL5-6	98	234216
117.1235	0.1635	ripple_TLL31-32	96	234247
117.125	0.0545	ripple_TLL28-29	92	234250
117.1275	0.0475	ripple_TLL9-10	101	234255
117.14	0.0615	ripple_TLL7-8	100	234280
117.147	0.0575	ripple_TLL21-22	86	234294
117.1665	0.037	ripple_TLL6-7	99	234333
117.2055	0.043	ripple_TLL15-16	80	234411
117.227	0.305	ripple_TLL21-22	86	234454
117.242	0.077	ripple_TBPL1-2	71	234484
117.254	0.1255	ripple_TBPL2-3	72	234508
117.2895	0.075	ripple_TLL22-23	87	234579
117.2915	0.083	ripple_TLL14-15	79	234583
117.3	0.0885	ripple_TLL15-16	80	234600
117.3005	0.0145	fr_TLL9-10	34	234601
117.328	0.039	ripple_TLL18-19	82	234656
117.329	0.0395	ripple_TLL5-6	98	234658
117.3585	0.142	ripple_TLL30-31	95	234717
117.3825	0.0855	ripple_TLL29-30	93	234765
117.391	0.037	ripple_TLL31-32	96	234782
117.397	0.063	ripple_TLL28-29	92	234794
117.4125	0.039	ripple_TLL13-14	78	234825
117.419	0.123	ripple_TLL6-7	99	234838
117.4375	0.0325	ripple_TLL18-19	82	234875
117.4445	0.0705	ripple_TBPL1-2	71	234889
117.468	0.1715	ripple_TLL31-32	96	234936
117.476	0.143	ripple_TLL1-2	74	234952
117.481	0.1755	ripple_TLL19-20	83	234962
117.4915	0.1565	ripple_TLL18-19	82	234983
117.4925	0.1345	ripple_TLL20-21	85	234985
117.498	0.142	ripple_TLL28-29	92	234996
117.5155	0.11	ripple_TBPL2-3	72	235031
117.5315	0.052	ripple_TLL13-14	78	235063
117.562	0.0825	ripple_TLL29-30	93	235124
117.5675	0.111	ripple_TLL21-22	86	235135
117.574	0.0605	ripple_TLL3-4	94	235148
117.598	0.09	ripple_TLL27-28	91	235196
117.599	0.0595	ripple_TLL30-31	95	235198
117.6015	0.085	ripple_TLL26-27	90	235203
117.6205	0.0705	ripple_TLL22-23	87	235241
117.6835	0.0445	ripple_TLL13-14	78	235367
117.698	0.0355	ripple_TLL6-7	99	235396
117.7025	0.085	ripple_TLL7-8	100	235405
117.7035	0.3055	ripple_TLL30-31	95	235407
117.7095	0.201	ripple_TLL23-24	88	235419
117.712	0.0285	ripple_TLL31-32	96	235424
117.713	0.043	ripple_TLL29-30	93	235426
117.7285	0.041	ripple_TBPL1-2	71	235457
117.7315	0.046	ripple_TLL18-19	82	235463
117.743	0.0525	ripple_TLL5-6	98	235486
117.7495	0.0475	ripple_TLL4-5	97	235499
117.753	0.0445	ripple_TLL28-29	92	235506
117.775	0.039	ripple_TLL27-28	91	235550
117.779	0.0555	ripple_TBPL2-3	72	235558
117.791	0.116	ripple_TBPL1-2	71	235582
117.811	0.095	ripple_TLL6-7	99	235622
117.8305	0.055	ripple_TLL5-6	98	235661
117.832	0.1015	ripple_TLL15-16	80	235664
117.84	0.029	ripple_TLL10-11	75	235680
117.851	0.0695	ripple_TLL19-20	83	235702
117.851	0.0695	fr_TLL19-20	16	235702
117.851	0.0695	frandr_TLL19-20	50	235702
117.872	0.073	ripple_TLL14-15	79	235744
117.8775	0.0385	ripple_TLL7-8	100	235755
117.881	0.0965	ripple_TLL29-30	93	235762
117.8815	0.0445	ripple_TLL18-19	82	235763
117.9	0.039	ripple_TLL10-11	75	235800
117.9005	0.08	ripple_TLL27-28	91	235801
117.9245	0.0545	ripple_TLL26-27	90	235849
117.925	0.011	fr_TLL31-32	29	235850
117.9275	0.055	ripple_TLL6-7	99	235855
117.9305	0.1415	ripple_TLL1-2	74	235861
117.939	0.0345	ripple_TLL31-32	96	235878
117.9495	0.0325	ripple_TLL5-6	98	235899
117.9855	0.033	ripple_TLL7-8	100	235971
117.9935	0.0385	ripple_TLL2-3	84	235987
117.9955	0.372	ripple_TLL21-22	86	235991
117.997	0.075	ripple_TLL19-20	83	235994
117.9985	0.136	ripple_TLL18-19	82	235997
118.026	0.027	ripple_TBPL2-3	72	236052
118.0285	0.226	ripple_TLL23-24	88	236057
118.0435	0.1955	ripple_TLL30-31	95	236087
118.0505	0.131	ripple_TLL20-21	85	236101
118.0545	0.0515	ripple_TLL31-32	96	236109
118.057	0.0815	ripple_TLL7-8	100	236114
118.089	0.041	ripple_TLL10-11	75	236178
118.1055	0.0365	ripple_TLL27-28	91	236211
118.1055	0.108	ripple_TBPL2-3	72	236211
118.1075	0.035	ripple_TLL26-27	90	236215
118.1155	0.1665	ripple_TLL29-30	93	236231
118.152	0.0685	ripple_TLL19-20	83	236304
118.161	0.0785	ripple_TLL13-14	78	236322
118.186	0.0435	ripple_TLL18-19	82	236372
118.187	0.052	ripple_TLL14-15	79	236374
118.207	0.081	ripple_TLL31-32	96	236414
118.2075	0.0795	ripple_TLL1-2	74	236415
118.213	0.041	ripple_TLL6-7	99	236426
118.248	0.1175	ripple_TBPL2-3	72	236496
118.2575	0.029	ripple_TLL10-11	75	236515
118.284	0.128	ripple_TLL20-21	85	236568
118.2865	0.0715	ripple_TLL14-15	79	236573
118.291	0.0385	ripple_TLL30-31	95	236582
118.308	0.04	ripple_TLL13-14	78	236616
118.3105	0.178	ripple_TLL22-23	87	236621
118.3185	0.041	ripple_TLL15-16	80	236637
118.3275	0.037	ripple_TBPL1-2	71	236655
118.35	0.056	ripple_TLL2-3	84	236700
118.367	0.0365	ripple_TLL30-31	95	236734
118.3805	0.0685	ripple_TLL1-2	74	236761
118.3845	0.048	ripple_TLL18-19	82	236769
118.4165	0.1115	ripple_TLL7-8	100	236833
118.436	0.2145	ripple_TLL20-21	85	236872
118.4395	0.1215	ripple_TLL15-16	80	236879
118.448	0.066	ripple_TLL19-20	83	236896
118.468	0.0295	ripple_TLL31-32	96	236936
118.4795	0.099	ripple_TBPL1-2	71	236959
118.488	0.073	ripple_TLL6-7	99	236976
118.4895	0.1275	ripple_TLL21-22	86	236979
118.49	0.3155	ripple_TBPL2-3	72	236980
118.5	0.039	ripple_TLL23-24	88	237000
118.501	0.108	ripple_TLL14-15	79	237002
118.5115	0.132	ripple_TLL28-29	92	237023
118.531	0.16	ripple_TLL29-30	93	237062
118.595	0.039	ripple_TLL19-20	83	237190
118.6055	0.053	ripple_TLL6-7	99	237211
118.6165	0.042	ripple_TLL7-8	100	237233
118.6185	0.1365	ripple_TLL23-24	88	237237
118.619	0.042	ripple_TLL1-2	74	237238
118.6195	0.1275	ripple_TLL22-23	87	237239
118.645	0.1125	ripple_TLL30-31	95	237290
118.669	0.1095	ripple_TLL3-4	94	237338
118.6905	0.144	ripple_TLL4-5	97	237381
118.6915	0.0635	ripple_TLL28-29	92	237383
118.718	0.04	ripple_TLL1-2	74	237436
118.745	0.051	ripple_TBAL1-2	68	237490
118.7515	0.0335	ripple_TLL9-10	101	237503
118.7545	0.1345	ripple_TLL18-19	82	237509
118.759	0.0385	ripple_TLL14-15	79	237518
118.768	0.1565	ripple_TLL6-7	99	237536
118.7905	0.1155	ripple_TLL19-20	83	237581
118.793	0.079	ripple_TLL30-31	95	237586
118.803	0.0545	ripple_TLL1-2	74	237606
118.8245	0.1055	ripple_TLL23-24	88	237649
118.828	0.079	ripple_TLL22-23	87	237656
118.8365	0.1375	ripple_TLL7-8	100	237673
118.8485	0.0595	ripple_TBPL1-2	71	237697
118.85	0.1035	ripple_TLL21-22	86	237700
118.872	0.045	ripple_TLL10-11	75	237744
118.888	0.0505	ripple_TLL27-28	91	237776
118.9435	0.0675	ripple_TLL11-12	76	237887
118.9495	0.0515	ripple_TLL28-29	92	237899
118.9515	0.0625	ripple_TLL10-11	75	237903
118.9555	0.083	ripple_TBPL1-2	71	237911
118.9615	0.09	ripple_TBPL2-3	72	237923
118.9735	0.0635	ripple_TLL15-16	80	237947
118.974	0.092	ripple_TLL1-2	74	237948
118.995	0.434	ripple_TLL21-22	86	237990
118.999	0.0395	ripple_TLL27-28	91	237998
119.046	0.0585	ripple_TLL18-19	82	238092
119.0475	0.065	ripple_TLL14-15	79	238095
119.0545	0.0565	ripple_TLL6-7	99	238109
119.0575	0.2915	ripple_TLL23-24	88	238115
119.0635	0.093	ripple_TLL31-32	96	238127
119.064	0.1855	ripple_TLL19-20	83	238128
119.0695	0.085	ripple_TLL29-30	93	238139
119.075	0.0645	ripple_TLL22-23	87	238150
119.083	0.0465	ripple_TLL20-21	85	238166
119.0875	0.1815	ripple_TLL30-31	95	238175
119.0955	0.117	ripple_TLL28-29	92	238191
119.1295	0.2	ripple_TBPL2-3	72	238259
119.169	0.104	ripple_TLL1-2	74	238338
119.1745	0.0125	fr_TBAL3-4	3	238349
119.179	0.0285	ripple_TLL13-14	78	238358
119.1955	0.0495	ripple_TLL22-23	87	238391
119.204	0.0475	ripple_TLL31-32	96	238408
119.2115	0.0505	ripple_TLL29-30	93	238423
119.2365	0.0635	ripple_TLL27-28	91	238473
119.237	0.054	ripple_TLL6-7	99	238474
119.243	0.042	ripple_TLL5-6	98	238486
119.292	0.061	ripple_TLL26-27	90	238584
119.298	0.0465	ripple_TLL15-16	80	238596
119.299	0.02	fr_TBAL2-3	2	238598
119.302	0.084	ripple_TLL18-19	82	238604
119.302	0.281	ripple_TLL31-32	96	238604
119.3135	0.037	ripple_TLL14-15	79	238627
119.3155	0.0815	ripple_TLL19-20	83	238631
119.317	0.0475	ripple_TLL1-2	74	238634
119.321	0.157	ripple_TLL6-7	99	238642
119.338	0.052	ripple_TLL29-30	93	238676
119.3465	0.067	ripple_TLL7-8	100	238693
119.3625	0.03	ripple_TLL30-31	95	238725
119.387	0.0345	ripple_TLL17-18	81	238774
119.3875	0.1305	ripple_TLL5-6	98	238775
119.397	0.0375	ripple_TLL3-4	94	238794
119.397	0.038	ripple_TBPL2-3	72	238794
119.402	0.146	ripple_TLL2-3	84	238804
119.4395	0.037	ripple_TLL14-15	79	238879
119.4455	0.0855	ripple_TLL7-8	100	238891
119.4535	0.1775	ripple_TBPL1-2	71	238907
119.472	0.057	ripple_TLL30-31	95	238944
119.4755	0.1235	ripple_TLL21-22	86	238951
119.476	0.041	ripple_TLL10-11	75	238952
119.501	0.302	ripple_TLL22-23	87	239002
119.5115	0.1045	ripple_TLL1-2	74	239023
119.5145	0.0355	ripple_TLL18-19	82	239029
119.5365	0.0465	ripple_TLL28-29	92	239073
119.5375	0.266	ripple_TLL23-24	88	239075
119.548	0.0335	ripple_TLL12-13	77	239096
119.5715	0.033	ripple_TBPL2-3	72	239143
119.5745	0.052	ripple_TLL18-19	82	239149
119.575	0.201	ripple_TLL7-8	100	239150
119.606	0.03	ripple_TLL6-7	99	239212
119.6085	0.0365	ripple_TLL2-3	84	239217
119.627	0.097	ripple_TBPL2-3	72	239254
119.6475	0.0475	ripple_TLL14-15	79	239295
119.648	0.058	ripple_TLL31-32	96	239296
119.6525	0.0795	ripple_TLL18-19	82	239305
119.72	0.0335	ripple_TLL30-31	95	239440
119.7265	0.062	ripple_TLL31-32	96	239453
119.729	0.0545	ripple_TLL1-2	74	239458
119.7375	0.0355	ripple_TLL13-14	78	239475
119.7375	0.0765	ripple_TLL20-21	85	239475
119.771	0.104	ripple_TLL14-15	79	239542
119.7815	0.037	ripple_TLL15-16	80	239563
119.8095	0.2195	ripple_TLL7-8	100	239619
119.8225	0.035	ripple_TLL3-4	94	239645
119.8295	0.0345	ripple_TLL31-32	96	239659
119.836	0.3105	ripple_TLL20-21	85	239672
119.8365	0.133	ripple_TLL21-22	86	239673
119.8525	0.041	ripple_TLL1-2	74	239705
119.853	0.0565	ripple_TLL4-5	97	239706
119.8565	0.041	ripple_TLL27-28	91	239713
119.8595	0.0485	ripple_TLL26-27	90	239719
119.8805	0.151	ripple_TLL6-7	99	239761
119.906	0.045	ripple_TLL23-24	88	239812
119.9095	0.2345	ripple_TBPL2-3	72	239819
119.928	0.0345	ripple_TLL27-28	91	239856
119.9335	0.0495	ripple_TLL29-30	93	239867
119.946	0.068	ripple_TLL30-31	95	239892
119.952	0.054	ripple_TLL4-5	97	239904
119.9805	0.054	ripple_TLL26-27	90	239961
120.0125	0.065	ripple_TLL21-22	86	240025
120.0145	0.032	ripple_TLL11-12	76	240029
120.0205	0.051	ripple_TLL28-29	92	240041
120.0275	0.039	ripple_TLL10-11	75	240055
120.0465	0.046	ripple_TLL14-15	79	240093
120.0465	0.121	ripple_TLL29-30	93	240093
120.06	0.2045	ripple_TLL31-32	96	240120
120.0635	0.0575	ripple_TLL19-20	83	240127
120.076	0.0545	ripple_TLL3-4	94	240152
120.0955	0.043	ripple_TLL5-6	98	240191
120.1125	0.0355	ripple_TLL30-31	95	240225
120.1145	0.0435	ripple_TLL7-8	100	240229
120.1295	0.1895	ripple_TLL15-16	80	240259
120.1345	0.047	ripple_TLL26-27	90	240269
120.149	0.042	ripple_TLL18-19	82	240298
120.1685	0.0365	ripple_TBPL1-2	71	240337
120.171	0.074	ripple_TLL14-15	79	240342
120.177	0.06	ripple_TLL20-21	85	240354
120.202	0.0555	ripple_TLL2-3	84	240404
120.21	0.061	ripple_TBPL2-3	72	240420
120.22	0.1035	ripple_TLL7-8	100	240440
120.223	0.1195	ripple_TLL29-30	93	240446
120.23	0.044	ripple_TLL6-7	99	240460
120.2355	0.0795	ripple_TLL11-12	76	240471
120.2485	0.1425	ripple_TLL19-20	83	240497
120.2515	0.0895	ripple_TLL30-31	95	240503
120.263	0.0495	ripple_TLL27-28	91	240526
120.2795	0.0865	ripple_TLL21-22	86	240559
120.285	0.041	ripple_TLL12-13	77	240570
120.297	0.0525	ripple_TLL26-27	90	240594
120.3045	0.0415	ripple_TLL14-15	79	240609
120.3205	0.0635	ripple_TLL31-32	96	240641
120.335	0.042	ripple_TBAL2-3	69	240670
120.3465	0.0555	ripple_TLL28-29	92	240693
120.363	0.047	ripple_TLL1-2	74	240726
120.3785	0.0675	ripple_TLL22-23	87	240757
120.389	0.08	ripple_TLL21-22	86	240778
120.39	0.101	ripple_TLL5-6	98	240780
120.4175	0.0775	ripple_TLL20-21	85	240835
120.426	0.041	ripple_TLL15-16	80	240852
120.4345	0.17	ripple_TLL18-19	82	240869
120.438	0.2595	ripple_TLL31-32	96	240876
120.454	0.0605	ripple_TLL6-7	99	240908
120.455	0.0325	ripple_TLL19-20	83	240910
120.475	0.118	ripple_TLL22-23	87	240950
120.4885	0.032	ripple_TLL27-28	91	240977
120.4925	0.032	ripple_TLL3-4	94	240985
120.4965	0.0405	ripple_TLL4-5	97	240993
120.5075	0.1875	ripple_TLL1-2	74	241015
120.5185	0.06	ripple_TLL23-24	88	241037
120.522	0.0825	ripple_TLL29-30	93	241044
120.5295	0.0315	ripple_TLL19-20	83	241059
120.5445	0.121	ripple_TLL15-16	80	241089
120.5515	0.046	ripple_TLL6-7	99	241103
120.591	0.08	ripple_TBPL2-3	72	241182
120.6325	0.269	ripple_TLL30-31	95	241265
120.6335	0.081	ripple_TLL29-30	93	241267
120.6675	0.113	ripple_TLL21-22	86	241335
120.675	0.064	ripple_TLL3-4	94	241350
120.6925	0.072	ripple_TLL15-16	80	241385
120.695	0.128	ripple_TLL20-21	85	241390
120.7215	0.0425	ripple_TLL13-14	78	241443
120.745	0.1615	ripple_TLL31-32	96	241490
120.7475	0.1275	ripple_TBPL1-2	71	241495
120.748	0.04	ripple_TLL1-2	74	241496
120.7565	0.04	ripple_TLL28-29	92	241513
120.7635	0.04	ripple_TLL29-30	93	241527
120.7825	0.075	ripple_TLL14-15	79	241565
120.81	0.1925	ripple_TLL1-2	74	241620
120.8135	0.3705	ripple_TLL22-23	87	241627
120.8255	0.092	ripple_TBPL2-3	72	241651
120.843	0.036	ripple_TLL21-22	86	241686
120.843	0.1165	ripple_TLL20-21	85	241686
120.844	0.0485	ripple_TLL19-20	83	241688
120.8475	0.117	ripple_TLL15-16	80	241695
120.852	0.1125	ripple_TLL29-30	93	241704
120.855	0.087	ripple_TLL6-7	99	241710
120.856	0.147	ripple_TLL2-3	84	241712
120.871	0.0455	ripple_TLL28-29	92	241742
120.8725	0.0885	ripple_TLL7-8	100	241745
120.915	0.1055	ripple_TLL21-22	86	241830
120.928	0.038	ripple_TLL31-32	96	241856
120.9385	0.0435	ripple_TLL14-15	79	241877
120.9755	0.0655	ripple_TBPL2-3	72	241951
120.986	0.0985	ripple_TLL15-16	80	241972
120.9915	0.116	ripple_TLL29-30	93	241983
120.9945	0.0345	ripple_TLL6-7	99	241989
120.997	0.217	ripple_TLL23-24	88	241994
121.0025	0.0475	ripple_TLL18-19	82	242005
121.0095	0.1125	ripple_TLL30-31	95	242019
121.013	0.0425	ripple_TBPL1-2	71	242026
121.0635	0.117	ripple_TLL31-32	96	242127
121.0695	0.045	ripple_TBPL2-3	72	242139
121.083	0.036	ripple_TLL21-22	86	242166
121.088	0.0895	ripple_TBPL1-2	71	242176
121.091	0.0555	ripple_TLL1-2	74	242182
121.1455	0.0485	ripple_TLL20-21	85	242291
121.1775	0.114	ripple_TLL19-20	83	242355
121.178	0.087	ripple_TLL29-30	93	242356
121.201	0.048	ripple_TLL14-15	79	242402
121.205	0.1115	ripple_TBPL2-3	72	242410
121.2095	0.059	ripple_TLL15-16	80	242419
121.227	0.078	ripple_TLL22-23	87	242454
121.2445	0.2	ripple_TLL31-32	96	242489
121.2675	0.0495	ripple_TLL18-19	82	242535
121.288	0.037	ripple_TLL9-10	101	242576
121.3	0.0395	ripple_TLL30-31	95	242600
121.3025	0.0405	ripple_TLL10-11	75	242605
121.3115	0.0505	ripple_TLL19-20	83	242623
121.314	0.056	ripple_TLL14-15	79	242628
121.3205	0.076	ripple_TLL29-30	93	242641
121.335	0.0975	ripple_TLL15-16	80	242670
121.338	0.051	ripple_TLL28-29	92	242676
121.3515	0.036	ripple_TBPL1-2	71	242703
121.368	0.1575	ripple_TLL23-24	88	242736
121.3805	0.054	ripple_TLL1-2	74	242761
121.382	0.044	ripple_TLL9-10	101	242764
121.3985	0.2415	ripple_TLL7-8	100	242797
121.4085	0.0345	ripple_TBPL2-3	72	242817
121.422	0.107	ripple_TLL22-23	87	242844
121.425	0.0865	ripple_TLL30-31	95	242850
121.431	0.0695	ripple_TLL29-30	93	242862
121.437	0.0295	ripple_TLL3-4	94	242874
121.464	0.046	ripple_TLL14-15	79	242928
121.474	0.0455	ripple_TLL15-16	80	242948
121.474	0.066	ripple_TLL27-28	91	242948
121.476	0.038	ripple_TBPL2-3	72	242952
121.49	0.0525	ripple_TLL26-27	90	242980
121.5175	0.0905	ripple_TBPL3-4	73	243035
121.5265	0.0725	ripple_TBPL1-2	71	243053
121.544	0.055	ripple_TLL20-21	85	243088
121.565	0.041	ripple_TLL23-24	88	243130
121.5805	0.034	ripple_TLL21-22	86	243161
121.5815	0.047	ripple_TLL26-27	90	243163
121.593	0.0685	ripple_TBPL2-3	72	243186
121.599	0.029	ripple_TLL14-15	79	243198
121.602	0.2045	ripple_TLL31-32	96	243204
121.6125	0.0385	ripple_TLL30-31	95	243225
121.6145	0.056	ripple_TLL29-30	93	243229
121.618	0.055	ripple_TLL11-12	76	243236
121.621	0.203	ripple_TBPL1-2	71	243242
121.648	0.098	ripple_TLL15-16	80	243296
121.65	0.0405	ripple_TLL14-15	79	243300
121.655	0.055	ripple_TLL19-20	83	243310
121.685	0.039	ripple_TLL26-27	90	243370
121.6885	0.106	ripple_TLL7-8	100	243377
121.6915	0.0405	ripple_TLL22-23	87	243383
121.6945	0.059	ripple_TLL5-6	98	243389
121.696	0.062	ripple_TLL28-29	92	243392
121.7005	0.1285	ripple_TLL29-30	93	243401
121.724	0.053	ripple_TBPL2-3	72	243448
121.7305	0.0615	ripple_TLL6-7	99	243461
121.738	0.039	ripple_TBPL3-4	73	243476
121.7475	0.0465	ripple_TLL14-15	79	243495
121.7495	0.0535	ripple_TLL10-11	75	243499
121.7725	0.0345	ripple_TLL30-31	95	243545
121.777	0.068	ripple_TLL19-20	83	243554
121.821	0.0565	ripple_TLL21-22	86	243642
121.8235	0.117	ripple_TLL20-21	85	243647
121.8265	0.0755	ripple_TLL22-23	87	243653
121.827	0.0855	ripple_TLL23-24	88	243654
121.831	0.037	ripple_TLL1-2	74	243662
121.838	0.038	ripple_TLL30-31	95	243676
121.8505	0.032	ripple_TLL29-30	93	243701
121.8545	0.1175	ripple_TBPL2-3	72	243709
121.8605	0.039	ripple_TLL11-12	76	243721
121.863	0.152	ripple_TLL15-16	80	243726
121.877	0.042	ripple_TLL7-8	100	243754
121.885	0.0305	ripple_TLL28-29	92	243770
121.9165	0.0595	ripple_TLL30-31	95	243833
121.922	0.0365	ripple_TLL22-23	87	243844
121.9395	0.058	ripple_TLL23-24	88	243879
121.94	0.0515	ripple_TLL28-29	92	243880
121.945	0.063	ripple_TLL29-30	93	243890
121.954	0.041	ripple_TBPL1-2	71	243908
121.955	0.013	fr_TBAL3-4	3	243910
121.9625	0.036	ripple_TLL27-28	91	243925
121.968	0.082	ripple_TLL19-20	83	243936
121.9775	0.0475	ripple_TLL4-5	97	243955
121.9845	0.0775	ripple_TLL6-7	99	243969
122.001	0.0855	ripple_TLL31-32	96	244002
122.007	0.038	ripple_TLL7-8	100	244014
122.019	0.06	ripple_TLL23-24	88	244038
122.0215	0.268	ripple_TLL22-23	87	244043
122.026	0.0395	ripple_TLL27-28	91	244052
122.0285	0.0345	ripple_TLL18-19	82	244057
122.0465	0.052	ripple_TBPL2-3	72	244093
122.049	0.213	ripple_TLL21-22	86	244098
122.072	0.0515	ripple_TLL3-4	94	244144
122.0725	0.337	ripple_TLL1-2	74	244145
122.0795	0.1825	ripple_TLL20-21	85	244159
122.09	0.076	ripple_TLL2-3	84	244180
122.0925	0.0435	ripple_TLL29-30	93	244185
122.108	0.053	ripple_TLL15-16	80	244216
122.113	0.0425	ripple_TLL10-11	75	244226
122.116	0.1935	ripple_TLL18-19	82	244232
122.116	0.1935	fr_TLL18-19	15	244232
122.116	0.1935	frandr_TLL18-19	49	244232
122.1185	0.0355	ripple_TLL14-15	79	244237
122.1665	0.109	ripple_TLL19-20	83	244333
122.17	0.0775	ripple_TLL7-8	100	244340
122.1835	0.0575	ripple_TLL6-7	99	244367
122.209	0.0735	ripple_TLL14-15	79	244418
122.2105	0.265	ripple_TLL23-24	88	244421
122.245	0.099	ripple_TBPL2-3	72	244490
122.2775	0.06	ripple_TLL31-32	96	244555
122.286	0.036	ripple_TLL2-3	84	244572
122.2875	0.052	ripple_TLL11-12	76	244575
122.293	0.0145	fr_TBAL3-4	3	244586
122.3055	0.0735	ripple_TLL10-11	75	244611
122.3055	0.0735	fr_TLL10-11	8	244611
122.3055	0.0735	frandr_TLL10-11	42	244611
122.317	0.1555	ripple_TLL22-23	87	244634
122.337	0.068	ripple_TLL14-15	79	244674
122.344	0.0355	ripple_TLL2-3	84	244688
122.376	0.075	ripple_TLL18-19	82	244752
122.4005	0.0345	ripple_TLL11-12	76	244801
122.405	0.013	fr_TBAL3-4	3	244810
122.4295	0.069	ripple_TLL5-6	98	244859
122.4345	0.0545	ripple_TLL29-30	93	244869
122.435	0.0905	ripple_TLL3-4	94	244870
122.4395	0.295	ripple_TLL31-32	96	244879
122.457	0.069	ripple_TLL28-29	92	244914
122.474	0.032	ripple_TLL19-20	83	244948
122.4845	0.049	ripple_TLL1-2	74	244969
122.4865	0.047	ripple_TLL30-31	95	244973
122.5125	0.0745	ripple_TLL6-7	99	245025
122.521	0.021	fr_TBAL3-4	3	245042
122.525	0.03	ripple_TLL22-23	87	245050
122.529	0.0455	ripple_TLL19-20	83	245058
122.5345	0.0395	ripple_TLL20-21	85	245069
122.5535	0.1715	ripple_TBPL1-2	71	245107
122.556	0.0525	ripple_TLL21-22	86	245112
122.562	0.027	ripple_TLL23-24	88	245124
122.583	0.065	fr_TBAL3-4	3	245166
122.6015	0.04	ripple_TLL22-23	87	245203
122.617	0.035	ripple_TLL20-21	85	245234
122.62	0.0465	ripple_TBPL3-4	73	245240
122.6285	0.0465	ripple_TLL3-4	94	245257
122.631	0.0345	ripple_TLL4-5	97	245262
122.631	0.075	ripple_TLL27-28	91	245262
122.6625	0.13	ripple_TLL1-2	74	245325
122.663	0.1615	ripple_TLL18-19	82	245326
122.696	0.0985	ripple_TLL29-30	93	245392
122.699	0.0255	ripple_TBPL2-3	72	245398
122.7035	0.108	ripple_TLL23-24	88	245407
122.707	0.0395	ripple_TLL30-31	95	245414
122.7145	0.137	fr_TBAL3-4	3	245429
122.72	0.0875	ripple_TLL28-29	92	245440
122.738	0.1335	ripple_TLL20-21	85	245476
122.7385	0.033	ripple_TLL21-22	86	245477
122.763	0.106	ripple_TLL15-16	80	245526
122.7635	0.0735	ripple_TLL7-8	100	245527
122.7675	0.043	ripple_TBPL1-2	71	245535
122.793	0.146	ripple_TLL31-32	96	245586
122.8185	0.193	ripple_TBPL2-3	72	245637
122.822	0.04	ripple_TLL29-30	93	245644
122.829	0.097	ripple_TLL28-29	92	245658
122.8315	0.037	ripple_TBPL1-2	71	245663
122.8385	0.1655	ripple_TLL14-15	79	245677
122.848	0.104	ripple_TLL22-23	87	245696
122.8495	0.1105	ripple_TLL21-22	86	245699
122.854	0.05	ripple_TLL19-20	83	245708
122.8545	0.0985	ripple_TLL23-24	88	245709
122.8745	0.042	ripple_TLL1-2	74	245749
122.8765	0.075	ripple_TLL7-8	100	245753
122.885	0.2955	ripple_TLL30-31	95	245770
122.8905	0.328	ripple_TLL29-30	93	245781
122.929	0.0555	ripple_TLL20-21	85	245858
122.9345	0.047	ripple_TLL19-20	83	245869
122.941	0.151	ripple_TBPL1-2	71	245882
122.959	0.042	ripple_TLL13-14	78	245918
122.9665	0.0915	ripple_TLL1-2	74	245933
122.9695	0.0425	ripple_TLL27-28	91	245939
122.973	0.037	ripple_TLL28-29	92	245946
122.9755	0.0435	ripple_TLL18-19	82	245951
123.0185	0.624	ripple_TLL31-32	96	246037
123.037	0.012	fr_TBAL3-4	3	246074
123.061	0.068	ripple_TLL15-16	80	246122
123.063	0.054	ripple_TLL11-12	76	246126
123.069	0.084	ripple_TLL19-20	83	246138
123.0735	0.037	ripple_TLL4-5	97	246147
123.084	0.0955	ripple_TLL6-7	99	246168
123.096	0.0905	ripple_TLL28-29	92	246192
123.099	0.0465	ripple_TLL21-22	86	246198
123.1045	0.0445	ripple_TLL20-21	85	246209
123.1045	0.0795	ripple_TLL1-2	74	246209
123.112	0.0265	ripple_TLL18-19	82	246224
123.1155	0.035	ripple_TLL14-15	79	246231
123.1235	0.021	fr_TBAL3-4	3	246247
123.148	0.0415	ripple_TBPL2-3	72	246296
123.1555	0.1245	ripple_TLL15-16	80	246311
123.187	0.0445	ripple_TLL3-4	94	246374
123.2005	0.176	ripple_TLL19-20	83	246401
123.2015	0.0595	ripple_TBPL1-2	71	246403
123.241	0.0845	ripple_TLL14-15	79	246482
123.261	0.221	ripple_TLL29-30	93	246522
123.2615	0.14	ripple_TLL21-22	86	246523
123.264	0.17	ripple_TLL18-19	82	246528
123.269	0.123	ripple_TLL20-21	85	246538
123.276	0.2085	ripple_TLL23-24	88	246552
123.293	0.048	ripple_TLL7-8	100	246586
123.2965	0.064	ripple_TBPL1-2	71	246593
123.348	0.107	ripple_TLL1-2	74	246696
123.3525	0.068	ripple_TLL2-3	84	246705
123.3595	0.0515	ripple_TLL5-6	98	246719
123.3775	0.049	ripple_TBPL3-4	73	246755
123.3855	0.044	ripple_TLL6-7	99	246771
123.3925	0.144	ripple_TLL30-31	95	246785
123.404	0.187	ripple_TLL22-23	87	246808
123.412	0.054	ripple_TBPL2-3	72	246824
123.421	0.038	ripple_TLL26-27	90	246842
123.4315	0.0505	ripple_TLL11-12	76	246863
123.4465	0.015	fr_TLL17-18	14	246893
123.464	0.074	ripple_TLL20-21	85	246928
123.464	0.104	ripple_TLL21-22	86	246928
123.4745	0.0625	ripple_TLL27-28	91	246949
123.481	0.014	fr_TBAL3-4	3	246962
123.4895	0.047	ripple_TLL26-27	90	246979
123.4895	0.047	fr_TLL26-27	23	246979
123.4895	0.047	frandr_TLL26-27	57	246979
123.5035	0.055	ripple_TLL15-16	80	247007
123.528	0.389	ripple_TLL23-24	88	247056
123.5295	0.044	ripple_TLL4-5	97	247059
123.538	0.0495	ripple_TLL19-20	83	247076
123.573	0.0885	ripple_TLL26-27	90	247146
123.5745	0.143	ripple_TLL27-28	91	247149
123.5815	0.0345	ripple_TLL10-11	75	247163
123.589	0.6195	ripple_TBPL2-3	72	247178
123.612	0.063	ripple_TLL18-19	82	247224
123.612	0.066	ripple_TLL19-20	83	247224
123.626	0.036	ripple_TLL4-5	97	247252
123.6305	0.0105	fr_TLL17-18	14	247261
123.6375	0.037	ripple_TLL1-2	74	247275
123.6625	0.0695	ripple_TLL11-12	76	247325
123.6805	0.1385	ripple_TLL31-32	96	247361
123.6855	0.0475	ripple_TLL12-13	77	247371
123.706	0.071	ripple_TLL6-7	99	247412
123.7385	0.053	ripple_TLL29-30	93	247477
123.7525	0.0665	ripple_TLL3-4	94	247505
123.762	0.177	ripple_TLL22-23	87	247524
123.7845	0.034	fr_TBAL3-4	3	247569
123.789	0.032	ripple_TLL15-16	80	247578
123.7935	0.129	ripple_TLL20-21	85	247587
123.821	0.0285	ripple_TLL14-15	79	247642
123.838	0.1415	ripple_TBPL1-2	71	247676
123.854	0.04	ripple_TLL1-2	74	247708
123.865	0.046	ripple_TLL31-32	96	247730
123.8715	0.0605	ripple_TLL2-3	84	247743
123.876	0.125	ripple_TLL19-20	83	247752
123.9085	0.018	fr_TBAL3-4	3	247817
123.9145	0.065	ripple_TLL12-13	77	247829
123.9155	0.036	ripple_TLL11-12	76	247831
123.919	0.0315	ripple_TLL14-15	79	247838
123.921	0.0415	ripple_TLL18-19	82	247842
123.9255	0.048	ripple_TLL3-4	94	247851
123.9495	0.052	ripple_TLL29-30	93	247899
123.95	0.035	ripple_TLL30-31	95	247900
123.96	0.1455	ripple_TLL6-7	99	247920
123.964	0.297	ripple_TLL20-21	85	247928
123.976	0.023	fr_TBAL3-4	3	247952
123.98	0.162	ripple_TLL31-32	96	247960
123.9885	0.212	ripple_TLL22-23	87	247977
123.9915	0.0845	ripple_TLL28-29	92	247983
124.01	0.0365	ripple_TLL7-8	100	248020
124.0225	0.0525	ripple_TLL19-20	83	248045
124.0265	0.0445	ripple_TLL18-19	82	248053
124.046	0.072	ripple_TBPL3-4	73	248092
124.047	0.04	ripple_TLL2-3	84	248094
124.053	0.074	ripple_TLL11-12	76	248106
124.0545	0.0375	ripple_TLL3-4	94	248109
124.0615	0.1285	ripple_TLL21-22	86	248123
124.0985	0.091	ripple_TLL23-24	88	248197
124.1	0.023	ripple_TBPL1-2	71	248200
124.1015	0.1445	ripple_TLL19-20	83	248203
124.1035	0.038	ripple_TLL18-19	82	248207
124.105	0.118	ripple_TLL30-31	95	248210
124.135	0.143	ripple_TLL1-2	74	248270
124.1515	0.0455	ripple_TLL29-30	93	248303
124.155	0.034	ripple_TLL15-16	80	248310
124.1805	0.0345	ripple_TLL17-18	81	248361
124.1965	0.0225	ripple_TBPL1-2	71	248393
124.2175	0.0575	ripple_TLL29-30	93	248435
124.2285	0.1465	ripple_TLL15-16	80	248457
124.23	0.076	ripple_TLL27-28	91	248460
124.231	0.061	ripple_TLL7-8	100	248462
124.2425	0.039	ripple_TLL2-3	84	248485
124.2465	0.055	ripple_TLL30-31	95	248493
124.2605	0.0195	fr_TBAL3-4	3	248521
124.2685	0.068	ripple_TLL21-22	86	248537
124.279	0.071	ripple_TLL14-15	79	248558
124.3065	0.1325	ripple_TLL19-20	83	248613
124.311	0.0425	ripple_TLL29-30	93	248622
124.32	0.048	ripple_TLL1-2	74	248640
124.3345	0.0805	ripple_TLL23-24	88	248669
124.3555	0.1665	ripple_TLL6-7	99	248711
124.3565	0.0155	fr_TLL17-18	14	248713
124.3605	0.096	ripple_TLL18-19	82	248721
124.362	0.048	ripple_TLL26-27	90	248724
124.3745	0.1055	ripple_TLL30-31	95	248749
124.3775	0.0655	ripple_TLL7-8	100	248755
124.378	0.1115	ripple_TLL22-23	87	248756
124.3915	0.162	ripple_TLL21-22	86	248783
124.4035	0.038	ripple_TBAL1-2	68	248807
124.411	0.0345	ripple_TLL11-12	76	248822
124.489	0.0365	ripple_TLL7-8	100	248978
124.497	0.0635	ripple_TLL19-20	83	248994
124.5095	0.038	ripple_TLL3-4	94	249019
124.5195	0.0675	ripple_TLL22-23	87	249039
124.5305	0.0545	ripple_TLL15-16	80	249061
124.544	0.075	ripple_TLL29-30	93	249088
124.5775	0.0345	ripple_TLL7-8	100	249155
124.585	0.124	ripple_TLL1-2	74	249170
124.5865	0.0375	ripple_TLL30-31	95	249173
124.6035	0.1165	ripple_TLL19-20	83	249207
124.6065	0.043	ripple_TLL23-24	88	249213
124.6445	0.0575	ripple_TLL10-11	75	249289
124.6465	0.012	fr_TBAL3-4	3	249293
124.667	0.0725	ripple_TLL21-22	86	249334
124.6705	0.052	ripple_TLL3-4	94	249341
124.673	0.1305	ripple_TLL22-23	87	249346
124.6855	0.054	ripple_TLL23-24	88	249371
124.7065	0.0995	ripple_TLL20-21	85	249413
124.7195	0.054	ripple_TLL27-28	91	249439
124.732	0.0345	ripple_TLL26-27	90	249464
124.734	0.036	ripple_TLL29-30	93	249468
124.7375	0.0345	ripple_TLL30-31	95	249475
124.738	0.04	ripple_TLL18-19	82	249476
124.7625	0.0515	ripple_TBPL3-4	73	249525
124.7665	0.0395	ripple_TLL12-13	77	249533
124.775	0.1725	ripple_TLL3-4	94	249550
124.781	0.103	ripple_TLL4-5	97	249562
124.7855	0.0385	ripple_TLL1-2	74	249571
124.8095	0.051	ripple_TLL15-16	80	249619
124.817	0.109	ripple_TLL14-15	79	249634
124.821	0.0585	ripple_TLL28-29	92	249642
124.8285	0.076	ripple_TLL18-19	82	249657
124.867	0.221	ripple_TLL31-32	96	249734
124.872	0.0335	ripple_TLL6-7	99	249744
124.8815	0.125	ripple_TLL1-2	74	249763
124.895	0.054	ripple_TLL21-22	86	249790
124.9	0.046	ripple_TLL15-16	80	249800
124.9035	0.198	ripple_TLL19-20	83	249807
124.9045	0.131	ripple_TLL23-24	88	249809
124.907	0.102	ripple_TLL22-23	87	249814
124.9075	0.059	ripple_TLL9-10	101	249815
124.917	0.071	ripple_TLL2-3	84	249834
124.9715	0.028	ripple_TLL7-8	100	249943
124.9765	0.0525	ripple_TLL27-28	91	249953
124.9795	0.061	ripple_TLL20-21	85	249959
125.0185	0.042	ripple_TLL14-15	79	250037
125.03	0.042	ripple_TLL6-7	99	250060
125.044	0.071	ripple_TLL22-23	87	250088
125.0485	0.0825	ripple_TLL29-30	93	250097
125.086	0.037	ripple_TLL10-11	75	250172
125.101	0.111	ripple_TLL30-31	95	250202
125.1085	0.0625	ripple_TLL23-24	88	250217
125.1175	0.0405	ripple_TLL6-7	99	250235
125.1185	0.0395	ripple_TLL31-32	96	250237
125.121	0.0365	ripple_TLL15-16	80	250242
125.1235	0.06	ripple_TLL2-3	84	250247
125.1305	0.1185	ripple_TLL19-20	83	250261
125.149	0.041	ripple_TLL1-2	74	250298
125.15	0.077	ripple_TLL20-21	85	250300
125.155	0.063	ripple_TLL21-22	86	250310
125.167	0.029	ripple_TLL7-8	100	250334
125.1745	0.066	ripple_TLL18-19	82	250349
125.2105	0.141	ripple_TLL31-32	96	250421
125.2135	0.0395	ripple_TLL15-16	80	250427
125.2155	0.056	ripple_TLL1-2	74	250431
125.231	0.1815	ripple_TLL23-24	88	250462
125.231	0.183	ripple_TLL22-23	87	250462
125.2575	0.0935	ripple_TLL17-18	81	250515
125.271	0.039	ripple_TLL19-20	83	250542
125.274	0.0455	ripple_TLL11-12	76	250548
125.297	0.1145	ripple_TLL7-8	100	250594
125.305	0.0995	ripple_TLL30-31	95	250610
125.316	0.095	ripple_TLL6-7	99	250632
125.335	0.0375	ripple_TLL18-19	82	250670
125.347	0.07	ripple_TLL19-20	83	250694
125.348	0.0555	ripple_TLL1-2	74	250696
125.3515	0.03	ripple_TLL10-11	75	250703
125.354	0.063	ripple_TLL2-3	84	250708
125.3615	0.0385	ripple_TLL26-27	90	250723
125.3885	0.0605	ripple_TLL29-30	93	250777
125.3925	0.0385	ripple_TLL31-32	96	250785
125.402	0.394	ripple_TLL21-22	86	250804
125.429	0.0575	ripple_TLL20-21	85	250858
125.45	0.201	ripple_TLL23-24	88	250900
125.454	0.156	ripple_TLL22-23	87	250908
125.478	0.033	ripple_TLL7-8	100	250956
125.4805	0.029	ripple_TLL6-7	99	250961
125.4915	0.0355	ripple_TLL2-3	84	250983
125.516	0.1165	ripple_TLL31-32	96	251032
125.533	0.037	ripple_TLL15-16	80	251066
125.551	0.0385	ripple_TLL2-3	84	251102
125.557	0.1195	ripple_TLL30-31	95	251114
125.5655	0.043	ripple_TLL29-30	93	251131
125.5705	0.117	ripple_TLL14-15	79	251141
125.593	0.2115	ripple_TBPL2-3	72	251186
125.5985	0.0405	ripple_TLL5-6	98	251197
125.6435	0.0395	ripple_TLL1-2	74	251287
125.655	0.0575	ripple_TLL18-19	82	251310
125.667	0.1505	ripple_TLL31-32	96	251334
125.6725	0.044	ripple_TLL29-30	93	251345
125.706	0.04	ripple_TLL5-6	98	251412
125.723	0.0985	ripple_TLL15-16	80	251446
125.731	0.073	ripple_TLL14-15	79	251462
125.758	0.0955	ripple_TLL7-8	100	251516
125.7625	0.1315	ripple_TLL1-2	74	251525
125.7625	0.1535	ripple_TLL23-24	88	251525
125.763	0.043	ripple_TLL30-31	95	251526
125.7705	0.026	ripple_TLL29-30	93	251541
125.78	0.074	ripple_TLL6-7	99	251560
125.8285	0.0325	ripple_TLL14-15	79	251657
125.8425	0.0695	ripple_TBPL2-3	72	251685
125.854	0.071	ripple_TLL22-23	87	251708
125.8805	0.05	ripple_TLL31-32	96	251761
125.881	0.0825	ripple_TLL20-21	85	251762
125.8985	0.0395	ripple_TLL14-15	79	251797
125.923	0.065	ripple_TLL7-8	100	251846
125.924	0.033	ripple_TLL10-11	75	251848
125.935	0.091	ripple_TLL30-31	95	251870
125.945	0.3115	ripple_TLL29-30	93	251890
125.953	0.066	ripple_TLL22-23	87	251906
125.9545	0.114	ripple_TLL23-24	88	251909
125.957	0.167	ripple_TBPL2-3	72	251914
125.959	0.0565	ripple_TLL14-15	79	251918
125.967	0.0765	ripple_TLL15-16	80	251934
125.9835	0.111	ripple_TLL19-20	83	251967
125.9985	0.053	ripple_TLL2-3	84	251997
126.019	0.0275	ripple_TLL18-19	82	252038
126.0205	0.0375	ripple_TLL27-28	91	252041
126.022	0.051	ripple_TLL28-29	92	252044
126.0425	0.0555	ripple_TLL6-7	99	252085
126.044	0.0655	ripple_TLL7-8	100	252088
126.0625	0.0365	ripple_TLL20-21	85	252125
126.0695	0.134	ripple_TLL31-32	96	252139
126.079	0.0555	ripple_TLL5-6	98	252158
126.1085	0.0425	ripple_TLL9-10	101	252217
126.1465	0.0705	ripple_TLL18-19	82	252293
126.1465	0.0705	fr_TLL18-19	15	252293
126.1465	0.0705	frandr_TLL18-19	49	252293
126.148	0.083	ripple_TLL15-16	80	252296
126.1495	0.171	ripple_TBPL1-2	71	252299
126.15	0.065	ripple_TLL17-18	81	252300
126.1515	0.134	ripple_TLL7-8	100	252303
126.153	0.143	ripple_TLL19-20	83	252306
126.16	0.0425	ripple_TLL1-2	74	252320
126.2015	0.047	ripple_TLL28-29	92	252403
126.2065	0.1105	ripple_TBPL2-3	72	252413
126.2345	0.0535	ripple_TLL30-31	95	252469
126.2365	0.1975	ripple_TLL21-22	86	252473
126.2505	0.0665	ripple_TLL14-15	79	252501
126.2565	0.0365	ripple_TLL15-16	80	252513
126.2735	0.033	ripple_TLL10-11	75	252547
126.287	0.2175	ripple_TLL22-23	87	252574
126.2905	0.042	ripple_TLL23-24	88	252581
126.345	0.0305	ripple_TLL7-8	100	252690
126.352	0.041	ripple_TLL5-6	98	252704
126.353	0.152	ripple_TLL23-24	88	252706
126.385	0.0445	ripple_TBPL2-3	72	252770
126.4115	0.032	ripple_TLL6-7	99	252823
126.429	0.0405	ripple_TLL30-31	95	252858
126.4775	0.253	ripple_TLL14-15	79	252955
126.478	0.038	ripple_TLL20-21	85	252956
126.482	0.0315	ripple_TLL21-22	86	252964
126.483	0.0565	ripple_TLL1-2	74	252966
126.484	0.049	ripple_TLL9-10	101	252968
126.4845	0.0905	ripple_TLL13-14	78	252969
126.5035	0.326	ripple_TLL6-7	99	253007
126.5045	0.1285	ripple_TLL7-8	100	253009
126.509	0.0535	ripple_TLL31-32	96	253018
126.517	0.0425	ripple_TLL30-31	95	253034
126.549	0.038	ripple_TLL18-19	82	253098
126.5545	0.0325	ripple_TLL19-20	83	253109
126.561	0.0515	ripple_TLL1-2	74	253122
126.5695	0.0535	ripple_TLL10-11	75	253139
126.6025	0.1065	ripple_TLL21-22	86	253205
126.603	0.209	ripple_TLL22-23	87	253206
126.6035	0.111	ripple_TLL23-24	88	253207
126.6075	0.0345	ripple_TLL18-19	82	253215
126.61	0.0315	ripple_TLL15-16	80	253220
126.6165	0.0435	ripple_TLL20-21	85	253233
126.6345	0.239	ripple_TLL31-32	96	253269
126.647	0.038	ripple_TLL30-31	95	253294
126.664	0.0535	ripple_TBPL3-4	73	253328
126.673	0.0535	ripple_TLL7-8	100	253346
126.677	0.027	ripple_TLL1-2	74	253354
126.683	0.056	ripple_TLL18-19	82	253366
126.6885	0.2245	ripple_TLL29-30	93	253377
126.6955	0.0365	ripple_TLL19-20	83	253391
126.7005	0.049	ripple_TLL15-16	80	253401
126.7225	0.032	ripple_TLL13-14	78	253445
126.7365	0.1185	ripple_TLL1-2	74	253473
126.7385	0.1145	ripple_TLL2-3	84	253477
126.7455	0.057	fr_TBAL3-4	3	253491
126.7485	0.054	ripple_TLL30-31	95	253497
126.749	0.0135	fr_TLL26-27	23	253498
126.7695	0.0455	ripple_TLL18-19	82	253539
126.783	0.077	ripple_TLL7-8	100	253566
126.793	0.042	ripple_TLL25-26	89	253586
126.802	0.0355	ripple_TLL9-10	101	253604
126.823	0.0895	ripple_TLL20-21	85	253646
126.8315	0.0585	ripple_TLL19-20	83	253663
126.843	0.1695	ripple_TLL22-23	87	253686
126.8695	0.035	ripple_TLL28-29	92	253739
126.873	0.0565	ripple_TLL15-16	80	253746
126.875	0.038	ripple_TLL2-3	84	253750
126.875	0.0435	ripple_TLL6-7	99	253750
126.8865	0.0445	ripple_TLL14-15	79	253773
126.899	0.0305	ripple_TLL30-31	95	253798
126.8995	0.034	ripple_TLL31-32	96	253799
126.9665	0.04	ripple_TLL18-19	82	253933
126.9705	0.0455	ripple_TLL29-30	93	253941
126.971	0.1565	ripple_TLL19-20	83	253942
126.9775	0.1975	ripple_TLL31-32	96	253955
126.986	0.046	ripple_TLL6-7	99	253972
127.0105	0.0335	ripple_TLL5-6	98	254021
127.0205	0.091	ripple_TLL23-24	88	254041
127.0345	0.1215	ripple_TLL14-15	79	254069
127.038	0.0505	ripple_TBPL3-4	73	254076
127.05	0.0715	ripple_TLL29-30	93	254100
127.052	0.1735	ripple_TLL22-23	87	254104
127.055	0.0365	ripple_TLL6-7	99	254110
127.059	0.036	ripple_TLL15-16	80	254118
127.065	0.092	ripple_TLL21-22	86	254130
127.075	0.045	ripple_TLL20-21	85	254150
127.0785	0.036	ripple_TLL11-12	76	254157
127.0835	0.069	ripple_TLL28-29	92	254167
127.093	0.06	ripple_TLL27-28	91	254186
127.159	0.06	ripple_TLL1-2	74	254318
127.1655	0.0625	ripple_TLL18-19	82	254331
127.1735	0.0545	ripple_TLL17-18	81	254347
127.187	0.0455	ripple_TLL13-14	78	254374
127.204	0.058	ripple_TLL6-7	99	254408
127.217	0.0935	ripple_TLL19-20	83	254434
127.218	0.106	ripple_TLL21-22	86	254436
127.235	0.099	ripple_TLL15-16	80	254470
127.265	0.1495	ripple_TLL31-32	96	254530
127.271	0.2295	ripple_TLL23-24	88	254542
127.272	0.067	ripple_TLL22-23	87	254544
127.28	0.0415	ripple_TLL3-4	94	254560
127.2945	0.154	ripple_TLL6-7	99	254589
127.305	0.0675	ripple_TLL5-6	98	254610
127.306	0.1005	ripple_TLL30-31	95	254612
127.3095	0.0955	ripple_TLL29-30	93	254619
127.3165	0.0305	ripple_TLL14-15	79	254633
127.3295	0.043	ripple_TBPL3-4	73	254659
127.346	0.067	ripple_TLL21-22	86	254692
127.346	0.2625	ripple_TLL20-21	85	254692
127.357	0.0425	ripple_TLL1-2	74	254714
127.3795	0.334	ripple_TLL22-23	87	254759
127.3855	0.037	ripple_TLL28-29	92	254771
127.3895	0.069	ripple_TLL15-16	80	254779
127.395	0.034	ripple_TLL17-18	81	254790
127.4015	0.185	ripple_TLL19-20	83	254803
127.415	0.036	ripple_TLL13-14	78	254830
127.4155	0.017	fr_TBAL3-4	3	254831
127.424	0.06	ripple_TLL14-15	79	254848
127.428	0.0265	ripple_TLL2-3	84	254856
127.447	0.0965	ripple_TLL21-22	86	254894
127.448	0.048	ripple_TLL31-32	96	254896
127.4535	0.0115	fr_TLL12-13	10	254907
127.4565	0.0485	ripple_TLL28-29	92	254913
127.4645	0.1415	ripple_TLL29-30	93	254929
127.491	0.158	ripple_TLL1-2	74	254982
127.506	0.037	ripple_TBAL3-4	70	255012
127.506	0.037	fr_TBAL3-4	3	255012
127.506	0.037	frandr_TBAL3-4	37	255012
127.516	0.037	ripple_TLL4-5	97	255032
127.5185	0.017	fr_TLL27-28	24	255037
127.533	0.0635	ripple_TLL31-32	96	255066
127.566	0.148	ripple_TLL23-24	88	255132
127.588	0.0555	ripple_TBAL3-4	70	255176
127.588	0.0555	fr_TBAL3-4	3	255176
127.588	0.0555	frandr_TBAL3-4	37	255176
127.5905	0.0125	fr_TLL25-26	22	255181
127.605	0.067	ripple_TLL14-15	79	255210
127.619	0.05	ripple_TLL15-16	80	255238
127.6255	0.1025	ripple_TBPL2-3	72	255251
127.6325	0.0755	ripple_TLL31-32	96	255265
127.634	0.04	ripple_TLL21-22	86	255268
127.636	0.103	ripple_TLL20-21	85	255272
127.668	0.033	ripple_TLL2-3	84	255336
127.6705	0.0945	ripple_TBAL3-4	70	255341
127.6705	0.0945	fr_TBAL3-4	3	255341
127.6705	0.0945	frandr_TBAL3-4	37	255341
127.6815	0.1105	ripple_TLL18-19	82	255363
127.689	0.1205	ripple_TLL1-2	74	255378
127.6915	0.0745	ripple_TLL30-31	95	255383
127.711	0.081	ripple_TLL7-8	100	255422
127.724	0.058	ripple_TLL4-5	97	255448
127.7355	0.0425	ripple_TLL2-3	84	255471
127.739	0.05	ripple_TBPL1-2	71	255478
127.7515	0.033	fr_TLL27-28	24	255503
127.757	0.0345	ripple_TLL6-7	99	255514
127.76	0.0465	ripple_TLL22-23	87	255520
127.7635	0.0725	ripple_TLL31-32	96	255527
127.769	0.016	fr_TLL25-26	22	255538
127.7975	0.085	ripple_TLL20-21	85	255595
127.815	0.037	ripple_TLL6-7	99	255630
127.8175	0.0415	ripple_TBAL3-4	70	255635
127.826	0.16	ripple_TBPL1-2	71	255652
127.827	0.097	ripple_TBPL2-3	72	255654
127.828	0.0315	ripple_TLL2-3	84	255656
127.832	0.0425	ripple_TLL1-2	74	255664
127.8425	0.0405	ripple_TLL19-20	83	255685
127.8635	0.043	ripple_TLL18-19	82	255727
127.864	0.14299999999998544	ripple_TLL31-32	96	255728
127.881	0.2685	ripple_TLL23-24	88	255762
127.891	0.04	ripple_TLL28-29	92	255782
127.897	0.0395	fr_TBAL3-4	3	255794
127.9145	0.0415	ripple_TLL14-15	79	255829
127.935	0.0525	ripple_TLL19-20	83	255870
127.9435	0.0465	ripple_TBPL3-4	73	255887
127.946	0.0445	ripple_TBPL2-3	72	255892
127.947	0.039	ripple_TLL13-14	78	255894
127.964	0.052	ripple_TLL30-31	95	255928
127.9645	0.1865	ripple_TLL29-30	93	255929
127.9945	0.0495	ripple_TLL2-3	84	255989
127.9985	0.0295	ripple_TLL18-19	82	255997
128.002	0.03400000000001455	ripple_TLL11-12	76	256004
128.004	0.06100000000001455	ripple_TLL1-2	74	256008
128.0105	0.13550000000001455	ripple_TBPL2-3	72	256021
128.0125	0.0455	ripple_TLL27-28	91	256025
128.0155	0.034500000000014554	ripple_TLL26-27	90	256031
128.027	0.03049999999998545	ripple_TLL14-15	79	256054
128.0375	0.023	fr_TBAL3-4	3	256075
128.0435	0.036000000000014555	ripple_TLL28-29	92	256087
128.049	0.1105	ripple_TBPL1-2	71	256098
128.066	0.22900000000001455	ripple_TLL19-20	83	256132
128.0825	0.04599999999998545	ripple_TLL6-7	99	256165
128.083	0.059	ripple_TLL14-15	79	256166
128.1075	0.0445	ripple_TLL22-23	87	256215
128.112	0.04550000000001455	ripple_TLL28-29	92	256224
128.1275	0.06749999999998545	ripple_TLL2-3	84	256255
128.133	0.0755	ripple_TLL20-21	85	256266
128.16	0.09749999999998545	ripple_TLL27-28	91	256320
128.1705	0.0315000000000291	ripple_TBPL2-3	72	256341
128.177	0.1205	ripple_TLL7-8	100	256354
128.188	0.0985	ripple_TLL31-32	96	256376
128.189	0.04	ripple_TLL28-29	92	256378
128.1905	0.08850000000001455	ripple_TLL21-22	86	256381
128.1925	0.036000000000014555	ripple_TLL29-30	93	256385
128.198	0.0485000000000291	ripple_TLL15-16	80	256396
128.203	0.04050000000001455	ripple_TLL14-15	79	256406
128.2035	0.034	ripple_TLL22-23	87	256407
128.2055	0.3655	ripple_TBPL1-2	71	256411
128.2065	0.048	ripple_TBAL3-4	70	256413
128.2065	0.048	fr_TBAL3-4	3	256413
128.2065	0.048	frandr_TBAL3-4	37	256413
128.207	0.143	ripple_TLL23-24	88	256414
128.23	0.119	ripple_TLL1-2	74	256460
128.236	0.0615	ripple_TLL30-31	95	256472
128.2365	0.011500000000014552	fr_TBAL2-3	2	256473
128.249	0.131	ripple_TLL6-7	99	256498
128.254	0.0435	ripple_TBAL1-2	68	256508
128.2615	0.1345	ripple_TLL20-21	85	256523
128.2775	0.03650000000001455	ripple_TBPL3-4	73	256555
128.2815	0.0855	ripple_TLL18-19	82	256563
128.286	0.07399999999998545	ripple_TLL26-27	90	256572
128.2875	0.0835	ripple_TLL27-28	91	256575
128.3065	0.04899999999997089	ripple_TLL14-15	79	256613
128.313	0.021999999999985448	fr_TLL25-26	22	256626
128.326	0.0675	ripple_TLL21-22	86	256652
128.336	0.050000000000014554	ripple_TLL13-14	78	256672
128.345	0.04849999999998545	ripple_TLL2-3	84	256690
128.356	0.042000000000014553	ripple_TBAL3-4	70	256712
128.356	0.042000000000014553	fr_TBAL3-4	3	256712
128.356	0.042000000000014553	frandr_TBAL3-4	37	256712
128.3565	0.07599999999998545	ripple_TBPL2-3	72	256713
128.367	0.04849999999998545	ripple_TLL30-31	95	256734
128.3705	0.012	fr_TBPL3-4	6	256741
128.377	0.08950000000001455	ripple_TLL31-32	96	256754
128.3785	0.1345	ripple_TLL22-23	87	256757
128.385	0.12549999999998546	ripple_TLL23-24	88	256770
128.392	0.0789999999999709	ripple_TLL17-18	81	256784
128.3995	0.05500000000001455	ripple_TLL15-16	80	256799
128.4	0.06450000000001455	ripple_TLL1-2	74	256800
128.4055	0.043000000000014554	ripple_TLL14-15	79	256811
128.406	0.053	ripple_TLL3-4	94	256812
128.437	0.149	ripple_TLL30-31	95	256874
128.4705	0.04650000000001455	ripple_TLL20-21	85	256941
128.488	0.22649999999998544	ripple_TLL19-20	83	256976
128.489	0.0795000000000291	ripple_TLL1-2	74	256978
128.4895	0.081	ripple_TBPL2-3	72	256979
128.4925	0.1815	ripple_TLL14-15	79	256985
128.493	0.04399999999998545	ripple_TLL18-19	82	256986
128.509	0.0975	ripple_TLL31-32	96	257018
128.5295	0.03300000000001455	ripple_TLL5-6	98	257059
128.533	0.20099999999998544	ripple_TLL22-23	87	257066
128.536	0.2719999999999855	ripple_TLL23-24	88	257072
128.569	0.06299999999998544	ripple_TLL7-8	100	257138
128.5845	0.3065	ripple_TLL20-21	85	257169
128.589	0.034499999999970894	ripple_TLL29-30	93	257178
128.592	0.044000000000014555	ripple_TBPL2-3	72	257184
128.603	0.050000000000014554	ripple_TLL21-22	86	257206
128.621	0.038	ripple_TLL3-4	94	257242
128.6295	0.0665000000000291	ripple_TLL4-5	97	257259
128.635	0.022	fr_TLL27-28	24	257270
128.6435	0.06049999999998545	ripple_TLL6-7	99	257287
128.6465	0.08850000000001455	ripple_TLL5-6	98	257293
128.657	0.15300000000001454	ripple_TLL7-8	100	257314
128.6625	0.10800000000001456	ripple_TLL2-3	84	257325
128.688	0.04650000000001455	ripple_TLL28-29	92	257376
128.6895	0.08549999999998545	ripple_TBPL2-3	72	257379
128.6955	0.03650000000001455	ripple_TLL29-30	93	257391
128.703	0.017500000000014553	fr_TBAL3-4	3	257406
128.732	0.03649999999998545	ripple_TLL17-18	81	257464
128.7425	0.03950000000001455	ripple_TLL19-20	83	257485
128.743	0.105	ripple_TLL6-7	99	257486
128.7535	0.0635	ripple_TLL31-32	96	257507
128.754	0.01	fr_TBPL1-2	4	257508
128.7745	0.0515	ripple_TLL3-4	94	257549
128.7765	0.10349999999998545	ripple_TLL14-15	79	257553
128.804	0.036999999999970896	ripple_TLL15-16	80	257608
128.8045	0.018	fr_TBAL3-4	3	257609
128.8085	0.04699999999998545	ripple_TLL21-22	86	257617
128.831	0.09200000000001456	ripple_TLL7-8	100	257662
128.832	0.059	ripple_TBPL1-2	71	257664
128.8415	0.07849999999998544	ripple_TLL19-20	83	257683
128.8455	0.05600000000001455	ripple_TLL29-30	93	257691
128.8475	0.2844999999999709	ripple_TLL31-32	96	257695
128.8485	0.05349999999998545	ripple_TLL30-31	95	257697
128.8775	0.16399999999998544	ripple_TLL23-24	88	257755
128.8795	0.07150000000001455	ripple_TLL15-16	80	257759
128.8925	0.14000000000001456	ripple_TLL22-23	87	257785
128.9025	0.04150000000001455	ripple_TLL6-7	99	257805
128.94	0.11499999999997089	ripple_TBPL1-2	71	257880
128.941	0.144	ripple_TLL1-2	74	257882
128.9485	0.05199999999998545	ripple_TLL2-3	84	257897
128.951	0.124	ripple_TLL19-20	83	257902
128.956	0.102	ripple_TBPL2-3	72	257912
128.9645	0.0455	ripple_TLL30-31	95	257929
128.978	0.0675	ripple_TLL15-16	80	257956
128.981	0.16	ripple_TLL4-5	97	257962
128.9845	0.12399999999998544	ripple_TLL3-4	94	257969
128.9895	0.05599999999998545	ripple_TLL14-15	79	257979
128.9905	0.06899999999998545	ripple_TLL26-27	90	257981
129.0065	0.011500000000014552	fr_TLL12-13	10	258013
129.0335	0.05350000000001455	ripple_TLL2-3	84	258067
129.037	0.03700000000001455	ripple_TLL6-7	99	258074
129.0465	0.1575	ripple_TLL20-21	85	258093
129.0555	0.07	ripple_TLL21-22	86	258111
129.1045	0.095	ripple_TLL29-30	93	258209
129.1055	0.19650000000001455	ripple_TLL30-31	95	258211
129.106	0.1555	ripple_TLL19-20	83	258212
129.115	0.07650000000001456	ripple_TLL28-29	92	258230
129.121	0.0335	ripple_TLL26-27	90	258242
129.1215	0.07099999999998545	ripple_TLL14-15	79	258243
129.124	0.04550000000001455	ripple_TLL23-24	88	258248
129.135	0.07550000000001456	ripple_TLL18-19	82	258270
129.1415	0.13300000000001455	ripple_TLL22-23	87	258283
129.1475	0.10400000000001455	ripple_TBPL2-3	72	258295
129.1665	0.0635	ripple_TLL2-3	84	258333
129.188	0.11250000000001455	ripple_TLL7-8	100	258376
129.211	0.0865	ripple_TLL6-7	99	258422
129.2205	0.079	ripple_TLL21-22	86	258441
129.223	0.12450000000001456	ripple_TLL23-24	88	258446
129.2355	0.057499999999970894	ripple_TLL15-16	80	258471
129.241	0.1275	ripple_TLL5-6	98	258482
129.2475	0.1199999999999709	ripple_TLL14-15	79	258495
129.2975	0.05350000000001455	ripple_TLL31-32	96	258595
129.3115	0.10550000000001455	ripple_TLL19-20	83	258623
129.313	0.0495	ripple_TLL2-3	84	258626
129.3235	0.06299999999998544	ripple_TLL21-22	86	258647
129.3405	0.0495	ripple_TLL29-30	93	258681
129.343	0.0695	ripple_TLL7-8	100	258686
129.351	0.036999999999970896	ripple_TLL1-2	74	258702
129.3905	0.0515	ripple_TLL30-31	95	258781
129.3925	0.0825	ripple_TLL20-21	85	258785
129.3975	0.058000000000029105	ripple_TLL11-12	76	258795
129.4015	0.042999999999970895	ripple_TLL3-4	94	258803
129.403	0.05599999999998545	ripple_TBPL3-4	73	258806
129.404	0.05299999999998545	ripple_TLL12-13	77	258808
129.407	0.0695	ripple_TLL6-7	99	258814
129.4095	0.065	ripple_TLL18-19	82	258819
129.415	0.07550000000001456	ripple_TLL27-28	91	258830
129.4165	0.03999999999998545	ripple_TLL29-30	93	258833
129.423	0.051499999999970895	ripple_TLL26-27	90	258846
129.437	0.065	ripple_TLL15-16	80	258874
129.4515	0.03400000000001455	ripple_TLL13-14	78	258903
129.473	0.03300000000001455	ripple_TLL31-32	96	258946
129.496	0.131	ripple_TLL20-21	85	258992
129.5	0.10249999999998545	ripple_TLL29-30	93	259000
129.5075	0.06449999999998544	ripple_TLL30-31	95	259015
129.5125	0.08349999999998545	ripple_TLL22-23	87	259025
129.514	0.07750000000001456	ripple_TLL23-24	88	259028
129.522	0.1	ripple_TLL2-3	84	259044
129.5325	0.06299999999998544	ripple_TLL19-20	83	259065
129.5375	0.03700000000001455	ripple_TLL18-19	82	259075
129.546	0.078	ripple_TLL11-12	76	259092
129.5685	0.048	ripple_TLL27-28	91	259137
129.5755	0.03800000000001455	ripple_TLL13-14	78	259151
129.5785	0.044000000000014555	ripple_TLL1-2	74	259157
129.602	0.07050000000001455	ripple_TBPL2-3	72	259204
129.603	0.06100000000001455	ripple_TLL6-7	99	259206
129.62	0.05700000000001455	ripple_TLL3-4	94	259240
129.6205	0.12700000000001455	ripple_TLL15-16	80	259241
129.621	0.058000000000014554	ripple_TLL28-29	92	259242
129.626	0.0685	ripple_TLL14-15	79	259252
129.634	0.2915000000000145	ripple_TLL22-23	87	259268
129.6475	0.2035000000000291	ripple_TLL20-21	85	259295
129.649	0.012499999999985448	fr_TLL10-11	8	259298
129.6495	0.0495	ripple_TLL2-3	84	259299
129.65	0.0400000000000291	ripple_TLL1-2	74	259300
129.653	0.285	ripple_TLL31-32	96	259306
129.6745	0.035499999999985446	ripple_TLL7-8	100	259349
129.6935	0.09649999999998544	ripple_TBPL1-2	71	259387
129.6975	0.172	ripple_TBPL2-3	72	259395
129.7025	0.049	ripple_TLL19-20	83	259405
129.7045	0.018499999999985448	fr_TLL26-27	23	259409
129.706	0.06200000000001455	ripple_TLL30-31	95	259412
129.736	0.043000000000014554	ripple_TLL11-12	76	259472
129.757	0.0985	ripple_TLL28-29	92	259514
129.7635	0.37350000000001454	ripple_TLL1-2	74	259527
129.775	0.0325	ripple_TLL2-3	84	259550
129.7805	0.06899999999998545	ripple_TLL19-20	83	259561
129.817	0.04050000000001455	ripple_TLL4-5	97	259634
129.8445	0.056	ripple_TLL30-31	95	259689
129.854	0.0285	ripple_TLL14-15	79	259708
129.8695	0.2955	ripple_TLL19-20	83	259739
129.888	0.03900000000001455	ripple_TLL28-29	92	259776
129.8925	0.08350000000001455	ripple_TLL2-3	84	259785
129.899	0.03199999999998545	ripple_TLL23-24	88	259798
129.9125	0.09600000000001455	ripple_TLL29-30	93	259825
129.918	0.07900000000001456	ripple_TLL14-15	79	259836
129.94	0.191	ripple_TLL30-31	95	259880
129.957	0.0625	ripple_TLL15-16	80	259914
129.9655	0.203	ripple_TLL20-21	85	259931
129.9775	0.072	ripple_TLL22-23	87	259955
129.982	0.1054999999999709	ripple_TLL23-24	88	259964
129.984	0.035	ripple_TBPL1-2	71	259968
129.992	0.04849999999998545	ripple_TLL31-32	96	259984
130.0005	0.1455	ripple_TLL2-3	84	260001
130.0265	0.05349999999998545	ripple_TLL14-15	79	260053
130.037	0.08800000000002911	ripple_TLL6-7	99	260074
130.0455	0.07900000000001456	ripple_TBPL2-3	72	260091
130.0455	0.09350000000001456	ripple_TBPL1-2	71	260091
130.0555	0.0845	ripple_TLL29-30	93	260111
130.0715	0.0455	ripple_TLL9-10	101	260143
130.078	0.035500000000014555	ripple_TLL27-28	91	260156
130.0785	0.11599999999998545	ripple_TLL31-32	96	260157
130.122	0.07849999999998544	ripple_TLL15-16	80	260244
130.1295	0.07400000000001455	ripple_TLL14-15	79	260259
130.148	0.04699999999998545	ripple_TLL21-22	86	260296
130.16	0.0635	ripple_TLL5-6	98	260320
130.16	0.08899999999998545	ripple_TLL6-7	99	260320
130.162	0.2840000000000291	ripple_TLL23-24	88	260324
130.172	0.050999999999985446	ripple_TLL28-29	92	260344
130.1755	0.1275	ripple_TBPL2-3	72	260351
130.1875	0.0505	ripple_TLL19-20	83	260375
130.196	0.07749999999998544	ripple_TLL2-3	84	260392
130.197	0.043500000000029106	ripple_TLL1-2	74	260394
130.2015	0.125	ripple_TLL22-23	87	260403
130.204	0.02700000000001455	ripple_TLL30-31	95	260408
130.2145	0.04849999999998545	ripple_TLL29-30	93	260429
130.22	0.04849999999998545	ripple_TLL21-22	86	260440
130.2275	0.0545	ripple_TLL14-15	79	260455
130.245	0.1285	ripple_TLL13-14	78	260490
130.246	0.038	ripple_TLL31-32	96	260492
130.2565	0.0145	fr_TLL30-31	28	260513
130.269	0.036	ripple_TLL6-7	99	260538
130.2945	0.058499999999970895	ripple_TLL28-29	92	260589
130.297	0.2279999999999709	ripple_TLL7-8	100	260594
130.299	0.13150000000001455	ripple_TLL29-30	93	260598
130.303	0.06499999999998544	ripple_TLL30-31	95	260606
130.3075	0.04750000000001455	ripple_TLL31-32	96	260615
130.3175	0.1025	ripple_TLL14-15	79	260635
130.321	0.09199999999998545	ripple_TLL1-2	74	260642
130.3225	0.06899999999998545	ripple_TLL2-3	84	260645
130.341	0.04150000000001455	ripple_TLL21-22	86	260682
130.3415	0.1054999999999709	ripple_TBPL2-3	72	260683
130.3415	0.23499999999998544	ripple_TLL20-21	85	260683
130.3495	0.016000000000029106	fr_TBAL3-4	3	260699
130.353	0.02400000000001455	fr_TLL27-28	24	260706
130.3785	0.03	ripple_TLL6-7	99	260757
130.3875	0.047	ripple_TLL9-10	101	260775
130.3915	0.026000000000014553	fr_TBAL3-4	3	260783
130.4025	0.03700000000001455	ripple_TLL21-22	86	260805
130.421	0.0485	ripple_TLL15-16	80	260842
130.421	0.1215	ripple_TLL30-31	95	260842
130.424	0.0325	ripple_TLL12-13	77	260848
130.433	0.0745	ripple_TLL31-32	96	260866
130.4375	0.027499999999970895	fr_TBAL3-4	3	260875
130.4465	0.06550000000001455	ripple_TLL1-2	74	260893
130.4485	0.0739999999999709	ripple_TLL19-20	83	260897
130.4535	0.25899999999998546	ripple_TLL18-19	82	260907
130.454	0.03700000000001455	ripple_TLL2-3	84	260908
130.4875	0.08799999999998545	ripple_TLL14-15	79	260975
130.492	0.04849999999998545	ripple_TLL29-30	93	260984
130.4955	0.0375	ripple_TLL17-18	81	260991
130.496	0.16500000000001455	ripple_TLL23-24	88	260992
130.4965	0.025999999999970897	ripple_TLL25-26	89	260993
130.502	0.10150000000001455	ripple_TBPL1-2	71	261004
130.5075	0.10149999999998545	ripple_TBPL2-3	72	261015
130.508	0.06499999999998544	ripple_TLL27-28	91	261016
130.5275	0.03400000000001455	ripple_TLL5-6	98	261055
130.536	0.0385	ripple_TLL6-7	99	261072
130.5485	0.0635	ripple_TLL2-3	84	261097
130.557	0.04750000000001455	ripple_TLL31-32	96	261114
130.5575	0.0565	ripple_TLL19-20	83	261115
130.564	0.0555	ripple_TLL29-30	93	261128
130.5715	0.078	ripple_TLL21-22	86	261143
130.59	0.0795000000000291	ripple_TLL15-16	80	261180
130.594	0.0545	ripple_TLL28-29	92	261188
130.6075	0.06	ripple_TLL14-15	79	261215
130.611	0.06049999999998545	ripple_TLL4-5	97	261222
130.6195	0.0315	ripple_TLL13-14	78	261239
130.6235	0.10050000000001455	ripple_TBPL1-2	71	261247
130.64	0.06049999999998545	ripple_TLL30-31	95	261280
130.6415	0.06900000000002911	ripple_TLL31-32	96	261283
130.6415	0.21350000000001454	ripple_TLL29-30	93	261283
130.6855	0.059499999999985446	ripple_TLL28-29	92	261371
130.688	0.1445	ripple_TLL22-23	87	261376
130.6935	0.14499999999998545	ripple_TLL23-24	88	261387
130.6945	0.0410000000000291	ripple_TLL21-22	86	261389
130.727	0.035500000000014555	ripple_TLL2-3	84	261454
130.727	0.30450000000001454	ripple_TLL1-2	74	261454
130.766	0.07399999999998545	ripple_TLL15-16	80	261532
130.7795	0.033999999999985445	ripple_TLL27-28	91	261559
130.78	0.04049999999998545	ripple_TLL28-29	92	261560
130.8015	0.08150000000001455	ripple_TBPL2-3	72	261603
130.808	0.0725	ripple_TLL20-21	85	261616
130.8125	0.149	ripple_TLL2-3	84	261625
130.831	0.078	ripple_TLL5-6	98	261662
130.8355	0.05299999999998545	ripple_TBAL2-3	69	261671
130.8455	0.03649999999998545	ripple_TLL26-27	90	261691
130.852	0.0675000000000291	ripple_TLL6-7	99	261704
130.862	0.06700000000001455	ripple_TLL7-8	100	261724
130.878	0.043499999999985446	ripple_TLL22-23	87	261756
130.8815	0.04150000000001455	ripple_TLL23-24	88	261763
130.8835	0.1105	ripple_TLL31-32	96	261767
130.893	0.021499999999970897	fr_TBAL3-4	3	261786
130.894	0.11100000000001455	ripple_TLL28-29	92	261788
130.903	0.058	ripple_TLL15-16	80	261806
130.913	0.034999999999985446	ripple_TLL10-11	75	261826
130.9145	0.07100000000002911	ripple_TLL14-15	79	261829
130.9175	0.106	ripple_TLL29-30	93	261835
130.921	0.095	ripple_TLL26-27	90	261842
130.9445	0.0445	ripple_TLL9-10	101	261889
130.9575	0.0935	ripple_TLL21-22	86	261915
130.961	0.059500000000014555	ripple_TLL27-28	91	261922
130.9635	0.1385	ripple_TLL23-24	88	261927
130.966	0.22750000000001455	ripple_TLL20-21	85	261932
130.981	0.011499999999985449	fr_TBAL3-4	3	261962
130.9905	0.03149999999998545	ripple_TBPL2-3	72	261981
130.997	0.03999999999998545	ripple_TBPL3-4	73	261994
131.0	0.0454999999999709	ripple_TLL15-16	80	262000
131.0165	0.022500000000014553	fr_TBAL3-4	3	262033
131.0185	0.037	ripple_TLL18-19	82	262037
131.0515	0.06550000000001455	ripple_TBPL1-2	71	262103
131.061	0.28050000000001457	ripple_TLL1-2	74	262122
131.0715	0.038	ripple_TLL30-31	95	262143
131.0865	0.0285	ripple_TBPL2-3	72	262173
131.1425	0.1145	ripple_TLL22-23	87	262285
131.149	0.0865	ripple_TLL23-24	88	262298
131.1655	0.102	ripple_TBPL1-2	71	262331
131.185	0.0665	ripple_TLL28-29	92	262370
131.189	0.087	ripple_TLL31-32	96	262378
131.192	0.029	ripple_TLL15-16	80	262384
131.1985	0.1285	ripple_TLL2-3	84	262397
131.2	0.0505	ripple_TLL30-31	95	262400
131.2075	0.1145	ripple_TBPL2-3	72	262415
131.232	0.048	ripple_TLL4-5	97	262464
131.244	0.041	ripple_TLL7-8	100	262488
131.276	0.045	ripple_TLL13-14	78	262552
131.279	0.038	ripple_TLL30-31	95	262558
131.2795	0.1655	ripple_TLL29-30	93	262559
131.329	0.0975	ripple_TLL19-20	83	262658
131.3495	0.0735	ripple_TLL21-22	86	262699
131.35	0.0635	ripple_TLL4-5	97	262700
131.357	0.1385	ripple_TLL30-31	95	262714
131.3585	0.185	ripple_TLL31-32	96	262717
131.369	0.038	ripple_TBPL1-2	71	262738
131.3695	0.051	ripple_TLL23-24	88	262739
131.3775	0.02	fr_TBAL3-4	3	262755
131.397	0.035	ripple_TLL1-2	74	262794
131.4385	0.039	ripple_TBPL1-2	71	262877
131.4385	0.228	ripple_TLL20-21	85	262877
131.441	0.0525	ripple_TBPL2-3	72	262882
131.4455	0.052	ripple_TLL2-3	84	262891
131.4595	0.092	ripple_TLL18-19	82	262919
131.468	0.049	ripple_TLL22-23	87	262936
131.471	0.0385	ripple_TLL15-16	80	262942
131.49	0.036	ripple_TLL14-15	79	262980
131.4965	0.0185	fr_TBAL3-4	3	262993
131.4975	0.1375	ripple_TLL21-22	86	262995
131.5055	0.0945	ripple_TLL6-7	99	263011
131.5075	0.1275	ripple_TLL17-18	81	263015
131.513	0.0615	ripple_TLL26-27	90	263026
131.526	0.0545	ripple_TLL7-8	100	263052
131.537	0.1265	ripple_TLL23-24	88	263074
131.5405	0.029	ripple_TLL19-20	83	263081
131.543	0.045	fr_TBAL3-4	3	263086
131.551	0.1465	ripple_TBPL2-3	72	263102
131.578	0.061	ripple_TLL18-19	82	263156
131.582	0.1345	ripple_TLL27-28	91	263164
131.582	0.1345	fr_TLL27-28	24	263164
131.582	0.1345	frandr_TLL27-28	58	263164
131.599	0.065	ripple_TLL22-23	87	263198
131.606	0.102	ripple_TLL30-31	95	263212
131.618	0.1475	ripple_TBPL1-2	71	263236
131.6195	0.176	ripple_TLL29-30	93	263239
131.6415	0.032	ripple_TLL11-12	76	263283
131.644	0.204	ripple_TLL19-20	83	263288
131.645	0.05	ripple_TLL7-8	100	263290
131.647	0.2405	fr_TBAL3-4	3	263294
131.671	0.0405	ripple_TLL26-27	90	263342
131.7015	0.073	ripple_TLL23-24	88	263403
131.702	0.0425	ripple_TLL5-6	98	263404
131.7055	0.111	ripple_TLL11-12	76	263411
131.709	0.074	ripple_TLL2-3	84	263418
131.714	0.1645	ripple_TLL22-23	87	263428
131.715	0.0495	ripple_TLL6-7	99	263430
131.7255	0.068	ripple_TLL20-21	85	263451
131.7265	0.02	fr_TBAL2-3	2	263453
131.7685	0.047	ripple_TLL30-31	95	263537
131.7805	0.0385	ripple_TBPL2-3	72	263561
131.786	0.0475	ripple_TLL28-29	92	263572
131.794	0.029	ripple_TLL17-18	81	263588
131.7955	0.027	ripple_TBPL1-2	71	263591
131.82	0.131	ripple_TLL23-24	88	263640
131.8275	0.0695	ripple_TLL1-2	74	263655
131.8275	0.105	ripple_TLL6-7	99	263655
131.8475	0.0495	ripple_TLL29-30	93	263695
131.848	0.256	ripple_TBPL1-2	71	263696
131.852	0.0385	ripple_TLL15-16	80	263704
131.853	0.012	fr_TLL31-32	29	263706
131.853	0.084	ripple_TLL7-8	100	263706
131.854	0.0175	fr_TLL27-28	24	263708
131.869	0.0935	ripple_TLL21-22	86	263738
131.88	0.075	ripple_TLL5-6	98	263760
131.8875	0.0525	ripple_TLL20-21	85	263775
131.907	0.0395	ripple_TLL14-15	79	263814
131.909	0.0375	ripple_TLL13-14	78	263818
131.919	0.1415	ripple_TLL22-23	87	263838
131.942	0.1495	ripple_TLL29-30	93	263884
131.943	0.0885	ripple_TLL1-2	74	263886
131.9465	0.0735	ripple_TLL2-3	84	263893
131.9505	0.0515	ripple_TLL31-32	96	263901
131.982	0.075	ripple_TLL23-24	88	263964
131.9865	0.033	ripple_TLL12-13	77	263973
132.008	0.1145	fr_TBAL3-4	3	264016
132.0125	0.057	ripple_TLL26-27	90	264025
132.0145	0.052	ripple_TLL27-28	91	264029
132.031	0.066	ripple_TLL30-31	95	264062
132.0415	0.04	ripple_TBPL2-3	72	264083
132.046	0.362	ripple_TLL20-21	85	264092
132.071	0.0635	ripple_TLL31-32	96	264142
132.0785	0.0625	ripple_TLL5-6	98	264157
132.0875	0.0845	ripple_TLL1-2	74	264175
132.094	0.038	ripple_TLL21-22	86	264188
132.113	0.0355	ripple_TBPL3-4	73	264226
132.1235	0.07	ripple_TLL23-24	88	264247
132.138	0.059	ripple_TLL2-3	84	264276
132.1415	0.0615	ripple_TLL6-7	99	264283
132.152	0.073	ripple_TLL21-22	86	264304
132.1525	0.0285	fr_TBAL3-4	3	264305
132.155	0.0995	ripple_TLL28-29	92	264310
132.1875	0.039	ripple_TLL18-19	82	264375
132.1985	0.033	ripple_TBPL2-3	72	264397
132.2005	0.094	ripple_TLL30-31	95	264401
132.2245	0.1205	ripple_TLL15-16	80	264449
132.23	0.1775	ripple_TLL19-20	83	264460
132.2345	0.0685	ripple_TLL29-30	93	264469
132.2365	0.0945	ripple_TLL6-7	99	264473
132.2625	0.1025	ripple_TLL1-2	74	264525
132.266	0.0625	ripple_TLL5-6	98	264532
132.268	0.0405	ripple_TLL7-8	100	264536
132.2805	0.0175	fr_TBPL3-4	6	264561
132.2815	0.041	ripple_TLL13-14	78	264563
132.2835	0.163	ripple_TLL31-32	96	264567
132.2865	0.0435	ripple_TLL22-23	87	264573
132.304	0.039	ripple_TBAL3-4	70	264608
132.304	0.039	fr_TBAL3-4	3	264608
132.304	0.039	frandr_TBAL3-4	37	264608
132.3155	0.1565	ripple_TLL30-31	95	264631
132.339	0.0825	ripple_TLL23-24	88	264678
132.3555	0.0645	ripple_TLL28-29	92	264711
132.364	0.041	ripple_TLL27-28	91	264728
132.3655	0.0615	ripple_TLL22-23	87	264731
132.3675	0.0775	ripple_TLL15-16	80	264735
132.382	0.048	ripple_TBPL3-4	73	264764
132.404	0.0375	ripple_TLL14-15	79	264808
132.4515	0.134	ripple_TLL27-28	91	264903
132.458	0.094	ripple_TLL26-27	90	264916
132.473	0.0665	ripple_TLL23-24	88	264946
132.4735	0.012	fr_TBAL3-4	3	264947
132.474	0.0715	ripple_TLL22-23	87	264948
132.475	0.0395	ripple_TLL14-15	79	264950
132.482	0.041	ripple_TLL21-22	86	264964
132.482	0.154	ripple_TLL19-20	83	264964
132.5035	0.0355	ripple_TLL30-31	95	265007
132.5125	0.1515	ripple_TLL1-2	74	265025
132.5145	0.0665	ripple_TLL18-19	82	265029
132.5275	0.045	ripple_TBPL2-3	72	265055
132.528	0.035	ripple_TBPL3-4	73	265056
132.5335	0.051	ripple_TLL28-29	92	265067
132.538	0.0955	ripple_TLL14-15	79	265076
132.5415	0.097	ripple_TLL29-30	93	265083
132.5465	0.034	ripple_TLL21-22	86	265093
132.548	0.0575	ripple_TLL20-21	85	265096
132.55	0.091	ripple_TLL6-7	99	265100
132.5505	0.0415	fr_TBAL3-4	3	265101
132.566	0.0595	ripple_TLL15-16	80	265132
132.5855	0.0485	ripple_TLL5-6	98	265171
132.601	0.0345	ripple_TLL13-14	78	265202
132.6155	0.0485	ripple_TLL2-3	84	265231
132.6255	0.049	ripple_TLL7-8	100	265251
132.633	0.028	fr_TBAL3-4	3	265266
132.6385	0.0495	ripple_TLL27-28	91	265277
132.6475	0.061	ripple_TLL28-29	92	265295
132.665	0.085	ripple_TLL29-30	93	265330
132.673	0.094	ripple_TLL15-16	80	265346
132.676	0.091	ripple_TLL21-22	86	265352
132.6915	0.038	ripple_TLL5-6	98	265383
132.697	0.0405	ripple_TBPL3-4	73	265394
132.697	0.0455	ripple_TLL31-32	96	265394
132.703	0.0345	ripple_TLL19-20	83	265406
132.7115	0.0625	ripple_TBPL2-3	72	265423
132.7125	0.0465	ripple_TLL23-24	88	265425
132.7175	0.1	ripple_TBPL1-2	71	265435
132.722	0.0665	ripple_TLL3-4	94	265444
132.7245	0.0515	ripple_TLL30-31	95	265449
132.7245	0.0515	fr_TLL30-31	28	265449
132.7245	0.0515	frandr_TLL30-31	61	265449
132.7305	0.0825	ripple_TLL6-7	99	265461
132.7395	0.0495	ripple_TLL27-28	91	265479
132.7575	0.063	fr_TBAL3-4	3	265515
132.761	0.2445	ripple_TLL19-20	83	265522
132.762	0.0175	fr_TLL25-26	22	265524
132.798	0.05	ripple_TLL14-15	79	265596
132.7995	0.033	ripple_TLL15-16	80	265599
132.8075	0.074	ripple_TLL7-8	100	265615
132.816	0.0355	ripple_TLL22-23	87	265632
132.8225	0.1455	ripple_TLL23-24	88	265645
132.8285	0.0375	ripple_TLL30-31	95	265657
132.8465	0.0415	ripple_TLL31-32	96	265693
132.849	0.036	ripple_TLL6-7	99	265698
132.8535	0.0395	ripple_TLL27-28	91	265707
132.8535	0.194	ripple_TBPL1-2	71	265707
132.854	0.0385	fr_TBAL3-4	3	265708
132.8865	0.035	ripple_TLL22-23	87	265773
132.894	0.0355	ripple_TLL1-2	74	265788
132.896	0.037	ripple_TLL20-21	85	265792
132.8965	0.042	ripple_TLL28-29	92	265793
132.9	0.0525	ripple_TLL29-30	93	265800
132.9055	0.057	ripple_TLL30-31	95	265811
132.941	0.063	ripple_TLL4-5	97	265882
132.9415	0.0815	ripple_TLL14-15	79	265883
132.9445	0.045	ripple_TLL3-4	94	265889
132.9505	0.036	ripple_TBPL3-4	73	265901
132.96	0.0255	ripple_TLL1-2	74	265920
132.962	0.139	ripple_TLL6-7	99	265924
132.964	0.0645	ripple_TLL21-22	86	265928
132.9665	0.091	ripple_TLL18-19	82	265933
132.9685	0.0835	ripple_TLL7-8	100	265937
132.98	0.0755	ripple_TBPL2-3	72	265960
132.986	0.1925	fr_TBAL3-4	3	265972
132.9865	0.045	ripple_TLL31-32	96	265973
132.9875	0.0345	ripple_TLL2-3	84	265975
132.988	0.0725	ripple_TLL20-21	85	265976
133.0075	0.083	ripple_TLL15-16	80	266015
133.0255	0.038	ripple_TLL28-29	92	266051
133.04	0.048	ripple_TLL1-2	74	266080
133.046	0.0835	ripple_TLL19-20	83	266092
133.0505	0.0595	ripple_TLL3-4	94	266101
133.0595	0.044	ripple_TLL14-15	79	266119
133.0675	0.284	ripple_TLL21-22	86	266135
133.094	0.011	fr_TLL28-29	25	266188
133.0965	0.04	ripple_TLL12-13	77	266193
133.0985	0.0445	ripple_TBPL2-3	72	266197
133.0985	0.045	ripple_TLL23-24	88	266197
133.103	0.0985	ripple_TLL7-8	100	266206
133.1175	0.0395	ripple_TBPL1-2	71	266235
133.128	0.0365	ripple_TLL5-6	98	266256
133.1605	0.045	ripple_TLL1-2	74	266321
133.1675	0.048	ripple_TLL23-24	88	266335
133.1685	0.01	fr_TLL27-28	24	266337
133.202	0.042	ripple_TLL27-28	91	266404
133.203	0.0995	ripple_TBPL1-2	71	266406
133.2145	0.036	ripple_TLL26-27	90	266429
133.2155	0.0585	ripple_TBAL3-4	70	266431
133.2155	0.0585	fr_TBAL3-4	3	266431
133.2155	0.0585	frandr_TBAL3-4	37	266431
133.222	0.0705	ripple_TLL30-31	95	266444
133.2285	0.0985	ripple_TLL7-8	100	266457
133.2385	0.039	ripple_TLL5-6	98	266477
133.2385	0.039	fr_TLL5-6	31	266477
133.2385	0.039	frandr_TLL5-6	64	266477
133.245	0.014	fr_TLL27-28	24	266490
133.2495	0.053	ripple_TLL18-19	82	266499
133.264	0.085	ripple_TLL6-7	99	266528
133.2675	0.0445	ripple_TLL15-16	80	266535
133.2735	0.0575	ripple_TLL31-32	96	266547
133.2875	0.2225	ripple_TLL23-24	88	266575
133.2895	0.0265	fr_TLL27-28	24	266579
133.3015	0.0405	fr_TBAL3-4	3	266603
133.307	0.0865	ripple_TLL19-20	83	266614
133.31	0.0445	ripple_TLL11-12	76	266620
133.3255	0.133	ripple_TLL20-21	85	266651
133.3275	0.0175	fr_TBPL2-3	5	266655
133.341	0.055	ripple_TLL27-28	91	266682
133.351	0.0955	ripple_TBPL2-3	72	266702
133.3525	0.0495	ripple_TLL26-27	90	266705
133.3605	0.0515	ripple_TLL14-15	79	266721
133.371	0.0785	ripple_TLL1-2	74	266742
133.381	0.049	ripple_TLL31-32	96	266762
133.3875	0.0715	ripple_TLL18-19	82	266775
133.3895	0.049	ripple_TLL30-31	95	266779
133.3965	0.106	ripple_TLL29-30	93	266793
133.402	0.0365	ripple_TLL17-18	81	266804
133.402	0.0365	fr_TLL17-18	14	266804
133.402	0.0365	frandr_TLL17-18	48	266804
133.4305	0.1145	ripple_TLL6-7	99	266861
133.434	0.0365	ripple_TLL27-28	91	266868
133.436	0.0745	ripple_TLL22-23	87	266872
133.4405	0.0325	ripple_TLL26-27	90	266881
133.473	0.203	ripple_TBPL1-2	71	266946
133.476	0.0135	fr_TLL27-28	24	266952
133.4795	0.104	ripple_TLL20-21	85	266959
133.4825	0.0635	ripple_TLL31-32	96	266965
133.486	0.0645	ripple_TLL15-16	80	266972
133.4885	0.0565	ripple_TLL5-6	98	266977
133.5055	0.0435	ripple_TLL14-15	79	267011
133.513	0.048	ripple_TLL18-19	82	267026
133.5255	0.0125	fr_TLL25-26	22	267051
133.5395	0.0325	ripple_TLL19-20	83	267079
133.5465	0.085	ripple_TBAL3-4	70	267093
133.5465	0.085	fr_TBAL3-4	3	267093
133.5465	0.085	frandr_TBAL3-4	37	267093
133.5535	0.033	ripple_TLL27-28	91	267107
133.5535	0.033	fr_TLL27-28	24	267107
133.5535	0.033	frandr_TLL27-28	58	267107
133.558	0.0795	ripple_TLL22-23	87	267116
133.5605	0.0815	ripple_TLL23-24	88	267121
133.5675	0.064	ripple_TLL3-4	94	267135
133.5725	0.0405	ripple_TLL31-32	96	267145
133.5765	0.0295	ripple_TBPL2-3	72	267153
133.5855	0.3895	ripple_TLL1-2	74	267171
133.613	0.0335	ripple_TLL6-7	99	267226
133.6135	0.026	ripple_TLL7-8	100	267227
133.6245	0.038	ripple_TLL29-30	93	267249
133.6335	0.062	ripple_TLL21-22	86	267267
133.6505	0.112	ripple_TLL27-28	91	267301
133.6555	0.0845	ripple_TLL31-32	96	267311
133.6855	0.0435	ripple_TLL6-7	99	267371
133.6945	0.071	ripple_TLL29-30	93	267389
133.704	0.072	ripple_TLL3-4	94	267408
133.7085	0.058	ripple_TLL26-27	90	267417
133.711	0.069	ripple_TLL2-3	84	267422
133.718	0.0695	ripple_TLL30-31	95	267436
133.7205	0.08	ripple_TBPL2-3	72	267441
133.7235	0.078	ripple_TLL15-16	80	267447
133.73	0.043	ripple_TBPL3-4	73	267460
133.7305	0.074	ripple_TLL19-20	83	267461
133.7345	0.092	ripple_TLL18-19	82	267469
133.75	0.1785	ripple_TLL20-21	85	267500
133.7535	0.0675	ripple_TBAL1-2	68	267507
133.8085	0.1755	ripple_TLL7-8	100	267617
133.8105	0.0485	ripple_TLL21-22	86	267621
133.8245	0.1095	ripple_TLL29-30	93	267649
133.831	0.0345	ripple_TLL27-28	91	267662
133.835	0.033	ripple_TLL31-32	96	267670
133.844	0.028	ripple_TLL30-31	95	267688
133.844	0.028	fr_TLL30-31	28	267688
133.844	0.028	frandr_TLL30-31	61	267688
133.8445	0.161	ripple_TLL23-24	88	267689
133.8455	0.093	ripple_TBPL3-4	73	267691
133.8455	0.093	fr_TBPL3-4	6	267691
133.8455	0.093	frandr_TBPL3-4	40	267691
133.8535	0.0535	ripple_TLL18-19	82	267707
133.855	0.017	fr_TBAL2-3	2	267710
133.8565	0.114	ripple_TBPL1-2	71	267713
133.8565	0.1515	ripple_TBAL3-4	70	267713
133.8565	0.1515	fr_TBAL3-4	3	267713
133.8565	0.1515	frandr_TBAL3-4	37	267713
133.865	0.048	ripple_TLL19-20	83	267730
133.8755	0.05	ripple_TLL9-10	101	267751
133.8765	0.142	ripple_TBPL2-3	72	267753
133.904	0.1735	ripple_TLL31-32	96	267808
133.9205	0.041	ripple_TLL4-5	97	267841
133.928	0.0355	ripple_TLL10-11	75	267856
133.941	0.0505	ripple_TLL18-19	82	267882
133.945	0.121	ripple_TLL21-22	86	267890
133.955	0.114	ripple_TLL14-15	79	267910
133.9605	0.0425	ripple_TLL9-10	101	267921
133.9605	0.0425	fr_TLL9-10	34	267921
133.9605	0.0425	frandr_TLL9-10	67	267921
133.9655	0.2015	ripple_TLL22-23	87	267931
133.9675	0.0895	ripple_TLL13-14	78	267935
133.979	0.1195	ripple_TLL27-28	91	267958
133.979	0.1195	fr_TLL27-28	24	267958
133.979	0.1195	frandr_TLL27-28	58	267958
133.9895	0.014	fr_TLL28-29	25	267979
133.992	0.0185	fr_TLL4-5	30	267984
133.997	0.012	fr_TLL26-27	23	267994
134.003	0.062	ripple_TLL6-7	99	268006
134.004	0.0595	ripple_TLL19-20	83	268008
134.0105	0.021	ripple_TBPL1-2	71	268021
134.018	0.0345	ripple_TLL12-13	77	268036
134.024	0.0555	ripple_TLL1-2	74	268048
134.026	0.017	fr_TLL2-3	17	268052
134.032	0.061	ripple_TLL20-21	85	268064
134.055	0.085	ripple_TLL23-24	88	268110
134.0565	0.0405	ripple_TBPL3-4	73	268113
134.06	0.1675	ripple_TBPL2-3	72	268120
134.0635	0.09	ripple_TLL30-31	95	268127
134.084	0.038	ripple_TLL18-19	82	268168
134.106	0.116	ripple_TLL31-32	96	268212
134.1095	0.1065	ripple_TLL15-16	80	268219
134.112	0.114	ripple_TLL2-3	84	268224
134.1125	0.0915	ripple_TLL21-22	86	268225
134.121	0.082	ripple_TLL20-21	85	268242
134.13	0.143	ripple_TBAL3-4	70	268260
134.13	0.143	fr_TBAL3-4	3	268260
134.13	0.143	frandr_TBAL3-4	37	268260
134.141	0.0585	ripple_TLL26-27	90	268282
134.1445	0.05	ripple_TLL7-8	100	268289
134.148	0.044	ripple_TLL14-15	79	268296
134.15	0.071	ripple_TLL27-28	91	268300
134.15	0.071	fr_TLL27-28	24	268300
134.15	0.071	frandr_TLL27-28	58	268300
134.166	0.234	ripple_TLL18-19	82	268332
134.1715	0.0635	ripple_TLL4-5	97	268343
134.181	0.1325	ripple_TLL29-30	93	268362
134.1915	0.159	ripple_TBPL1-2	71	268383
134.2235	0.189	ripple_TLL1-2	74	268447
134.2265	0.0385	ripple_TLL17-18	81	268453
134.231	0.036	ripple_TLL6-7	99	268462
134.253	0.0155	fr_TBAL2-3	2	268506
134.261	0.0355	ripple_TLL27-28	91	268522
134.261	0.0355	fr_TLL27-28	24	268522
134.261	0.0355	frandr_TLL27-28	58	268522
134.2715	0.04	ripple_TLL5-6	98	268543
134.2795	0.059	ripple_TLL30-31	95	268559
134.292	0.055	ripple_TLL22-23	87	268584
134.298	0.047	ripple_TLL23-24	88	268596
134.3	0.0525	ripple_TLL20-21	85	268600
134.3095	0.099	ripple_TLL2-3	84	268619
134.3105	0.0735	ripple_TBAL3-4	70	268621
134.3105	0.0735	fr_TBAL3-4	3	268621
134.3105	0.0735	frandr_TBAL3-4	37	268621
134.332	0.037	ripple_TLL14-15	79	268664
134.3475	0.1635	ripple_TLL31-32	96	268695
134.361	0.0755	ripple_TLL30-31	95	268722
134.3765	0.029	fr_TLL27-28	24	268753
134.3845	0.0795	ripple_TLL28-29	92	268769
134.3845	0.185	ripple_TLL23-24	88	268769
134.409	0.064	ripple_TBPL1-2	71	268818
134.4105	0.1685	ripple_TBPL2-3	72	268821
134.4125	0.0855	ripple_TLL26-27	90	268825
134.4155	0.088	ripple_TLL7-8	100	268831
134.416	0.0165	fr_TBAL2-3	2	268832
134.417	0.0435	ripple_TLL19-20	83	268834
134.417	0.145	ripple_TLL20-21	85	268834
134.4215	0.145	ripple_TLL22-23	87	268843
134.434	0.04	ripple_TLL9-10	101	268868
134.435	0.0645	ripple_TLL21-22	86	268870
134.4355	0.037	ripple_TLL10-11	75	268871
134.4435	0.02	fr_TLL27-28	24	268887
134.456	0.0445	ripple_TLL17-18	81	268912
134.4645	0.0485	ripple_TLL1-2	74	268929
134.4685	0.107	ripple_TLL29-30	93	268937
134.4685	0.107	fr_TLL29-30	26	268937
134.4685	0.107	frandr_TLL29-30	60	268937
134.4785	0.0885	ripple_TLL18-19	82	268957
134.4845	0.094	ripple_TLL15-16	80	268969
134.5	0.0695	ripple_TLL19-20	83	269000
134.5585	0.0125	fr_TLL30-31	28	269117
134.594	0.0125	fr_TLL17-18	14	269188
134.594	0.014	fr_TLL18-19	15	269188
134.596	0.04	ripple_TLL26-27	90	269192
134.597	0.0325	ripple_TLL1-2	74	269194
134.6	0.071	ripple_TLL4-5	97	269200
134.6	0.0795	ripple_TLL20-21	85	269200
134.601	0.044	ripple_TLL31-32	96	269202
134.602	0.043	ripple_TLL19-20	83	269204
134.622	0.0575	ripple_TBPL1-2	71	269244
134.6265	0.027	fr_TBAL3-4	3	269253
134.6355	0.021	fr_TLL6-7	32	269271
134.653	0.05	ripple_TLL18-19	82	269306
134.6535	0.041	ripple_TLL27-28	91	269307
134.6545	0.038	ripple_TLL28-29	92	269309
134.677	0.1125	ripple_TLL15-16	80	269354
134.6915	0.079	ripple_TLL22-23	87	269383
134.6935	0.053	ripple_TLL14-15	79	269387
134.695	0.0755	ripple_TLL23-24	88	269390
134.6965	0.077	ripple_TLL21-22	86	269393
134.7075	0.036	ripple_TLL1-2	74	269415
134.7085	0.12	ripple_TBPL1-2	71	269417
134.7125	0.057	ripple_TBPL2-3	72	269425
134.747	0.0585	ripple_TLL5-6	98	269494
134.7515	0.039	ripple_TLL18-19	82	269503
134.7535	0.1115	ripple_TLL19-20	83	269507
134.7985	0.0635	ripple_TLL27-28	91	269597
134.799	0.028	ripple_TLL6-7	99	269598
134.8065	0.0455	ripple_TLL14-15	79	269613
134.8175	0.215	ripple_TLL23-24	88	269635
134.8185	0.1435	ripple_TLL22-23	87	269637
134.8185	0.1435	fr_TLL22-23	20	269637
134.8185	0.1435	frandr_TLL22-23	54	269637
134.829	0.1095	ripple_TLL29-30	93	269658
134.834	0.084	ripple_TLL30-31	95	269668
134.84	0.071	ripple_TLL1-2	74	269680
134.849	0.073	ripple_TLL31-32	96	269698
134.8565	0.0335	ripple_TLL4-5	97	269713
134.8655	0.1995	ripple_TLL28-29	92	269731
134.8805	0.084	ripple_TBPL1-2	71	269761
134.885	0.085	ripple_TLL7-8	100	269770
134.909	0.12	ripple_TLL20-21	85	269818
134.9325	0.1215	ripple_TLL15-16	80	269865
134.9525	0.0335	ripple_TLL18-19	82	269905
134.955	0.044	ripple_TLL13-14	78	269910
134.9625	0.0115	fr_TLL11-12	9	269925
134.982	0.058	ripple_TLL5-6	98	269964
135.009	0.0125	fr_TLL31-32	29	270018
135.0185	0.063	ripple_TLL27-28	91	270037
135.019	0.046	ripple_TLL13-14	78	270038
135.022	0.1925	ripple_TLL14-15	79	270044
135.053	0.0845	ripple_TBPL3-4	73	270106
135.0575	0.1955	ripple_TLL30-31	95	270115
135.058	0.07	ripple_TLL19-20	83	270116
135.0905	0.068	ripple_TLL23-24	88	270181
135.091	0.068	ripple_TLL6-7	99	270182
135.1	0.06	ripple_TBPL2-3	72	270200
135.1235	0.0495	ripple_TLL31-32	96	270247
135.1305	0.0485	ripple_TLL3-4	94	270261
135.1715	0.0605	ripple_TLL28-29	92	270343
135.18	0.046	ripple_TLL12-13	77	270360
135.1835	0.033	ripple_TLL27-28	91	270367
135.205	0.0335	ripple_TLL6-7	99	270410
135.244	0.0545	ripple_TLL7-8	100	270488
135.246	0.075	ripple_TLL2-3	84	270492
135.2845	0.0355	ripple_TLL30-31	95	270569
135.287	0.159	ripple_TLL9-10	101	270574
135.294	0.047	ripple_TLL1-2	74	270588
135.303	0.2545	ripple_TLL21-22	86	270606
135.3065	0.053	ripple_TLL31-32	96	270613
135.3085	0.0435	ripple_TLL13-14	78	270617
135.314	0.034	ripple_TLL14-15	79	270628
135.315	0.052	ripple_TLL15-16	80	270630
135.323	0.043	ripple_TLL25-26	89	270646
135.3315	0.0625	ripple_TLL29-30	93	270663
135.3355	0.0765	ripple_TLL7-8	100	270671
135.337	0.0325	ripple_TLL18-19	82	270674
135.3445	0.044	ripple_TBPL3-4	73	270689
135.3545	0.0995	ripple_TLL19-20	83	270709
135.377	0.018	fr_TLL4-5	30	270754
135.378	0.036	ripple_TLL28-29	92	270756
135.393	0.1705	ripple_TLL22-23	87	270786
135.3975	0.048	ripple_TLL31-32	96	270795
135.4045	0.052	ripple_TLL25-26	89	270809
135.4045	0.052	fr_TLL25-26	22	270809
135.4045	0.052	frandr_TLL25-26	56	270809
135.4215	0.18	ripple_TLL30-31	95	270843
135.445	0.036	ripple_TLL6-7	99	270890
135.45	0.094	ripple_TLL5-6	98	270900
135.4525	0.0445	ripple_TLL23-24	88	270905
135.4555	0.073	ripple_TLL15-16	80	270911
135.4575	0.3265	ripple_TLL1-2	74	270915
135.4615	0.1435	ripple_TLL20-21	85	270923
135.466	0.043	ripple_TLL2-3	84	270932
135.4725	0.0615	ripple_TLL18-19	82	270945
135.4745	0.0475	ripple_TLL27-28	91	270949
135.4755	0.0975	ripple_TLL19-20	83	270951
135.4995	0.0705	ripple_TLL28-29	92	270999
135.5065	0.0345	ripple_TLL29-30	93	271013
135.5095	0.175	ripple_TBPL2-3	72	271019
135.5105	0.0195	fr_TLL25-26	22	271021
135.5325	0.063	ripple_TLL7-8	100	271065
135.537	0.0425	ripple_TLL6-7	99	271074
135.5805	0.1075	ripple_TLL15-16	80	271161
135.599	0.0195	fr_TLL17-18	14	271198
135.6035	0.056	ripple_TLL28-29	92	271207
135.617	0.104	ripple_TLL31-32	96	271234
135.618	0.038	ripple_TLL19-20	83	271236
135.6365	0.041	ripple_TLL29-30	93	271273
135.637	0.052	ripple_TLL6-7	99	271274
135.644	0.1085	ripple_TLL5-6	98	271288
135.665	0.0345	ripple_TLL20-21	85	271330
135.679	0.1315	ripple_TLL30-31	95	271358
135.7245	0.1325	ripple_TBPL2-3	72	271449
135.7405	0.0425	ripple_TLL28-29	92	271481
135.7525	0.078	ripple_TLL2-3	84	271505
135.7555	0.0345	ripple_TBPL1-2	71	271511
135.756	0.0235	fr_TLL25-26	22	271512
135.7885	0.083	ripple_TLL15-16	80	271577
135.789	0.057	ripple_TLL19-20	83	271578
135.8005	0.043	ripple_TLL29-30	93	271601
135.803	0.085	ripple_TLL23-24	88	271606
135.805	0.117	ripple_TLL1-2	74	271610
135.8055	0.034	ripple_TLL26-27	90	271611
135.844	0.5855	ripple_TBPL1-2	71	271688
135.867	0.034	ripple_TLL7-8	100	271734
135.8755	0.036	ripple_TLL6-7	99	271751
135.877	0.0685	ripple_TLL22-23	87	271754
135.8895	0.0405	ripple_TBPL2-3	72	271779
135.891	0.0485	ripple_TLL12-13	77	271782
135.8985	0.0455	ripple_TLL11-12	76	271797
135.8985	0.089	ripple_TLL21-22	86	271797
135.9125	0.0785	ripple_TLL29-30	93	271825
135.9155	0.094	ripple_TLL20-21	85	271831
135.919	0.057	ripple_TLL19-20	83	271838
135.9605	0.0705	ripple_TLL23-24	88	271921
135.9875	0.1645	ripple_TLL22-23	87	271975
135.9915	0.118	ripple_TLL1-2	74	271983
135.999	0.085	ripple_TBPL2-3	72	271998
136.0085	0.056	ripple_TLL6-7	99	272017
136.0095	0.0735	ripple_TLL15-16	80	272019
136.014	0.069	ripple_TLL28-29	92	272028
136.0145	0.0765	ripple_TLL29-30	93	272029
136.0235	0.0495	ripple_TLL2-3	84	272047
136.0335	0.0525	ripple_TLL14-15	79	272067
136.054	0.2005	ripple_TLL19-20	83	272108
136.0705	0.046	ripple_TLL23-24	88	272141
136.075	0.034	ripple_TLL31-32	96	272150
136.0865	0.1425	ripple_TLL7-8	100	272173
136.087	0.039	ripple_TLL17-18	81	272174
136.1055	0.0485	ripple_TLL30-31	95	272211
136.1255	0.174	ripple_TLL18-19	82	272251
136.129	0.036	ripple_TLL14-15	79	272258
136.1365	0.1555	ripple_TBPL2-3	72	272273
136.142	0.0845	ripple_TLL31-32	96	272284
136.15	0.1595	ripple_TLL15-16	80	272300
136.1595	0.0765	ripple_TLL29-30	93	272319
136.165	0.037	ripple_TLL1-2	74	272330
136.172	0.041	ripple_TLL11-12	76	272344
136.1905	0.102	ripple_TLL22-23	87	272381
136.224	0.0415	ripple_TLL20-21	85	272448
136.2375	0.0555	ripple_TLL21-22	86	272475
136.252	0.118	ripple_TLL30-31	95	272504
136.259	0.069	ripple_TLL29-30	93	272518
136.26	0.0915	ripple_TLL7-8	100	272520
136.2615	0.0375	ripple_TLL14-15	79	272523
136.2615	0.0465	ripple_TLL4-5	97	272523
136.275	0.05	ripple_TLL12-13	77	272550
136.276	0.1665	ripple_TLL31-32	96	272552
136.34	0.063	ripple_TLL11-12	76	272680
136.3485	0.0535	ripple_TLL19-20	83	272697
136.3505	0.082	ripple_TBPL2-3	72	272701
136.3515	0.149	ripple_TLL20-21	85	272703
136.3725	0.125	ripple_TLL29-30	93	272745
136.3815	0.042	ripple_TLL21-22	86	272763
136.39	0.073	ripple_TLL2-3	84	272780
136.4	0.0655	ripple_TLL1-2	74	272800
136.4055	0.0435	ripple_TLL27-28	91	272811
136.4295	0.0715	ripple_TLL19-20	83	272859
136.4635	0.1055	ripple_TBPL2-3	72	272927
136.4665	0.033	ripple_TLL14-15	79	272933
136.497	0.062	ripple_TLL1-2	74	272994
136.4995	0.059	ripple_TLL2-3	84	272999
136.5185	0.0525	ripple_TLL30-31	95	273037
136.5205	0.051	ripple_TLL14-15	79	273041
136.5255	0.0515	ripple_TLL18-19	82	273051
136.526	0.0605	ripple_TLL29-30	93	273052
136.535	0.1885	ripple_TLL19-20	83	273070
136.559	0.266	ripple_TLL22-23	87	273118
136.591	0.0385	ripple_TLL11-12	76	273182
136.5915	0.116	ripple_TLL30-31	95	273183
136.597	0.071	ripple_TLL7-8	100	273194
136.6065	0.098	ripple_TLL3-4	94	273213
136.6315	0.082	ripple_TLL6-7	99	273263
136.64	0.05	ripple_TLL4-5	97	273280
136.643	0.084	ripple_TLL29-30	93	273286
136.6435	0.126	ripple_TBPL2-3	72	273287
136.655	0.0295	ripple_TLL14-15	79	273310
136.6605	0.0615	ripple_TLL31-32	96	273321
136.6605	0.0745	ripple_TLL13-14	78	273321
136.695	0.057	ripple_TLL2-3	84	273390
136.6965	0.144	ripple_TLL1-2	74	273393
136.702	0.093	ripple_TLL18-19	82	273404
136.71	0.225	ripple_TLL20-21	85	273420
136.738	0.0575	ripple_TLL15-16	80	273476
136.75	0.185	ripple_TLL19-20	83	273500
136.7585	0.115	ripple_TLL31-32	96	273517
136.763	0.0475	ripple_TLL6-7	99	273526
136.795	0.026	fr_TBAL3-4	3	273590
136.8025	0.0415	ripple_TLL2-3	84	273605
136.8045	0.039	ripple_TLL3-4	94	273609
136.8155	0.131	ripple_TBPL2-3	72	273631
136.8335	0.089	ripple_TBPL1-2	71	273667
136.8405	0.146	ripple_TLL7-8	100	273681
136.8515	0.206	ripple_TLL22-23	87	273703
136.8655	0.4685	ripple_TLL29-30	93	273731
136.8675	0.037	ripple_TLL28-29	92	273735
136.883	0.109	ripple_TLL6-7	99	273766
136.889	0.089	ripple_TLL30-31	95	273778
136.894	0.1095	ripple_TLL1-2	74	273788
136.897	0.0805	ripple_TLL2-3	84	273794
136.928	0.094	ripple_TLL28-29	92	273856
136.9735	0.1575	ripple_TLL21-22	86	273947
136.9785	0.2265	ripple_TLL19-20	83	273957
136.999	0.032	ripple_TLL9-10	101	273998
137.0085	0.311	ripple_TLL31-32	96	274017
137.014	0.0505	ripple_TBPL2-3	72	274028
137.022	0.051	ripple_TLL23-24	88	274044
137.0455	0.0465	ripple_TLL27-28	91	274091
137.0455	0.1015	ripple_TLL30-31	95	274091
137.055	0.039	ripple_TLL26-27	90	274110
137.079	0.0455	ripple_TLL2-3	84	274158
137.083	0.1075	ripple_TBPL1-2	71	274166
137.1185	0.0665	ripple_TLL4-5	97	274237
137.126	0.092	ripple_TLL23-24	88	274252
137.134	0.072	ripple_TLL22-23	87	274268
137.1345	0.041	ripple_TLL6-7	99	274269
137.145	0.0505	ripple_TLL28-29	92	274290
137.16	0.0485	ripple_TLL2-3	84	274320
137.183	0.2385	ripple_TLL20-21	85	274366
137.197	0.0335	ripple_TLL21-22	86	274394
137.2155	0.057	ripple_TLL3-4	94	274431
137.2235	0.0605	ripple_TBPL2-3	72	274447
137.227	0.0455	ripple_TLL6-7	99	274454
137.23	0.103	ripple_TLL9-10	101	274460
137.23	0.112	ripple_TBPL1-2	71	274460
137.236	0.0355	ripple_TLL7-8	100	274472
137.2435	0.157	ripple_TLL15-16	80	274487
137.27	0.0435	ripple_TLL21-22	86	274540
137.279	0.079	ripple_TLL10-11	75	274558
137.298	0.0735	ripple_TLL1-2	74	274596
137.3295	0.0375	ripple_TLL19-20	83	274659
137.334	0.05	ripple_TLL3-4	94	274668
137.3555	0.115	ripple_TLL14-15	79	274711
137.372	0.0335	ripple_TBPL1-2	71	274744
137.3935	0.042	ripple_TLL30-31	95	274787
137.402	0.1155	ripple_TLL19-20	83	274804
137.4025	0.0355	ripple_TLL12-13	77	274805
137.4025	0.0465	ripple_TLL23-24	88	274805
137.4155	0.313	ripple_TLL1-2	74	274831
137.4165	0.067	ripple_TLL18-19	82	274833
137.424	0.035	ripple_TLL13-14	78	274848
137.445	0.0665	ripple_TLL29-30	93	274890
137.4455	0.108	ripple_TLL31-32	96	274891
137.457	0.06	ripple_TLL7-8	100	274914
137.4575	0.165	ripple_TLL15-16	80	274915
137.466	0.0565	ripple_TLL22-23	87	274932
137.4765	0.0535	ripple_TLL28-29	92	274953
137.479	0.082	ripple_TBPL2-3	72	274958
137.508	0.131	ripple_TLL2-3	84	275016
137.528	0.0655	ripple_TLL27-28	91	275056
137.5335	0.101	ripple_TLL14-15	79	275067
137.5395	0.046	ripple_TLL6-7	99	275079
137.5555	0.1815	ripple_TLL20-21	85	275111
137.5825	0.012	fr_TBAL2-3	2	275165
137.588	0.0485	ripple_TLL31-32	96	275176
137.5965	0.05	ripple_TBPL2-3	72	275193
137.609	0.083	ripple_TLL18-19	82	275218
137.6185	0.035	ripple_TLL6-7	99	275237
137.6325	0.1035	ripple_TLL21-22	86	275265
137.635	0.0315	ripple_TLL30-31	95	275270
137.639	0.0135	fr_TBAL3-4	3	275278
137.6525	0.0425	ripple_TLL22-23	87	275305
137.655	0.033	ripple_TLL29-30	93	275310
137.6555	0.051	ripple_TLL3-4	94	275311
137.661	0.0405	ripple_TLL23-24	88	275322
137.663	0.0625	ripple_TLL14-15	79	275326
137.667	0.048	ripple_TLL7-8	100	275334
137.696	0.034	ripple_TLL2-3	84	275392
137.7275	0.037	ripple_TLL3-4	94	275455
137.7335	0.0705	ripple_TLL29-30	93	275467
137.734	0.0695	ripple_TBPL2-3	72	275468
137.7355	0.139	ripple_TLL30-31	95	275471
137.757	0.0895	ripple_TLL20-21	85	275514
137.766	0.031	ripple_TLL31-32	96	275532
137.7665	0.1945	ripple_TLL19-20	83	275533
137.772	0.014	fr_TBAL3-4	3	275544
137.7745	0.1055	ripple_TLL14-15	79	275549
137.7775	0.04	ripple_TLL15-16	80	275555
137.778	0.1875	ripple_TLL2-3	84	275556
137.805	0.021	fr_TLL25-26	22	275610
137.8665	0.1	ripple_TLL21-22	86	275733
137.879	0.181	ripple_TLL29-30	93	275758
137.8795	0.1655	ripple_TLL31-32	96	275759
137.8925	0.047	ripple_TBPL2-3	72	275785
137.893	0.0545	ripple_TLL26-27	90	275786
137.919	0.1035	ripple_TLL7-8	100	275838
137.92	0.1925	ripple_TLL30-31	95	275840
137.942	0.056	ripple_TBPL1-2	71	275884
137.951	0.043	ripple_TLL5-6	98	275902
137.9525	0.035	ripple_TLL27-28	91	275905
137.965	0.03	ripple_TLL9-10	101	275930
137.9885	0.189	ripple_TLL21-22	86	275977
138.0015	0.0185	fr_TBAL3-4	3	276003
138.018	0.072	ripple_TLL9-10	101	276036
138.041	0.045	ripple_TLL18-19	82	276082
138.0415	0.0425	ripple_TLL19-20	83	276083
138.044	0.0815	ripple_TLL14-15	79	276088
138.057	0.126	ripple_TLL5-6	98	276114
138.058	0.1205	ripple_TLL15-16	80	276116
138.0665	0.213	ripple_TBPL1-2	71	276133
138.092	0.0585	ripple_TLL31-32	96	276184
138.096	0.039	ripple_TLL7-8	100	276192
138.0975	0.0175	fr_TBAL3-4	3	276195
138.1025	0.079	ripple_TLL10-11	75	276205
138.106	0.1335	ripple_TLL19-20	83	276212
138.108	0.0575	ripple_TLL1-2	74	276216
138.112	0.129	ripple_TLL20-21	85	276224
138.1135	0.08	ripple_TLL2-3	84	276227
138.1165	0.131	ripple_TLL9-10	101	276233
138.142	0.095	ripple_TLL23-24	88	276284
138.148	0.0565	ripple_TLL4-5	97	276296
138.1815	0.0845	ripple_TLL31-32	96	276363
138.22	0.087	ripple_TLL3-4	94	276440
138.2275	0.192	ripple_TBPL2-3	72	276455
138.2425	0.058	ripple_TLL15-16	80	276485
138.2475	0.098	ripple_TLL29-30	93	276495
138.2605	0.059	ripple_TLL28-29	92	276521
138.2695	0.0315	fr_TBAL2-3	2	276539
138.2715	0.017	fr_TBAL3-4	3	276543
138.273	0.3305	ripple_TLL30-31	95	276546
138.294	0.0455	ripple_TLL1-2	74	276588
138.294	0.0455	fr_TLL1-2	7	276588
138.294	0.0455	frandr_TLL1-2	41	276588
138.298	0.103	ripple_TLL11-12	76	276596
138.301	0.06	ripple_TLL21-22	86	276602
138.355	0.063	ripple_TLL3-4	94	276710
138.359	0.039	ripple_TLL19-20	83	276718
138.3635	0.0385	ripple_TLL1-2	74	276727
138.3665	0.0375	ripple_TLL31-32	96	276733
138.3885	0.07	ripple_TLL23-24	88	276777
138.39	0.0875	ripple_TLL21-22	86	276780
138.396	0.075	ripple_TLL6-7	99	276792
138.406	0.057	ripple_TLL28-29	92	276812
138.429	0.115	ripple_TLL20-21	85	276858
138.439	0.045	ripple_TLL1-2	74	276878
138.443	0.1055	ripple_TLL29-30	93	276886
138.4435	0.091	ripple_TLL3-4	94	276887
138.453	0.0325	ripple_TLL15-16	80	276906
138.4625	0.2425	ripple_TBPL2-3	72	276925
138.467	0.062	ripple_TLL31-32	96	276934
138.469	0.1755	ripple_TLL22-23	87	276938
138.5065	0.037	ripple_TLL21-22	86	277013
138.554	0.0515	ripple_TLL15-16	80	277108
138.579	0.0515	ripple_TLL31-32	96	277158
138.5885	0.0485	ripple_TLL7-8	100	277177
138.5995	0.0485	ripple_TBPL1-2	71	277199
138.632	0.0415	ripple_TLL26-27	90	277264
138.6405	0.063	ripple_TLL29-30	93	277281
138.646	0.0445	ripple_TLL30-31	95	277292
138.654	0.046	ripple_TLL3-4	94	277308
138.6575	0.1285	ripple_TLL31-32	96	277315
138.668	0.0305	ripple_TLL15-16	80	277336
138.6775	0.1985	ripple_TLL19-20	83	277355
138.695	0.103	ripple_TLL23-24	88	277390
138.6995	0.0355	fr_TBAL3-4	3	277399
138.714	0.058	ripple_TLL2-3	84	277428
138.735	0.061	ripple_TBPL2-3	72	277470
138.7595	0.029	ripple_TLL27-28	91	277519
138.7775	0.0395	ripple_TLL5-6	98	277555
138.803	0.3045	ripple_TLL20-21	85	277606
138.8175	0.087	ripple_TLL14-15	79	277635
138.8255	0.0445	ripple_TLL31-32	96	277651
138.842	0.093	ripple_TLL3-4	94	277684
138.8475	0.1335	ripple_TLL1-2	74	277695
138.8535	0.0135	fr_TBAL3-4	3	277707
138.854	0.0665	ripple_TBPL1-2	71	277708
138.857	0.077	ripple_TLL23-24	88	277714
138.8615	0.051	ripple_TLL21-22	86	277723
138.8725	0.036	ripple_TLL15-16	80	277745
138.8935	0.0405	ripple_TLL2-3	84	277787
138.8935	0.0455	ripple_TLL22-23	87	277787
138.897	0.0525	ripple_TLL31-32	96	277794
138.903	0.0375	ripple_TLL30-31	95	277806
138.905	0.1475	ripple_TBPL2-3	72	277810
138.9335	0.0295	ripple_TLL19-20	83	277867
138.951	0.2195	ripple_TBPL1-2	71	277902
138.9725	0.047	ripple_TLL11-12	76	277945
138.981	0.0525	ripple_TLL23-24	88	277962
138.9815	0.0815	ripple_TLL30-31	95	277963
138.983	0.0345	ripple_TLL9-10	101	277966
138.991	0.0295	ripple_TLL31-32	96	277982
139.0065	0.091	ripple_TLL28-29	92	278013
139.0095	0.081	ripple_TLL19-20	83	278019
139.02	0.0355	ripple_TLL26-27	90	278040
139.037	0.046	ripple_TLL29-30	93	278074
139.086	0.1235	ripple_TLL22-23	87	278172
139.0875	0.2195	ripple_TLL23-24	88	278175
139.088	0.1215	ripple_TLL1-2	74	278176
139.0915	0.0485	ripple_TLL2-3	84	278183
139.109	0.053	ripple_TLL15-16	80	278218
139.119	0.061	ripple_TLL30-31	95	278238
139.121	0.041	ripple_TLL14-15	79	278242
139.127	0.032	ripple_TLL4-5	97	278254
139.1305	0.0385	ripple_TLL3-4	94	278261
139.132	0.1465	ripple_TLL19-20	83	278264
139.137	0.127	ripple_TLL20-21	85	278274
139.1585	0.1225	ripple_TLL31-32	96	278317
139.1825	0.066	ripple_TLL21-22	86	278365
139.1905	0.108	ripple_TLL28-29	92	278381
139.2005	0.1275	ripple_TBPL1-2	71	278401
139.2395	0.0495	ripple_TLL27-28	91	278479
139.2515	0.0535	ripple_TLL7-8	100	278503
139.253	0.18	ripple_TLL6-7	99	278506
139.2835	0.073	ripple_TLL30-31	95	278567
139.3115	0.1125	ripple_TLL29-30	93	278623
139.332	0.0775	ripple_TLL28-29	92	278664
139.333	0.1265	ripple_TLL31-32	96	278666
139.3445	0.04	ripple_TLL11-12	76	278689
139.349	0.296	ripple_TBPL2-3	72	278698
139.3615	0.037	ripple_TLL14-15	79	278723
139.3615	0.092	ripple_TLL21-22	86	278723
139.3645	0.042	ripple_TLL20-21	85	278729
139.367	0.0915	ripple_TLL7-8	100	278734
139.3835	0.017	fr_TBAL3-4	3	278767
139.3905	0.0375	ripple_TLL22-23	87	278781
139.4	0.036	ripple_TLL3-4	94	278800
139.4065	0.0615	ripple_TLL15-16	80	278813
139.418	0.0335	ripple_TLL27-28	91	278836
139.434	0.036	ripple_TLL30-31	95	278868
139.441	0.0395	ripple_TBPL1-2	71	278882
139.4495	0.039	ripple_TLL22-23	87	278899
139.453	0.0175	fr_TLL28-29	25	278906
139.455	0.1005	ripple_TLL19-20	83	278910
139.461	0.1025	ripple_TLL20-21	85	278922
139.494	0.1355	ripple_TLL30-31	95	278988
139.5005	0.198	ripple_TLL1-2	74	279001
139.5085	0.0645	ripple_TLL29-30	93	279017
139.5225	0.048	ripple_TLL13-14	78	279045
139.524	0.0345	ripple_TLL5-6	98	279048
139.531	0.0445	ripple_TLL2-3	84	279062
139.536	0.056	ripple_TLL22-23	87	279072
139.5455	0.029	ripple_TLL28-29	92	279091
139.5715	0.073	ripple_TLL15-16	80	279143
139.5755	0.056	ripple_TLL18-19	82	279151
139.579	0.062	ripple_TLL14-15	79	279158
139.5905	0.063	ripple_TLL21-22	86	279181
139.598	0.0585	ripple_TLL6-7	99	279196
139.6035	0.1295	ripple_TLL20-21	85	279207
139.612	0.068	ripple_TLL31-32	96	279224
139.619	0.0385	ripple_TLL28-29	92	279238
139.623	0.217	ripple_TLL22-23	87	279246
139.6265	0.085	ripple_TLL19-20	83	279253
139.632	0.1105	ripple_TLL23-24	88	279264
139.6635	0.1005	ripple_TLL7-8	100	279327
139.6835	0.1165	ripple_TLL14-15	79	279367
139.6895	0.057	ripple_TLL13-14	78	279379
139.706	0.054	ripple_TLL29-30	93	279412
139.72	0.032	ripple_TLL1-2	74	279440
139.725	0.115	ripple_TLL31-32	96	279450
139.731	0.0355	ripple_TLL6-7	99	279462
139.744	0.1785	ripple_TLL30-31	95	279488
139.753	0.064	ripple_TLL20-21	85	279506
139.7665	0.11	ripple_TBPL1-2	71	279533
139.776	0.0565	ripple_TLL15-16	80	279552
139.789	0.071	ripple_TLL19-20	83	279578
139.794	0.0525	ripple_TLL23-24	88	279588
139.8235	0.0105	fr_TLL13-14	11	279647
139.8275	0.044	ripple_TLL21-22	86	279655
139.829	0.053	ripple_TLL4-5	97	279658
139.831	0.0815	ripple_TBPL2-3	72	279662
139.834	0.0395	ripple_TLL18-19	82	279668
139.8415	0.0755	ripple_TLL29-30	93	279683
139.8645	0.0595	ripple_TLL1-2	74	279729
139.8675	0.0335	ripple_TLL6-7	99	279735
139.879	0.149	ripple_TLL20-21	85	279758
139.9035	0.0145	fr_TLL22-23	20	279807
139.9075	0.067	ripple_TLL19-20	83	279815
139.936	0.077	ripple_TLL27-28	91	279872
139.9365	0.0355	ripple_TLL5-6	98	279873
139.9385	0.0415	ripple_TLL17-18	81	279877
139.956	0.0355	ripple_TLL18-19	82	279912
139.9565	0.098	ripple_TBPL2-3	72	279913
139.968	0.094	ripple_TLL23-24	88	279936
139.978	0.2775	ripple_TLL22-23	87	279956
139.979	0.044	ripple_TLL13-14	78	279958
139.993	0.0375	ripple_TLL21-22	86	279986
140.0	0.0385	ripple_TLL9-10	101	280000
140.006	0.1725	ripple_TLL2-3	84	280012
140.017	0.041	ripple_TLL30-31	95	280034
140.0305	0.0505	ripple_TLL29-30	93	280061
140.043	0.0645	ripple_TLL28-29	92	280086
140.064	0.042	ripple_TLL7-8	100	280128
140.092	0.137	ripple_TLL20-21	85	280184
140.1025	0.0715	ripple_TLL1-2	74	280205
140.109	0.084	ripple_TLL29-30	93	280218
140.1195	0.02	fr_TBAL3-4	3	280239
140.1295	0.036	ripple_TLL21-22	86	280259
140.139	0.119	ripple_TLL30-31	95	280278
140.1395	0.064	ripple_TBPL2-3	72	280279
140.1595	0.043	ripple_TLL19-20	83	280319
140.1665	0.053	ripple_TLL9-10	101	280333
140.1685	0.078	ripple_TLL31-32	96	280337
140.198	0.054	ripple_TLL23-24	88	280396
140.202	0.064	ripple_TLL15-16	80	280404
140.2155	0.1935	ripple_TBPL1-2	71	280431
140.2255	0.0505	ripple_TLL2-3	84	280451
140.2285	0.041	ripple_TLL29-30	93	280457
140.234	0.0445	ripple_TBPL3-4	73	280468
140.251	0.0305	ripple_TLL18-19	82	280502
140.2555	0.0305	ripple_TLL27-28	91	280511
140.2615	0.0395	ripple_TBPL2-3	72	280523
140.268	0.036	ripple_TLL14-15	79	280536
140.283	0.067	ripple_TLL22-23	87	280566
140.291	0.0335	ripple_TLL19-20	83	280582
140.2915	0.0315	ripple_TLL20-21	85	280583
140.2995	0.0715	ripple_TLL2-3	84	280599
140.3045	0.05	ripple_TLL31-32	96	280609
140.3095	0.0395	ripple_TLL23-24	88	280619
140.3355	0.048	ripple_TLL25-26	89	280671
140.337	0.141	ripple_TBPL2-3	72	280674
140.343	0.0455	ripple_TLL30-31	95	280686
140.38	0.0135	fr_TLL1-2	7	280760
140.392	0.1765	ripple_TLL5-6	98	280784
140.398	0.0455	ripple_TLL6-7	99	280796
140.3995	0.0485	ripple_TLL29-30	93	280799
140.41	0.04	ripple_TLL18-19	82	280820
140.41	0.0715	ripple_TLL31-32	96	280820
140.4155	0.04	ripple_TLL10-11	75	280831
140.4335	0.1045	ripple_TLL7-8	100	280867
140.4435	0.035	ripple_TLL19-20	83	280887
140.444	0.049	ripple_TLL20-21	85	280888
140.4475	0.054	ripple_TLL30-31	95	280895
140.4515	0.055	ripple_TLL13-14	78	280903
140.4625	0.097	ripple_TLL28-29	92	280925
140.471	0.038	ripple_TBPL3-4	73	280942
140.479	0.0335	ripple_TLL2-3	84	280958
140.5065	0.0895	ripple_TLL29-30	93	281013
140.5135	0.1895	ripple_TLL21-22	86	281027
140.516	0.052	ripple_TLL31-32	96	281032
140.5175	0.043	ripple_TLL27-28	91	281035
140.53	0.0905	ripple_TLL22-23	87	281060
140.532	0.037	ripple_TLL1-2	74	281064
140.5325	0.063	ripple_TLL2-3	84	281065
140.5435	0.041	ripple_TLL11-12	76	281087
140.5675	0.043	ripple_TLL4-5	97	281135
140.575	0.128	ripple_TBPL1-2	71	281150
140.576	0.0135	fr_TBAL3-4	3	281152
140.59	0.046	ripple_TLL19-20	83	281180
140.6135	0.062	ripple_TLL31-32	96	281227
140.6315	0.0375	ripple_TLL2-3	84	281263
140.6315	0.081	ripple_TLL20-21	85	281263
140.633	0.0515	ripple_TLL5-6	98	281266
140.6395	0.0335	ripple_TLL7-8	100	281279
140.65	0.083	ripple_TLL18-19	82	281300
140.6505	0.085	ripple_TLL29-30	93	281301
140.651	0.054	ripple_TLL3-4	94	281302
140.67	0.089	ripple_TLL19-20	83	281340
140.689	0.146	ripple_TLL15-16	80	281378
140.7025	0.064	ripple_TLL7-8	100	281405
140.7045	0.096	ripple_TLL6-7	99	281409
140.7075	0.1055	ripple_TLL31-32	96	281415
140.727	0.094	ripple_TLL11-12	76	281454
140.7325	0.035	ripple_TLL12-13	77	281465
140.7355	0.0815	ripple_TLL21-22	86	281471
140.7455	0.1005	ripple_TLL14-15	79	281491
140.753	0.0625	ripple_TLL20-21	85	281506
140.7575	0.0305	ripple_TBPL2-3	72	281515
140.777	0.0425	fr_TBAL3-4	3	281554
140.777	0.062	ripple_TLL1-2	74	281554
140.796	0.066	ripple_TLL23-24	88	281592
140.8135	0.0515	ripple_TBPL3-4	73	281627
140.8275	0.3085	ripple_TBPL2-3	72	281655
140.836	0.038	ripple_TBPL1-2	71	281672
140.8425	0.093	ripple_TLL30-31	95	281685
140.8455	0.0825	ripple_TLL31-32	96	281691
140.852	0.0175	fr_TBAL3-4	3	281704
140.865	0.0565	ripple_TLL6-7	99	281730
140.87	0.112	ripple_TLL29-30	93	281740
140.87	0.112	fr_TLL29-30	26	281740
140.87	0.112	frandr_TLL29-30	60	281740
140.872	0.0345	ripple_TLL5-6	98	281744
140.8725	0.038	ripple_TLL19-20	83	281745
140.9075	0.0115	fr_TLL14-15	12	281815
140.9345	0.0835	ripple_TLL19-20	83	281869
140.941	0.025	fr_TLL11-12	9	281882
140.962	0.051	ripple_TLL3-4	94	281924
140.9745	0.0515	ripple_TLL31-32	96	281949
140.9965	0.0515	ripple_TLL21-22	86	281993
140.9975	0.277	ripple_TLL1-2	74	281995
140.998	0.014	fr_TBAL3-4	3	281996
140.9995	0.048	ripple_TLL18-19	82	281999
141.01	0.054	ripple_TLL22-23	87	282020
141.0175	0.3415	ripple_TLL20-21	85	282035
141.019	0.0675	ripple_TLL28-29	92	282038
141.02	0.05	ripple_TLL6-7	99	282040
141.029	0.0525	ripple_TLL23-24	88	282058
141.0315	0.0325	ripple_TLL5-6	98	282063
141.0365	0.0495	ripple_TLL29-30	93	282073
141.037	0.0375	ripple_TLL3-4	94	282074
141.059	0.0995	ripple_TLL19-20	83	282118
141.07	0.055	ripple_TBPL1-2	71	282140
141.0825	0.081	ripple_TLL21-22	86	282165
141.0855	0.1315	ripple_TLL30-31	95	282171
141.096	0.0485	ripple_TLL18-19	82	282192
141.1035	0.0565	ripple_TLL17-18	81	282207
141.104	0.0635	ripple_TLL3-4	94	282208
141.135	0.079	ripple_TLL2-3	84	282270
141.139	0.042	ripple_TLL29-30	93	282278
141.1845	0.1455	ripple_TBPL2-3	72	282369
141.186	0.0615	ripple_TLL7-8	100	282372
141.1955	0.043	ripple_TLL21-22	86	282391
141.201	0.042	ripple_TLL19-20	83	282402
141.203	0.0455	ripple_TLL18-19	82	282406
141.2035	0.047	ripple_TLL15-16	80	282407
141.2065	0.054	ripple_TLL22-23	87	282413
141.2145	0.0375	ripple_TLL6-7	99	282429
141.2615	0.048	ripple_TLL26-27	90	282523
141.268	0.0565	ripple_TLL14-15	79	282536
141.2705	0.0325	fr_TBAL3-4	3	282541
141.2905	0.044	ripple_TLL22-23	87	282581
141.294	0.0135	fr_TBAL2-3	2	282588
141.3015	0.069	ripple_TLL31-32	96	282603
141.3085	0.0635	ripple_TLL29-30	93	282617
141.312	0.0285	ripple_TLL18-19	82	282624
141.315	0.068	ripple_TLL6-7	99	282630
141.3245	0.0545	ripple_TLL27-28	91	282649
141.3335	0.0385	ripple_TLL30-31	95	282667
141.335	0.033	ripple_TLL10-11	75	282670
141.336	0.0965	ripple_TLL15-16	80	282672
141.3475	0.0195	fr_TBAL2-3	2	282695
141.35	0.0895	ripple_TLL21-22	86	282700
141.3535	0.0285	ripple_TLL1-2	74	282707
141.358	0.0955	ripple_TLL19-20	83	282716
141.359	0.0605	ripple_TLL14-15	79	282718
141.3625	0.1015	ripple_TBPL2-3	72	282725
141.3955	0.044	ripple_TLL28-29	92	282791
141.4125	0.119	ripple_TLL30-31	95	282825
141.4185	0.11	ripple_TLL1-2	74	282837
141.4205	0.03	ripple_TBAL3-4	70	282841
141.4205	0.03	fr_TBAL3-4	3	282841
141.4205	0.03	frandr_TBAL3-4	37	282841
141.4205	0.0375	ripple_TLL18-19	82	282841
141.4215	0.0515	ripple_TLL27-28	91	282843
141.428	0.113	ripple_TLL20-21	85	282856
141.431	0.2905	ripple_TBPL1-2	71	282862
141.4595	0.074	ripple_TLL21-22	86	282919
141.464	0.094	ripple_TLL28-29	92	282928
141.4805	0.1115	ripple_TLL31-32	96	282961
141.481	0.1795	ripple_TLL22-23	87	282962
141.484	0.0785	ripple_TBPL2-3	72	282968
141.4855	0.0245	ripple_TLL15-16	80	282971
141.4945	0.043	ripple_TBAL3-4	70	282989
141.4945	0.043	fr_TBAL3-4	3	282989
141.4945	0.043	frandr_TBAL3-4	37	282989
141.4985	0.08	ripple_TBPL3-4	73	282997
141.508	0.0535	ripple_TLL6-7	99	283016
141.52	0.1325	ripple_TLL29-30	93	283040
141.53	0.0675	ripple_TLL5-6	98	283060
141.554	0.0675	ripple_TLL30-31	95	283108
141.56	0.0645	ripple_TLL1-2	74	283120
141.569	0.082	ripple_TLL20-21	85	283138
141.5725	0.053	ripple_TLL21-22	86	283145
141.576	0.0185	fr_TLL23-24	21	283152
141.5975	0.0405	ripple_TLL28-29	92	283195
141.6195	0.0135	fr_TBAL3-4	3	283239
141.6205	0.0465	ripple_TLL14-15	79	283241
141.624	0.037	ripple_TLL31-32	96	283248
141.6245	0.104	ripple_TLL19-20	83	283249
141.633	0.038	ripple_TLL18-19	82	283266
141.6725	0.0265	ripple_TLL11-12	76	283345
141.6765	0.058	ripple_TBPL2-3	72	283353
141.686	0.032	ripple_TLL20-21	85	283372
141.6935	0.1375	ripple_TLL31-32	96	283387
141.7015	0.137	ripple_TLL15-16	80	283403
141.705	0.046	ripple_TLL5-6	98	283410
141.709	0.0925	ripple_TLL14-15	79	283418
141.7095	0.1065	ripple_TLL28-29	92	283419
141.7115	0.075	ripple_TLL27-28	91	283423
141.717	0.067	ripple_TLL21-22	86	283434
141.728	0.045	ripple_TLL29-30	93	283456
141.7635	0.1235	ripple_TLL6-7	99	283527
141.789	0.0385	ripple_TLL30-31	95	283578
141.789	0.0795	ripple_TBPL2-3	72	283578
141.8235	0.089	ripple_TLL2-3	84	283647
141.8275	0.057	ripple_TLL1-2	74	283655
141.8345	0.172	ripple_TBPL1-2	71	283669
141.847	0.029	fr_TLL14-15	12	283694
141.8485	0.037	ripple_TLL23-24	88	283697
141.8685	0.0405	ripple_TLL19-20	83	283737
141.878	0.0455	ripple_TLL17-18	81	283756
141.8805	0.0445	ripple_TLL30-31	95	283761
141.891	0.0165	fr_TLL22-23	20	283782
141.891	0.276	ripple_TLL20-21	85	283782
141.893	0.192	ripple_TLL31-32	96	283786
141.9085	0.107	ripple_TLL28-29	92	283817
141.9225	0.0575	ripple_TBPL2-3	72	283845
141.9305	0.035	ripple_TLL9-10	101	283861
141.935	0.0525	ripple_TLL19-20	83	283870
141.943	0.0475	ripple_TLL26-27	90	283886
141.946	0.0435	ripple_TLL27-28	91	283892
141.9505	0.091	ripple_TLL1-2	74	283901
141.952	0.0425	ripple_TLL2-3	84	283904
141.9575	0.0585	ripple_TLL29-30	93	283915
141.964	0.0825	ripple_TLL18-19	82	283928
141.9845	0.0405	ripple_TLL21-22	86	283969
141.9865	0.032	ripple_TLL6-7	99	283973
141.993	0.1405	ripple_TLL22-23	87	283986
142.0065	0.0565	ripple_TLL10-11	75	284013
142.0125	0.042	ripple_TLL27-28	91	284025
142.021	0.045	ripple_TLL14-15	79	284042
142.029	0.098	ripple_TLL19-20	83	284058
142.0595	0.0865	ripple_TLL7-8	100	284119
142.0905	0.141	ripple_TLL6-7	99	284181
142.098	0.0315	ripple_TLL14-15	79	284196
142.114	0.063	ripple_TLL31-32	96	284228
142.1345	0.378	ripple_TLL21-22	86	284269
142.1455	0.2245	ripple_TLL29-30	93	284291
142.1585	0.132	ripple_TLL15-16	80	284317
142.2005	0.0295	ripple_TLL14-15	79	284401
142.21	0.061	ripple_TLL30-31	95	284420
142.2105	0.05	ripple_TLL31-32	96	284421
142.211	0.0325	ripple_TLL27-28	91	284422
142.2235	0.155	ripple_TLL7-8	100	284447
142.2295	0.116	ripple_TLL20-21	85	284459
142.238	0.0305	ripple_TLL28-29	92	284476
142.25	0.098	ripple_TBPL2-3	72	284500
142.251	0.037	ripple_TLL3-4	94	284502
142.2985	0.143	ripple_TLL19-20	83	284597
142.3095	0.112	ripple_TLL6-7	99	284619
142.315	0.0375	ripple_TLL5-6	98	284630
142.316	0.065	ripple_TLL31-32	96	284632
142.325	0.216	ripple_TLL14-15	79	284650
142.332	0.053	ripple_TLL2-3	84	284664
142.35	0.072	ripple_TLL28-29	92	284700
142.3525	0.0385	ripple_TLL1-2	74	284705
142.38	0.056	ripple_TBPL2-3	72	284760
142.392	0.0465	ripple_TLL11-12	76	284784
142.394	0.0935	ripple_TLL18-19	82	284788
142.396	0.046	ripple_TLL30-31	95	284792
142.41	0.105	ripple_TLL31-32	96	284820
142.436	0.0515	ripple_TLL27-28	91	284872
142.436	0.0515	fr_TLL27-28	24	284872
142.436	0.0515	frandr_TLL27-28	58	284872
142.4415	0.0365	ripple_TLL2-3	84	284883
142.4465	0.0605	ripple_TLL26-27	90	284893
142.4505	0.0455	ripple_TLL6-7	99	284901
142.451	0.0325	ripple_TBPL1-2	71	284902
142.4645	0.38	ripple_TLL29-30	93	284929
142.4975	0.0875	ripple_TBPL2-3	72	284995
142.523	0.018	fr_TBAL3-4	3	285046
142.5285	0.0555	ripple_TLL20-21	85	285057
142.5355	0.039	ripple_TLL30-31	95	285071
142.574	0.056	ripple_TLL7-8	100	285148
142.59	0.063	ripple_TLL21-22	86	285180
142.6085	0.0375	ripple_TLL28-29	92	285217
142.6105	0.068	ripple_TLL30-31	95	285221
142.613	0.156	ripple_TLL1-2	74	285226
142.616	0.045	ripple_TLL4-5	97	285232
142.619	0.1375	ripple_TLL2-3	84	285238
142.6205	0.077	ripple_TLL6-7	99	285241
142.6325	0.1755	ripple_TBPL2-3	72	285265
142.646	0.0365	ripple_TLL19-20	83	285292
142.6505	0.0475	ripple_TLL7-8	100	285301
142.6525	0.07	ripple_TLL23-24	88	285305
142.659	0.2665	ripple_TLL20-21	85	285318
142.6745	0.1275	ripple_TLL14-15	79	285349
142.679	0.058	ripple_TLL15-16	80	285358
142.6945	0.036	ripple_TLL11-12	76	285389
142.7055	0.0865	ripple_TLL13-14	78	285411
142.707	0.093	ripple_TLL30-31	95	285414
142.7115	0.1415	ripple_TLL21-22	86	285423
142.7625	0.072	ripple_TLL28-29	92	285525
142.773	0.091	ripple_TLL6-7	99	285546
142.8075	0.0355	ripple_TLL18-19	82	285615
142.82	0.048	ripple_TLL2-3	84	285640
142.821	0.078	ripple_TLL30-31	95	285642
142.8235	0.065	ripple_TLL1-2	74	285647
142.8495	0.043	ripple_TLL19-20	83	285699
142.854	0.017	fr_TLL23-24	21	285708
142.8625	0.1115	ripple_TLL14-15	79	285725
142.864	0.0505	ripple_TLL9-10	101	285728
142.868	0.0435	ripple_TLL15-16	80	285736
142.8755	0.0445	ripple_TLL12-13	77	285751
142.881	0.0495	ripple_TLL3-4	94	285762
142.8845	0.055	ripple_TLL29-30	93	285769
142.9045	0.0425	ripple_TBPL3-4	73	285809
142.9115	0.0385	ripple_TLL6-7	99	285823
142.9165	0.0675	ripple_TLL4-5	97	285833
142.9235	0.0415	ripple_TLL1-2	74	285847
142.943	0.1225	ripple_TLL30-31	95	285886
142.9515	0.0345	ripple_TLL13-14	78	285903
142.958	0.213	ripple_TLL23-24	88	285916
142.965	0.099	ripple_TLL22-23	87	285930
142.9705	0.0545	ripple_TBPL1-2	71	285941
142.984	0.084	ripple_TLL5-6	98	285968
142.987	0.0875	ripple_TLL7-8	100	285974
143.0215	0.041	ripple_TLL4-5	97	286043
143.0245	0.0465	ripple_TLL27-28	91	286049
143.0275	0.011	fr_TBAL2-3	2	286055
143.0365	0.0805	ripple_TLL15-16	80	286073
143.0385	0.064	ripple_TLL2-3	84	286077
143.0505	0.041	ripple_TLL20-21	85	286101
143.0505	0.046	ripple_TBPL1-2	71	286101
143.0585	0.1305	ripple_TLL1-2	74	286117
143.063	0.0365	ripple_TLL21-22	86	286126
143.065	0.0155	fr_TBAL3-4	3	286130
143.0785	0.0865	ripple_TLL29-30	93	286157
143.09	0.093	ripple_TLL19-20	83	286180
143.102	0.0555	ripple_TLL3-4	94	286204
143.1145	0.055	ripple_TLL22-23	87	286229
143.1165	0.193	ripple_TLL31-32	96	286233
143.1255	0.053	ripple_TLL6-7	99	286251
143.1385	0.031	ripple_TLL7-8	100	286277
143.1545	0.1505	ripple_TBPL1-2	71	286309
143.165	0.0205	fr_TLL4-5	30	286330
143.1665	0.035	ripple_TLL15-16	80	286333
143.1715	0.0325	ripple_TLL14-15	79	286343
143.1915	0.044	ripple_TLL29-30	93	286383
143.1945	0.118	ripple_TLL20-21	85	286389
143.195	0.057	ripple_TLL28-29	92	286390
143.197	0.0385	ripple_TLL26-27	90	286394
143.1995	0.0425	ripple_TLL23-24	88	286399
143.2265	0.065	ripple_TLL14-15	79	286453
143.2435	0.155	ripple_TLL19-20	83	286487
143.2435	0.155	fr_TLL19-20	16	286487
143.2435	0.155	frandr_TLL19-20	50	286487
143.2515	0.0385	ripple_TLL7-8	100	286503
143.2565	0.0525	ripple_TLL1-2	74	286513
143.2655	0.064	ripple_TLL2-3	84	286531
143.2715	0.0485	ripple_TLL10-11	75	286543
143.272	0.0395	ripple_TLL22-23	87	286544
143.2805	0.0565	ripple_TLL9-10	101	286561
143.304	0.131	ripple_TBPL2-3	72	286608
143.32	0.0725	ripple_TLL29-30	93	286640
143.3255	0.1325	ripple_TBPL1-2	71	286651
143.332	0.0525	ripple_TLL5-6	98	286664
143.3445	0.047	ripple_TLL21-22	86	286689
143.3445	0.0515	ripple_TLL30-31	95	286689
143.358	0.067	ripple_TLL23-24	88	286716
143.381	0.046	ripple_TLL22-23	87	286762
143.3935	0.031	ripple_TLL7-8	100	286787
143.399	0.0585	ripple_TLL1-2	74	286798
143.4235	0.0715	ripple_TLL14-15	79	286847
143.4455	0.1465	ripple_TLL20-21	85	286891
143.4695	0.035	ripple_TLL13-14	78	286939
143.4745	0.083	ripple_TLL30-31	95	286949
143.483	0.05	ripple_TLL29-30	93	286966
143.4935	0.031	ripple_TLL7-8	100	286987
143.4975	0.217	ripple_TLL22-23	87	286995
143.498	0.076	ripple_TLL28-29	92	286996
143.498	0.161	ripple_TLL23-24	88	286996
143.5085	0.056	ripple_TLL2-3	84	287017
143.516	0.06	ripple_TLL19-20	83	287032
143.5235	0.0675	ripple_TLL11-12	76	287047
143.529	0.109	ripple_TLL21-22	86	287058
143.5305	0.132	ripple_TLL31-32	96	287061
143.5315	0.0495	ripple_TLL6-7	99	287063
143.545	0.0525	ripple_TLL12-13	77	287090
143.5475	0.0465	ripple_TLL17-18	81	287095
143.5485	0.1435	ripple_TLL14-15	79	287097
143.5685	0.0515	ripple_TLL13-14	78	287137
143.571	0.194	ripple_TBPL1-2	71	287142
143.611	0.09	ripple_TLL30-31	95	287222
143.6115	0.0605	ripple_TLL15-16	80	287223
143.6145	0.0935	ripple_TLL29-30	93	287229
143.6335	0.056	ripple_TLL11-12	76	287267
143.641	0.0385	ripple_TLL10-11	75	287282
143.6425	0.1	ripple_TLL28-29	92	287285
143.6455	0.0315	ripple_TLL27-28	91	287291
143.647	0.1365	ripple_TLL2-3	84	287294
143.6475	0.0755	ripple_TLL3-4	94	287295
143.677	0.057	ripple_TLL1-2	74	287354
143.691	0.16	ripple_TLL31-32	96	287382
143.7215	0.0515	ripple_TBPL2-3	72	287443
143.731	0.056	ripple_TLL11-12	76	287462
143.733	0.0405	ripple_TLL9-10	101	287466
143.734	0.061	ripple_TLL12-13	77	287468
143.736	0.038	ripple_TLL29-30	93	287472
143.739	0.063	ripple_TBPL3-4	73	287478
143.758	0.0795	ripple_TLL30-31	95	287516
143.758	0.089	ripple_TLL20-21	85	287516
143.7635	0.127	ripple_TLL22-23	87	287527
143.769	0.032	ripple_TLL28-29	92	287538
143.7885	0.0675	ripple_TLL3-4	94	287577
143.7885	0.073	ripple_TLL23-24	88	287577
143.804	0.08	ripple_TLL19-20	83	287608
143.82	0.151	ripple_TBPL2-3	72	287640
143.821	0.0945	ripple_TLL2-3	84	287642
143.837	0.0425	ripple_TBPL1-2	71	287674
143.8385	0.0805	ripple_TLL14-15	79	287677
143.841	0.038	ripple_TLL7-8	100	287682
143.843	0.0985	ripple_TLL29-30	93	287686
143.844	0.05	ripple_TLL6-7	99	287688
143.845	0.065	ripple_TLL27-28	91	287690
143.8455	0.07	ripple_TLL13-14	78	287691
143.8475	0.2245	ripple_TLL28-29	92	287695
143.8615	0.094	ripple_TLL10-11	75	287723
143.868	0.054	ripple_TLL15-16	80	287736
143.8685	0.0605	ripple_TLL5-6	98	287737
143.927	0.045	ripple_TLL30-31	95	287854
143.9355	0.042	ripple_TLL4-5	97	287871
143.939	0.212	ripple_TLL19-20	83	287878
143.94	0.106	ripple_TLL6-7	99	287880
143.9505	0.0925	ripple_TLL7-8	100	287901
143.96	0.1635	ripple_TLL21-22	86	287920
144.0195	0.042	ripple_TLL1-2	74	288039
144.0215	0.0475	ripple_TLL12-13	77	288043
144.0265	0.0565	ripple_TLL31-32	96	288053
144.031	0.0435	ripple_TLL29-30	93	288062
144.033	0.1195	ripple_TLL30-31	95	288066
144.0395	0.0365	ripple_TLL13-14	78	288079
144.048	0.067	ripple_TLL3-4	94	288096
144.056	0.082	ripple_TLL18-19	82	288112
144.059	0.11	ripple_TLL2-3	84	288118
144.0605	0.101	ripple_TLL15-16	80	288121
144.0695	0.3075	ripple_TLL14-15	79	288139
144.0805	0.082	ripple_TBPL2-3	72	288161
144.113	0.15	ripple_TLL13-14	78	288226
144.116	0.0785	ripple_TLL6-7	99	288232
144.1285	0.0685	ripple_TLL7-8	100	288257
144.138	0.021	fr_TLL23-24	21	288276
144.153	0.036	ripple_TLL26-27	90	288306
144.1695	0.0465	ripple_TLL1-2	74	288339
144.19	0.1255	ripple_TLL19-20	83	288380
144.1925	0.159	ripple_TLL23-24	88	288385
144.195	0.085	ripple_TLL22-23	87	288390
144.197	0.087	ripple_TLL21-22	86	288394
144.229	0.036	ripple_TLL18-19	82	288458
144.2315	0.051	ripple_TLL29-30	93	288463
144.2465	0.045	ripple_TLL1-2	74	288493
144.2505	0.056	ripple_TLL20-21	85	288501
144.253	0.033	ripple_TLL31-32	96	288506
144.254	0.1485	ripple_TBPL1-2	71	288508
144.2575	0.052	ripple_TLL26-27	90	288515
144.263	0.0465	ripple_TBPL2-3	72	288526
144.282	0.064	ripple_TLL5-6	98	288564
144.2875	0.04	ripple_TLL11-12	76	288575
144.288	0.037	ripple_TLL12-13	77	288576
144.2885	0.032	ripple_TLL7-8	100	288577
144.3115	0.0885	ripple_TLL21-22	86	288623
144.3145	0.0575	ripple_TLL13-14	78	288629
144.3195	0.0425	ripple_TLL4-5	97	288639
144.329	0.038	ripple_TLL30-31	95	288658
144.361	0.0565	ripple_TLL20-21	85	288722
144.3815	0.0725	ripple_TLL29-30	93	288763
144.386	0.081	ripple_TLL23-24	88	288772
144.39	0.045	ripple_TLL19-20	83	288780
144.4	0.046	ripple_TLL13-14	78	288800
144.4005	0.271	ripple_TLL1-2	74	288801
144.4055	0.047	ripple_TLL22-23	87	288811
144.419	0.0455	ripple_TLL26-27	90	288838
144.4635	0.036	ripple_TLL3-4	94	288927
144.47	0.162	ripple_TLL18-19	82	288940
144.472	0.042	ripple_TLL21-22	86	288944
144.4825	0.094	ripple_TLL30-31	95	288965
144.4825	0.1855	ripple_TLL14-15	79	288965
144.493	0.1185	ripple_TLL20-21	85	288986
144.503	0.0535	ripple_TLL15-16	80	289006
144.5155	0.064	ripple_TLL26-27	90	289031
144.5225	0.0495	ripple_TBAL2-3	69	289045
144.5285	0.098	ripple_TLL6-7	99	289057
144.529	0.371	ripple_TLL19-20	83	289058
144.529	0.371	fr_TLL19-20	16	289058
144.529	0.371	frandr_TLL19-20	50	289058
144.5295	0.0735	ripple_TLL9-10	101	289059
144.5375	0.284	ripple_TLL31-32	96	289075
144.539	0.06	ripple_TLL13-14	78	289078
144.55	0.103	ripple_TLL21-22	86	289100
144.559	0.0905	ripple_TLL4-5	97	289118
144.5755	0.066	ripple_TLL29-30	93	289151
144.582	0.0585	ripple_TLL7-8	100	289164
144.5865	0.0765	ripple_TLL23-24	88	289173
144.596	0.0515	ripple_TLL15-16	80	289192
144.602	0.0555	ripple_TBAL1-2	68	289204
144.6265	0.069	ripple_TLL13-14	78	289253
144.6275	0.076	ripple_TLL2-3	84	289255
144.635	0.0335	ripple_TLL30-31	95	289270
144.6415	0.0355	ripple_TLL27-28	91	289283
144.642	0.0575	ripple_TLL3-4	94	289284
144.643	0.026	ripple_TLL26-27	90	289286
144.6695	0.1915	ripple_TLL29-30	93	289339
144.6955	0.112	ripple_TBPL1-2	71	289391
144.7045	0.0645	ripple_TLL1-2	74	289409
144.7285	0.223	ripple_TLL13-14	78	289457
144.7345	0.0355	ripple_TBPL3-4	73	289469
144.7395	0.085	ripple_TLL14-15	79	289479
144.742	0.038	ripple_TBPL2-3	72	289484
144.7465	0.0375	ripple_TLL12-13	77	289493
144.786	0.0325	ripple_TLL15-16	80	289572
144.7945	0.093	ripple_TLL30-31	95	289589
144.8075	0.053	ripple_TLL28-29	92	289615
144.826	0.075	ripple_TLL20-21	85	289652
144.8575	0.049	ripple_TLL22-23	87	289715
144.867	0.046	ripple_TBPL2-3	72	289734
144.8805	0.034	ripple_TLL26-27	90	289761
144.8815	0.111	ripple_TLL1-2	74	289763
144.8825	0.0555	ripple_TLL2-3	84	289765
144.884	0.0335	ripple_TLL27-28	91	289768
144.9035	0.07	ripple_TLL7-8	100	289807
144.9345	0.083	ripple_TLL21-22	86	289869
144.9395	0.059	ripple_TLL20-21	85	289879
144.9545	0.122	ripple_TLL15-16	80	289909
144.9585	0.1145	ripple_TLL14-15	79	289917
144.9665	0.1815	ripple_TLL3-4	94	289933
144.982	0.162	ripple_TBPL2-3	72	289964
144.9825	0.12	ripple_TLL6-7	99	289965
144.994	0.0425	ripple_TLL30-31	95	289988
145.0045	0.133	ripple_TBPL1-2	71	290009
145.007	0.0695	ripple_TLL26-27	90	290014
145.0075	0.0545	ripple_TLL27-28	91	290015
145.023	0.0845	ripple_TLL1-2	74	290046
145.047	0.0375	ripple_TLL29-30	93	290094
145.054	0.1575	ripple_TLL28-29	92	290108
145.067	0.055	ripple_TLL30-31	95	290134
145.095	0.062	ripple_TLL21-22	86	290190
145.104	0.059	ripple_TLL15-16	80	290208
145.108	0.1575	ripple_TLL7-8	100	290216
145.115	0.2075	ripple_TLL31-32	96	290230
145.1235	0.059	ripple_TLL14-15	79	290247
145.136	0.0775	ripple_TLL6-7	99	290272
145.14	0.2145	ripple_TLL29-30	93	290280
145.153	0.0395	ripple_TLL1-2	74	290306
145.158	0.0505	ripple_TLL27-28	91	290316
145.1595	0.0525	ripple_TLL11-12	76	290319
145.162	0.034	ripple_TLL18-19	82	290324
145.184	0.0385	ripple_TLL30-31	95	290368
145.2185	0.1335	ripple_TBPL2-3	72	290437
145.2195	0.035	ripple_TLL18-19	82	290439
145.221	0.072	ripple_TLL4-5	97	290442
145.228	0.0465	ripple_TLL14-15	79	290456
145.229	0.2925	ripple_TLL1-2	74	290458
145.2295	0.0955	ripple_TBPL1-2	71	290459
145.244	0.036	ripple_TLL15-16	80	290488
145.25	0.127	ripple_TLL2-3	84	290500
145.253	0.039	ripple_TLL3-4	94	290506
145.2865	0.0445	ripple_TLL19-20	83	290573
145.2935	0.135	ripple_TLL18-19	82	290587
145.3005	0.0425	ripple_TLL30-31	95	290601
145.3025	0.0525	ripple_TLL5-6	98	290605
145.3255	0.266	ripple_TLL20-21	85	290651
145.3575	0.101	ripple_TLL28-29	92	290715
145.371	0.0545	ripple_TLL12-13	77	290742
145.3735	0.1015	ripple_TLL30-31	95	290747
145.38	0.0575	ripple_TLL19-20	83	290760
145.3865	0.1395	ripple_TBPL2-3	72	290773
145.4	0.0385	ripple_TLL7-8	100	290800
145.403	0.065	ripple_TLL6-7	99	290806
145.4145	0.067	ripple_TLL14-15	79	290829
145.4205	0.1125	ripple_TLL29-30	93	290841
145.4285	0.2935	ripple_TLL31-32	96	290857
145.46	0.053	ripple_TLL21-22	86	290920
145.4725	0.0315	ripple_TLL4-5	97	290945
145.476	0.1575	ripple_TLL7-8	100	290952
145.498	0.153	ripple_TLL13-14	78	290996
145.5025	0.1475	ripple_TLL14-15	79	291005
145.5175	0.037	ripple_TLL28-29	92	291035
145.5245	0.1935	ripple_TLL30-31	95	291049
145.5315	0.096	ripple_TBPL1-2	71	291063
145.5455	0.117	ripple_TLL6-7	99	291091
145.56	0.044	ripple_TLL2-3	84	291120
145.56	0.309	ripple_TLL29-30	93	291120
145.5605	0.085	ripple_TLL1-2	74	291121
145.5785	0.0435	ripple_TLL15-16	80	291157
145.5905	0.0465	ripple_TLL4-5	97	291181
145.612	0.0495	ripple_TLL28-29	92	291224
145.615	0.0485	ripple_TLL20-21	85	291230
145.63	0.0765	ripple_TLL21-22	86	291260
145.6335	0.155	ripple_TBPL2-3	72	291267
145.657	0.084	ripple_TLL15-16	80	291314
145.677	0.075	ripple_TLL14-15	79	291354
145.6805	0.07	ripple_TLL3-4	94	291361
145.686	0.202	ripple_TLL19-20	83	291372
145.708	0.1865	ripple_TLL1-2	74	291416
145.7085	0.0825	ripple_TLL6-7	99	291417
145.716	0.035	ripple_TLL18-19	82	291432
145.766	0.192	ripple_TLL20-21	85	291532
145.7925	0.1465	ripple_TLL13-14	78	291585
145.7935	0.154	ripple_TLL21-22	86	291587
145.799	0.067	ripple_TLL3-4	94	291598
145.8055	0.0935	ripple_TLL30-31	95	291611
145.8075	0.0375	ripple_TLL9-10	101	291615
145.84	0.199	ripple_TLL28-29	92	291680
145.8795	0.056	ripple_TLL22-23	87	291759
145.8845	0.066	ripple_TLL14-15	79	291769
145.893	0.129	ripple_TBPL2-3	72	291786
145.9225	0.0755	ripple_TLL30-31	95	291845
145.924	0.2695	ripple_TLL29-30	93	291848
145.925	0.0505	ripple_TLL19-20	83	291850
145.942	0.0475	ripple_TLL27-28	91	291884
145.9455	0.0315	ripple_TLL5-6	98	291891
145.9555	0.073	ripple_TLL15-16	80	291911
145.965	0.095	ripple_TLL7-8	100	291930
145.994	0.0415	ripple_TLL2-3	84	291988
145.9955	0.0405	ripple_TLL14-15	79	291991
145.998	0.1675	ripple_TBPL1-2	71	291996
145.998	0.1675	fr_TBPL1-2	4	291996
145.998	0.1675	frandr_TBPL1-2	38	291996
146.01	0.2955	ripple_TLL6-7	99	292020
146.0115	0.0145	fr_TLL4-5	30	292023
146.016	0.052	ripple_TLL5-6	98	292032
146.029	0.207	ripple_TLL21-22	86	292058
146.045	0.061	ripple_TBPL2-3	72	292090
146.057	0.047	ripple_TLL19-20	83	292114
146.0675	0.1555	ripple_TLL31-32	96	292135
146.071	0.0485	ripple_TLL20-21	85	292142
146.077	0.038	ripple_TLL18-19	82	292154
146.082	0.036	ripple_TLL30-31	95	292164
146.0895	0.0475	ripple_TLL23-24	88	292179
146.09	0.2035	ripple_TLL22-23	87	292180
146.1305	0.0555	ripple_TLL17-18	81	292261
146.142	0.146	ripple_TLL19-20	83	292284
146.155	0.0345	ripple_TLL28-29	92	292310
146.165	0.069	ripple_TLL26-27	90	292330
146.1815	0.059	ripple_TLL18-19	82	292363
146.19	0.0385	ripple_TLL4-5	97	292380
146.1915	0.0845	ripple_TLL7-8	100	292383
146.192	0.044	ripple_TLL3-4	94	292384
146.2	0.106	ripple_TLL30-31	95	292400
146.2135	0.117	ripple_TBPL1-2	71	292427
146.2145	0.0675	ripple_TLL28-29	92	292429
146.245	0.045	ripple_TLL31-32	96	292490
146.2565	0.144	ripple_TLL15-16	80	292513
146.2645	0.2075	ripple_TLL14-15	79	292529
146.2925	0.0635	ripple_TLL20-21	85	292585
146.2925	0.103	ripple_TBPL2-3	72	292585
146.316	0.05	ripple_TLL28-29	92	292632
146.324	0.0295	ripple_TLL21-22	86	292648
146.3385	0.042	ripple_TLL7-8	100	292677
146.358	0.194	ripple_TLL29-30	93	292716
146.36	0.0855	ripple_TLL31-32	96	292720
146.3605	0.038	ripple_TBAL1-2	68	292721
146.362	0.098	ripple_TLL23-24	88	292724
146.3695	0.182	ripple_TLL22-23	87	292739
146.409	0.033	ripple_TLL21-22	86	292818
146.424	0.0565	ripple_TLL3-4	94	292848
146.431	0.0495	ripple_TLL6-7	99	292862
146.4335	0.073	ripple_TBPL2-3	72	292867
146.436	0.0735	ripple_TLL5-6	98	292872
146.439	0.045	ripple_TLL19-20	83	292878
146.4635	0.046	ripple_TLL30-31	95	292927
146.468	0.1065	ripple_TLL21-22	86	292936
146.4815	0.1455	ripple_TLL2-3	84	292963
146.501	0.0965	ripple_TLL20-21	85	293002
146.5145	0.2125	ripple_TLL19-20	83	293029
146.5305	0.122	ripple_TLL31-32	96	293061
146.5705	0.066	ripple_TLL1-2	74	293141
146.5785	0.061	ripple_TLL3-4	94	293157
146.5935	0.0325	ripple_TLL11-12	76	293187
146.5995	0.054	ripple_TLL6-7	99	293199
146.602	0.059	ripple_TLL29-30	93	293204
146.6025	0.0385	ripple_TLL22-23	87	293205
146.625	0.11	ripple_TBPL1-2	71	293250
146.626	0.103	ripple_TLL20-21	85	293252
146.673	0.06	ripple_TLL23-24	88	293346
146.6875	0.1875	ripple_TLL1-2	74	293375
146.698	0.0455	ripple_TLL2-3	84	293396
146.7055	0.189	ripple_TLL29-30	93	293411
146.7195	0.038	ripple_TLL30-31	95	293439
146.737	0.076	ripple_TLL22-23	87	293474
146.74	0.0985	ripple_TLL3-4	94	293480
146.764	0.258	ripple_TLL23-24	88	293528
146.7765	0.0355	ripple_TBPL2-3	72	293553
146.7965	0.069	ripple_TLL20-21	85	293593
146.8035	0.0345	ripple_TLL4-5	97	293607
146.8405	0.0505	ripple_TLL31-32	96	293681
146.8475	0.07	ripple_TLL11-12	76	293695
146.848	0.0385	ripple_TLL30-31	95	293696
146.8655	0.048	ripple_TLL19-20	83	293731
146.883	0.0565	ripple_TLL2-3	84	293766
146.9005	0.19	ripple_TLL20-21	85	293801
146.902	0.0395	ripple_TLL7-8	100	293804
146.9155	0.103	ripple_TLL29-30	93	293831
146.9395	0.062	ripple_TLL15-16	80	293879
146.943	0.0435	ripple_TLL11-12	76	293886
146.9455	0.038	ripple_TLL3-4	94	293891
146.947	0.1385	ripple_TLL19-20	83	293894
146.9515	0.0315	ripple_TLL18-19	82	293903
146.9545	0.149	ripple_TLL30-31	95	293909
146.9575	0.0345	ripple_TLL13-14	78	293915
146.966	0.054	ripple_TLL22-23	87	293932
146.999	0.0325	ripple_TLL5-6	98	293998
147.018	0.039	ripple_TLL2-3	84	294036
147.039	0.0445	ripple_TLL25-26	89	294078
147.0435	0.044	ripple_TLL6-7	99	294087
147.072	0.167	ripple_TLL23-24	88	294144
147.073	0.031	ripple_TLL22-23	87	294146
147.073	0.347	ripple_TBPL2-3	72	294146
147.0925	0.1085	ripple_TLL1-2	74	294185
147.1025	0.1435	ripple_TLL29-30	93	294205
147.1035	0.042	ripple_TLL27-28	91	294207
147.1055	0.1145	ripple_TLL18-19	82	294211
147.1135	0.041	ripple_TLL4-5	97	294227
147.125	0.0695	ripple_TLL22-23	87	294250
147.1285	0.042	ripple_TLL26-27	90	294257
147.1365	0.04	ripple_TLL6-7	99	294273
147.1385	0.1	ripple_TLL15-16	80	294277
147.1435	0.166	ripple_TLL19-20	83	294287
147.1505	0.136	ripple_TBPL1-2	71	294301
147.172	0.0595	ripple_TLL30-31	95	294344
147.1975	0.038	ripple_TLL3-4	94	294395
147.201	0.05	ripple_TLL14-15	79	294402
147.2115	0.035	ripple_TLL31-32	96	294423
147.223	0.0545	ripple_TLL17-18	81	294446
147.254	0.081	ripple_TLL7-8	100	294508
147.255	0.039	ripple_TLL5-6	98	294510
147.271	0.042	ripple_TLL20-21	85	294542
147.276	0.1325	ripple_TLL21-22	86	294552
147.2775	0.0495	ripple_TLL22-23	87	294555
147.296	0.039	ripple_TLL15-16	80	294592
147.306	0.094	ripple_TLL1-2	74	294612
147.3295	0.0695	ripple_TLL31-32	96	294659
147.336	0.072	ripple_TLL6-7	99	294672
147.3365	0.0645	ripple_TLL30-31	95	294673
147.349	0.0335	ripple_TLL11-12	76	294698
147.357	0.037	ripple_TLL2-3	84	294714
147.3635	0.0355	ripple_TBPL3-4	73	294727
147.402	0.045	ripple_TLL29-30	93	294804
147.407	0.0365	ripple_TLL23-24	88	294814
147.408	0.045	ripple_TLL22-23	87	294816
147.422	0.0705	ripple_TLL11-12	76	294844
147.427	0.044	ripple_TLL31-32	96	294854
147.433	0.0455	ripple_TLL30-31	95	294866
147.4555	0.035	ripple_TLL13-14	78	294911
147.4645	0.029	ripple_TLL14-15	79	294929
147.4755	0.2355	ripple_TLL22-23	87	294951
147.478	0.233	ripple_TLL23-24	88	294956
147.494	0.042	ripple_TLL1-2	74	294988
147.4955	0.092	ripple_TLL18-19	82	294991
147.5035	0.062	ripple_TLL29-30	93	295007
147.5055	0.04	ripple_TLL25-26	89	295011
147.508	0.0515	ripple_TLL30-31	95	295016
147.523	0.0335	ripple_TLL31-32	96	295046
147.5315	0.0495	ripple_TLL2-3	84	295063
147.5505	0.054	ripple_TLL5-6	98	295101
147.5695	0.242	ripple_TLL6-7	99	295139
147.5795	0.055	ripple_TLL31-32	96	295159
147.5795	0.0555	ripple_TLL19-20	83	295159
147.5795	0.135	ripple_TLL20-21	85	295159
147.591	0.0355	ripple_TLL14-15	79	295182
147.593	0.0355	ripple_TLL15-16	80	295186
147.594	0.0405	ripple_TLL28-29	92	295188
147.6125	0.0655	ripple_TLL1-2	74	295225
147.624	0.046	ripple_TLL11-12	76	295248
147.644	0.0575	ripple_TLL29-30	93	295288
147.653	0.15	ripple_TLL7-8	100	295306
147.68	0.0355	ripple_TLL30-31	95	295360
147.683	0.2395	ripple_TLL31-32	96	295366
147.6885	0.046	ripple_TLL9-10	101	295377
147.695	0.0445	ripple_TLL21-22	86	295390
147.719	0.011	fr_TLL11-12	9	295438
147.727	0.054	ripple_TLL2-3	84	295454
147.7375	0.057	ripple_TBPL2-3	72	295475
147.7425	0.1155	ripple_TLL29-30	93	295485
147.7425	0.192	ripple_TLL22-23	87	295485
147.7425	0.2455	ripple_TLL23-24	88	295485
147.7455	0.0665	ripple_TLL19-20	83	295491
147.7505	0.0455	ripple_TLL14-15	79	295501
147.756	0.065	ripple_TLL11-12	76	295512
147.766	0.081	ripple_TLL15-16	80	295532
147.7715	0.0585	ripple_TLL30-31	95	295543
147.783	0.03	ripple_TLL12-13	77	295566
147.798	0.1965	ripple_TBPL1-2	71	295596
147.808	0.0405	ripple_TLL26-27	90	295616
147.8115	0.0425	ripple_TLL27-28	91	295623
147.8175	0.036	ripple_TLL1-2	74	295635
147.8355	0.0885	ripple_TLL20-21	85	295671
147.836	0.0885	ripple_TLL21-22	86	295672
147.8425	0.1335	ripple_TBPL2-3	72	295685
147.8745	0.117	ripple_TLL1-2	74	295749
147.875	0.106	ripple_TLL2-3	84	295750
147.882	0.1345	ripple_TLL30-31	95	295764
147.91	0.0915	ripple_TLL29-30	93	295820
147.9435	0.055	ripple_TLL6-7	99	295887
147.9565	0.087	ripple_TLL19-20	83	295913
147.961	0.04	ripple_TLL12-13	77	295922
147.9745	0.0455	ripple_TLL9-10	101	295949
147.979	0.149	ripple_TLL20-21	85	295958
148.0105	0.146	ripple_TBPL2-3	72	296021
148.011	0.1045	ripple_TLL15-16	80	296022
148.0295	0.0485	ripple_TLL29-30	93	296059
148.0305	0.096	ripple_TLL22-23	87	296061
148.0615	0.17	ripple_TLL21-22	86	296123
148.067	0.0325	ripple_TLL6-7	99	296134
148.0725	0.0505	ripple_TBPL1-2	71	296145
148.0765	0.0775	ripple_TLL31-32	96	296153
148.089	0.0555	ripple_TLL12-13	77	296178
148.1265	0.0955	ripple_TLL14-15	79	296253
148.1405	0.033	ripple_TLL5-6	98	296281
148.1505	0.0435	ripple_TLL28-29	92	296301
148.152	0.1115	ripple_TLL1-2	74	296304
148.1545	0.042	ripple_TLL22-23	87	296309
148.159	0.074	ripple_TLL23-24	88	296318
148.17	0.245	ripple_TLL19-20	83	296340
148.1715	0.039	ripple_TLL29-30	93	296343
148.1735	0.031	ripple_TLL6-7	99	296347
148.1785	0.0505	ripple_TLL2-3	84	296357
148.1915	0.1745	ripple_TLL18-19	82	296383
148.194	0.0305	ripple_TLL27-28	91	296388
148.2175	0.235	ripple_TBPL1-2	71	296435
148.23	0.027	ripple_TBPL2-3	72	296460
148.2305	0.049	ripple_TLL30-31	95	296461
148.265	0.0355	ripple_TLL31-32	96	296530
148.267	0.049	ripple_TLL4-5	97	296534
148.275	0.0585	ripple_TLL7-8	100	296550
148.2815	0.045	ripple_TLL11-12	76	296563
148.288	0.1905	ripple_TLL6-7	99	296576
148.307	0.0725	ripple_TLL27-28	91	296614
148.309	0.0405	ripple_TLL30-31	95	296618
148.3185	0.032	ripple_TLL9-10	101	296637
148.3185	0.0525	ripple_TLL5-6	98	296637
148.3495	0.0425	ripple_TBPL2-3	72	296699
148.3595	0.0885	ripple_TLL31-32	96	296719
148.3645	0.05	ripple_TLL28-29	92	296729
148.3705	0.044	ripple_TLL20-21	85	296741
148.3995	0.032	ripple_TLL23-24	88	296799
148.401	0.058	ripple_TLL1-2	74	296802
148.4115	0.0265	ripple_TLL30-31	95	296823
148.421	0.0735	ripple_TLL17-18	81	296842
148.4325	0.039	ripple_TLL18-19	82	296865
148.4405	0.044	ripple_TLL7-8	100	296881
148.4455	0.1415	ripple_TBPL2-3	72	296891
148.464	0.109	ripple_TLL21-22	86	296928
148.4715	0.0415	ripple_TLL20-21	85	296943
148.486	0.0355	ripple_TLL15-16	80	296972
148.505	0.1015	ripple_TBPL1-2	71	297010
148.512	0.0445	ripple_TLL7-8	100	297024
148.519	0.0915	ripple_TLL18-19	82	297038
148.5265	0.1975	ripple_TLL30-31	95	297053
148.528	0.053	ripple_TLL19-20	83	297056
148.5285	0.0535	ripple_TLL14-15	79	297057
148.5315	0.2055	ripple_TLL29-30	93	297063
148.534	0.339	ripple_TLL31-32	96	297068
148.5355	0.133	ripple_TLL20-21	85	297071
148.56	0.033	ripple_TLL28-29	92	297120
148.573	0.049	ripple_TLL27-28	91	297146
148.575	0.0385	ripple_TLL26-27	90	297150
148.6245	0.1015	ripple_TLL1-2	74	297249
148.6365	0.064	ripple_TLL3-4	94	297273
148.6465	0.1205	ripple_TLL28-29	92	297293
148.6485	0.0565	ripple_TLL14-15	79	297297
148.6655	0.1515	ripple_TBPL1-2	71	297331
148.682	0.216	ripple_TLL19-20	83	297364
148.684	0.0375	ripple_TBPL2-3	72	297368
148.6935	0.241	ripple_TLL2-3	84	297387
148.697	0.1195	ripple_TLL18-19	82	297394
148.718	0.071	ripple_TLL26-27	90	297436
148.7275	0.044	ripple_TLL21-22	86	297455
148.741	0.062	ripple_TLL11-12	76	297482
148.747	0.3255	ripple_TLL1-2	74	297494
148.7625	0.0365	ripple_TLL6-7	99	297525
148.776	0.218	ripple_TLL29-30	93	297552
148.8095	0.0925	ripple_TLL14-15	79	297619
148.8325	0.066	ripple_TLL21-22	86	297665
148.838	0.056	ripple_TLL20-21	85	297676
148.852	0.097	ripple_TLL5-6	98	297704
148.8535	0.0835	ripple_TLL4-5	97	297707
148.8745	0.036	ripple_TLL3-4	94	297749
148.8805	0.11	ripple_TLL30-31	95	297761
148.891	0.0765	ripple_TLL6-7	99	297782
148.916	0.0465	ripple_TLL31-32	96	297832
148.916	0.1865	ripple_TBPL2-3	72	297832
148.9505	0.1845	ripple_TLL20-21	85	297901
148.955	0.049	ripple_TLL28-29	92	297910
148.956	0.185	ripple_TLL19-20	83	297912
148.984	0.083	ripple_TBPL1-2	71	297968
149.0	0.036	ripple_TLL7-8	100	298000
149.0	0.183	ripple_TLL13-14	78	298000
149.009	0.036	ripple_TLL2-3	84	298018
149.009	0.0455	ripple_TLL15-16	80	298018
149.011	0.1635	ripple_TLL31-32	96	298022
149.0195	0.0315	ripple_TLL14-15	79	298039
149.029	0.0495	ripple_TLL22-23	87	298058
149.0305	0.0595	ripple_TLL26-27	90	298061
149.0355	0.0735	ripple_TBAL3-4	70	298071
149.038	0.0415	ripple_TLL21-22	86	298076
149.042	0.049	ripple_TLL12-13	77	298084
149.0425	0.088	ripple_TLL27-28	91	298085
149.048	0.165	ripple_TLL6-7	99	298096
149.05	0.0735	ripple_TLL28-29	92	298100
149.0635	0.038	ripple_TLL29-30	93	298127
149.0685	0.101	ripple_TLL7-8	100	298137
149.0745	0.012	fr_TLL11-12	9	298149
149.0915	0.0755	ripple_TLL2-3	84	298183
149.1055	0.047	ripple_TLL3-4	94	298211
149.106	0.109	ripple_TLL22-23	87	298212
149.1195	0.0385	ripple_TBAL1-2	68	298239
149.1325	0.042	ripple_TLL23-24	88	298265
149.1415	0.115	ripple_TLL21-22	86	298283
149.16	0.035	ripple_TLL27-28	91	298320
149.1635	0.0345	ripple_TLL5-6	98	298327
149.17	0.056	ripple_TLL30-31	95	298340
149.175	0.247	ripple_TLL14-15	79	298350
149.1795	0.0935	ripple_TBPL2-3	72	298359
149.1945	0.055	ripple_TLL28-29	92	298389
149.216	0.0765	ripple_TLL29-30	93	298432
149.217	0.036	ripple_TLL18-19	82	298434
149.2435	0.059	ripple_TLL6-7	99	298487
149.245	0.0525	ripple_TLL9-10	101	298490
149.267	0.0795	ripple_TLL30-31	95	298534
149.2715	0.1405	ripple_TLL1-2	74	298543
149.2825	0.035	ripple_TLL21-22	86	298565
149.288	0.035	ripple_TLL2-3	84	298576
149.289	0.073	ripple_TLL4-5	97	298578
149.3005	0.0335	ripple_TLL20-21	85	298601
149.3055	0.044	ripple_TLL7-8	100	298611
149.3055	0.1805	ripple_TBPL2-3	72	298611
149.3325	0.0695	ripple_TLL29-30	93	298665
149.334	0.064	ripple_TLL3-4	94	298668
149.3455	0.13	ripple_TLL21-22	86	298691
149.362	0.0425	ripple_TLL15-16	80	298724
149.3685	0.063	ripple_TLL13-14	78	298737
149.3715	0.076	ripple_TLL26-27	90	298743
149.382	0.145	ripple_TLL20-21	85	298764
149.3845	0.061	ripple_TLL6-7	99	298769
149.3985	0.065	ripple_TLL11-12	76	298797
149.4	0.1115	ripple_TBPL1-2	71	298800
149.4125	0.2275	ripple_TLL30-31	95	298825
149.4455	0.1115	ripple_TLL7-8	100	298891
149.4475	0.033	ripple_TLL18-19	82	298895
149.456	0.277	ripple_TLL31-32	96	298912
149.468	0.058	ripple_TLL19-20	83	298936
149.4865	0.0735	ripple_TLL14-15	79	298973
149.4905	0.0765	ripple_TLL15-16	80	298981
149.4935	0.066	ripple_TLL1-2	74	298987
149.5025	0.0705	ripple_TLL6-7	99	299005
149.503	0.072	ripple_TLL29-30	93	299006
149.525	0.0425	ripple_TLL11-12	76	299050
149.533	0.028	ripple_TLL2-3	84	299066
149.599	0.303	ripple_TLL19-20	83	299198
149.603	0.065	ripple_TLL29-30	93	299206
149.604	0.065	ripple_TLL6-7	99	299208
149.6075	0.065	ripple_TLL20-21	85	299215
149.612	0.218	ripple_TBPL2-3	72	299224
149.615	0.0655	ripple_TLL21-22	86	299230
149.6265	0.1675	ripple_TBPL1-2	71	299253
149.6285	0.0315	ripple_TLL13-14	78	299257
149.673	0.0785	ripple_TLL22-23	87	299346
149.675	0.0825	ripple_TLL26-27	90	299350
149.676	0.1765	ripple_TLL28-29	92	299352
149.6785	0.0815	ripple_TBAL3-4	70	299357
149.679	0.084	ripple_TLL1-2	74	299358
149.681	0.072	ripple_TLL23-24	88	299362
149.6825	0.0325	ripple_TLL2-3	84	299365
149.6995	0.0375	ripple_TLL10-11	75	299399
149.7085	0.0605	ripple_TLL20-21	85	299417
149.7195	0.057	ripple_TLL21-22	86	299439
149.7375	0.054	ripple_TLL30-31	95	299475
149.7575	0.071	ripple_TLL29-30	93	299515
149.758	0.056	ripple_TLL6-7	99	299516
149.772	0.0635	ripple_TLL22-23	87	299544
149.7765	0.05	ripple_TLL15-16	80	299553
149.7865	0.091	ripple_TLL7-8	100	299573
149.8115	0.036	ripple_TLL4-5	97	299623
149.828	0.095	ripple_TLL2-3	84	299656
149.843	0.0775	ripple_TLL10-11	75	299686
149.846	0.112	ripple_TLL11-12	76	299692
149.8835	0.0355	ripple_TLL4-5	97	299767
149.8835	0.143	ripple_TLL6-7	99	299767
149.916	0.011	fr_TLL14-15	12	299832
149.92	0.0355	ripple_TLL21-22	86	299840
149.92	0.204	ripple_TBPL2-3	72	299840
149.921	0.0475	ripple_TBAL3-4	70	299842
149.922	0.0415	ripple_TLL3-4	94	299844
149.9365	0.1275	ripple_TLL14-15	79	299873
149.952	0.029	ripple_TLL1-2	74	299904
149.9605	0.115	ripple_TLL7-8	100	299921
149.973	0.042	ripple_TLL19-20	83	299946
149.989	0.051	ripple_TLL4-5	97	299978
149.992	0.262	ripple_TLL30-31	95	299984
149.9975	0.0825	ripple_TLL28-29	92	299995
149.9985	0.0485	ripple_TLL15-16	80	299997
149.9995	0.084	ripple_TLL18-19	82	299999
150.034	0.07	ripple_TLL13-14	78	300068
150.0365	0.061	ripple_TLL19-20	83	300073
150.0395	0.0505	ripple_TLL1-2	74	300079
150.0885	0.0615	ripple_TLL5-6	98	300177
150.105	0.1445	ripple_TLL3-4	94	300210
150.129	0.096	ripple_TLL19-20	83	300258
150.141	0.041	ripple_TLL7-8	100	300282
150.1645	0.278	ripple_TLL31-32	96	300329
150.1795	0.059	ripple_TLL29-30	93	300359
150.1865	0.4695	ripple_TBPL2-3	72	300373
150.1965	0.1315	ripple_TLL28-29	92	300393
150.199	0.047	ripple_TLL15-16	80	300398
150.2105	0.0415	ripple_TBPL3-4	73	300421
150.2125	0.0575	ripple_TLL14-15	79	300425
150.219	0.062	ripple_TLL27-28	91	300438
150.2195	0.131	ripple_TLL21-22	86	300439
150.224	0.011	fr_TBAL2-3	2	300448
150.2255	0.118	ripple_TLL13-14	78	300451
150.2385	0.035	ripple_TBAL1-2	68	300477
150.2435	0.081	ripple_TBAL3-4	70	300487
150.2495	0.0365	ripple_TLL26-27	90	300499
150.2525	0.0425	ripple_TLL10-11	75	300505
150.257	0.0445	ripple_TLL19-20	83	300514
150.2585	0.069	ripple_TLL7-8	100	300517
150.2615	0.142	ripple_TLL1-2	74	300523
150.262	0.0865	ripple_TLL6-7	99	300524
150.2725	0.138	ripple_TLL2-3	84	300545
150.275	0.0535	ripple_TLL4-5	97	300550
150.2945	0.036	ripple_TBPL1-2	71	300589
150.3125	0.069	ripple_TLL20-21	85	300625
150.3345	0.089	ripple_TLL30-31	95	300669
150.3385	0.102	ripple_TLL15-16	80	300677
150.3565	0.0555	ripple_TLL27-28	91	300713
150.358	0.1115	ripple_TLL14-15	79	300716
150.3665	0.073	ripple_TLL29-30	93	300733
150.3805	0.0595	ripple_TLL7-8	100	300761
150.452	0.053	ripple_TLL6-7	99	300904
150.465	0.081	ripple_TLL10-11	75	300930
150.4655	0.0405	ripple_TLL9-10	101	300931
150.471	0.041	ripple_TLL28-29	92	300942
150.4765	0.0755	ripple_TLL31-32	96	300953
150.481	0.04	ripple_TLL30-31	95	300962
150.5	0.0405	ripple_TLL5-6	98	301000
150.505	0.131	ripple_TLL15-16	80	301010
150.516	0.034	ripple_TLL29-30	93	301032
150.519	0.0475	ripple_TLL7-8	100	301038
150.534	0.077	ripple_TLL21-22	86	301068
150.5575	0.073	ripple_TLL1-2	74	301115
150.5665	0.069	ripple_TLL19-20	83	301133
150.569	0.058	ripple_TLL18-19	82	301138
150.569	0.1355	ripple_TLL2-3	84	301138
150.5695	0.065	ripple_TLL14-15	79	301139
150.579	0.1995	ripple_TLL6-7	99	301158
150.607	0.051	ripple_TLL30-31	95	301214
150.6235	0.0385	ripple_TLL4-5	97	301247
150.6435	0.2465	ripple_TLL29-30	93	301287
150.6525	0.0655	ripple_TLL1-2	74	301305
150.6545	0.0745	ripple_TLL20-21	85	301309
150.6625	0.067	ripple_TLL27-28	91	301325
150.667	0.166	ripple_TLL28-29	92	301334
150.669	0.054	ripple_TLL7-8	100	301338
150.6825	0.1095	ripple_TLL14-15	79	301365
150.686	0.0395	ripple_TLL15-16	80	301372
150.686	0.246	ripple_TLL21-22	86	301372
150.703	0.0405	ripple_TLL9-10	101	301406
150.7285	0.137	ripple_TLL30-31	95	301457
150.734	0.0465	ripple_TLL5-6	98	301468
150.7355	0.0335	ripple_TBPL2-3	72	301471
150.7405	0.0355	ripple_TLL12-13	77	301481
150.7405	0.083	ripple_TLL13-14	78	301481
150.754	0.0835	ripple_TLL19-20	83	301508
150.782	0.0595	ripple_TLL27-28	91	301564
150.787	0.0965	ripple_TLL3-4	94	301574
150.8025	0.092	ripple_TLL2-3	84	301605
150.8085	0.171	ripple_TBPL1-2	71	301617
150.811	0.084	ripple_TLL6-7	99	301622
150.814	0.029	ripple_TLL1-2	74	301628
150.828	0.038	ripple_TLL5-6	98	301656
150.841	0.0915	ripple_TLL20-21	85	301682
150.8755	0.202	ripple_TLL14-15	79	301751
150.896	0.085	ripple_TLL1-2	74	301792
150.9035	0.0365	ripple_TLL7-8	100	301807
150.9105	0.0515	ripple_TBAL3-4	70	301821
150.912	0.124	ripple_TBPL2-3	72	301824
150.9255	0.162	ripple_TLL29-30	93	301851
150.9265	0.0495	ripple_TLL6-7	99	301853
150.9355	0.036	ripple_TLL26-27	90	301871
150.9365	0.0785	ripple_TLL18-19	82	301873
150.938	0.047	ripple_TLL27-28	91	301876
150.943	0.034	ripple_TLL2-3	84	301886
150.9505	0.09	ripple_TLL19-20	83	301901
150.9665	0.042	ripple_TLL13-14	78	301933
150.967	0.0395	ripple_TLL20-21	85	301934
150.991	0.0505	ripple_TLL15-16	80	301982
151.03	0.0365	ripple_TLL21-22	86	302060
151.043	0.0845	ripple_TLL18-19	82	302086
151.046	0.1685	ripple_TLL13-14	78	302092
151.0465	0.0585	ripple_TLL1-2	74	302093
151.048	0.048	ripple_TLL7-8	100	302096
151.053	0.1625	ripple_TLL2-3	84	302106
151.0865	0.1405	ripple_TLL31-32	96	302173
151.0905	0.0675	ripple_TLL21-22	86	302181
151.111	0.0315	ripple_TLL28-29	92	302222
151.111	0.108	ripple_TLL29-30	93	302222
151.1125	0.0455	ripple_TLL30-31	95	302225
151.119	0.027	ripple_TLL3-4	94	302238
151.1265	0.1435	ripple_TBPL2-3	72	302253
151.127	0.0695	ripple_TLL15-16	80	302254
151.1575	0.0645	ripple_TLL1-2	74	302315
151.1595	0.0435	ripple_TLL6-7	99	302319
151.173	0.21	ripple_TLL28-29	92	302346
151.1845	0.0355	ripple_TLL3-4	94	302369
151.1995	0.0205	fr_TLL27-28	24	302399
151.201	0.139	ripple_TLL14-15	79	302402
151.2035	0.091	ripple_TLL11-12	76	302407
151.2075	0.0475	ripple_TLL12-13	77	302415
151.2145	0.4955	ripple_TLL21-22	86	302429
151.2705	0.0395	ripple_TLL13-14	78	302541
151.287	0.044	ripple_TLL29-30	93	302574
151.291	0.072	ripple_TLL18-19	82	302582
151.296	0.0985	ripple_TLL20-21	85	302592
151.307	0.0505	ripple_TBAL1-2	68	302614
151.3165	0.0925	ripple_TLL19-20	83	302633
151.331	0.0915	ripple_TLL7-8	100	302662
151.333	0.053	ripple_TBPL2-3	72	302666
151.341	0.1425	ripple_TLL2-3	84	302682
151.347	0.0575	ripple_TLL1-2	74	302694
151.3595	0.041	ripple_TLL6-7	99	302719
151.3655	0.042	ripple_TLL14-15	79	302731
151.372	0.0465	ripple_TLL11-12	76	302744
151.377	0.0475	ripple_TLL9-10	101	302754
151.391	0.0435	ripple_TBPL3-4	73	302782
151.417	0.0725	ripple_TLL27-28	91	302834
151.422	0.0645	ripple_TLL6-7	99	302844
151.4255	0.0505	ripple_TLL23-24	88	302851
151.431	0.075	ripple_TLL1-2	74	302862
151.437	0.0545	ripple_TLL26-27	90	302874
151.4385	0.049	ripple_TLL13-14	78	302877
151.444	0.0795	ripple_TLL19-20	83	302888
151.4475	0.218	ripple_TLL29-30	93	302895
151.4535	0.0975	ripple_TLL30-31	95	302907
151.457	0.0715	ripple_TLL10-11	75	302914
151.4575	0.045	ripple_TLL9-10	101	302915
151.459	0.3635	ripple_TBPL2-3	72	302918
151.4835	0.05	ripple_TLL14-15	79	302967
151.492	0.126	ripple_TLL20-21	85	302984
151.5255	0.065	ripple_TLL7-8	100	303051
151.53	0.0355	ripple_TLL28-29	92	303060
151.5495	0.203	ripple_TLL19-20	83	303099
151.553	0.1905	ripple_TLL13-14	78	303106
151.553	0.1905	fr_TLL13-14	11	303106
151.553	0.1905	frandr_TLL13-14	45	303106
151.5935	0.1085	ripple_TBPL3-4	73	303187
151.607	0.043	ripple_TLL14-15	79	303214
151.6265	0.0355	ripple_TLL31-32	96	303253
151.632	0.03	ripple_TLL3-4	94	303264
151.6405	0.0345	ripple_TLL28-29	92	303281
151.642	0.171	ripple_TLL1-2	74	303284
151.647	0.038	ripple_TBAL3-4	70	303294
151.649	0.0435	ripple_TLL20-21	85	303298
151.66	0.201	ripple_TLL6-7	99	303320
151.6705	0.0385	ripple_TLL12-13	77	303341
151.7055	0.077	ripple_TLL4-5	97	303411
151.72	0.049	ripple_TLL20-21	85	303440
151.7375	0.1765	ripple_TLL7-8	100	303475
151.7435	0.278	ripple_TLL15-16	80	303487
151.745	0.1145	ripple_TLL28-29	92	303490
151.7605	0.1035	ripple_TBPL1-2	71	303521
151.766	0.0405	ripple_TLL9-10	101	303532
151.767	0.1375	ripple_TLL31-32	96	303534
151.771	0.035	ripple_TLL11-12	76	303542
151.7745	0.157	ripple_TLL19-20	83	303549
151.796	0.0785	ripple_TLL27-28	91	303592
151.7965	0.1365	ripple_TLL18-19	82	303593
151.81	0.136	ripple_TLL14-15	79	303620
151.814	0.069	ripple_TBAL3-4	70	303628
151.8275	0.057	ripple_TLL29-30	93	303655
151.8285	0.139	ripple_TLL3-4	94	303657
151.8315	0.0565	ripple_TLL21-22	86	303663
151.838	0.083	ripple_TLL20-21	85	303676
151.849	0.176	ripple_TLL1-2	74	303698
151.8635	0.055	ripple_TLL30-31	95	303727
151.869	0.0325	ripple_TLL12-13	77	303738
151.904	0.1295	ripple_TLL4-5	97	303808
151.9285	0.0655	ripple_TLL28-29	92	303857
151.9325	0.0675	ripple_TLL29-30	93	303865
151.9365	0.0495	ripple_TLL31-32	96	303873
151.9485	0.0275	ripple_TLL22-23	87	303897
151.9535	0.2215	ripple_TLL20-21	85	303907
151.9545	0.048	ripple_TLL18-19	82	303909
151.9605	0.0615	ripple_TLL7-8	100	303921
151.974	0.0145	fr_TLL17-18	14	303948
151.9765	0.0915	ripple_TLL19-20	83	303953
151.9865	0.101	ripple_TLL10-11	75	303973
152.0075	0.0425	ripple_TBPL3-4	73	304015
152.013	0.0635	ripple_TLL9-10	101	304026
152.0165	0.037	ripple_TLL13-14	78	304033
152.0275	0.068	ripple_TLL26-27	90	304055
152.0475	0.1025	ripple_TLL30-31	95	304095
152.051	0.028	ripple_TLL12-13	77	304102
152.0515	0.0405	ripple_TLL2-3	84	304103
152.065	0.0415	ripple_TBAL3-4	70	304130
152.083	0.0765	ripple_TLL3-4	94	304166
152.0845	0.099	ripple_TLL14-15	79	304169
152.092	0.0965	ripple_TLL18-19	82	304184
152.0925	0.0685	ripple_TLL11-12	76	304185
152.096	0.069	ripple_TLL1-2	74	304192
152.0975	0.123	ripple_TBPL3-4	73	304195
152.108	0.03	ripple_TLL15-16	80	304216
152.108	0.0625	ripple_TLL29-30	93	304216
152.1135	0.049	ripple_TLL13-14	78	304227
152.1145	0.031	ripple_TLL23-24	88	304229
152.1225	0.031	ripple_TLL19-20	83	304245
152.128	0.0575	ripple_TLL6-7	99	304256
152.1525	0.0645	ripple_TBPL1-2	71	304305
152.157	0.079	ripple_TLL10-11	75	304314
152.1985	0.053	ripple_TLL26-27	90	304397
152.209	0.0555	ripple_TLL14-15	79	304418
152.2115	0.139	ripple_TLL1-2	74	304423
152.2125	0.084	ripple_TLL9-10	101	304425
152.215	0.086	ripple_TLL30-31	95	304430
152.221	0.038	ripple_TLL20-21	85	304442
152.235	0.0735	ripple_TLL7-8	100	304470
152.2365	0.043	ripple_TLL31-32	96	304473
152.2425	0.0625	ripple_TBAL1-2	68	304485
152.2615	0.0395	ripple_TBPL2-3	72	304523
152.266	0.049	ripple_TBPL3-4	73	304532
152.267	0.0305	ripple_TLL19-20	83	304534
152.268	0.0925	ripple_TBPL1-2	71	304536
152.273	0.0435	ripple_TLL6-7	99	304546
152.2745	0.036	ripple_TLL29-30	93	304549
152.3005	0.0535	ripple_TLL31-32	96	304601
152.305	0.13	ripple_TLL14-15	79	304610
152.3055	0.3145	ripple_TLL15-16	80	304611
152.3075	0.1345	ripple_TLL18-19	82	304615
152.313	0.0675	ripple_TLL22-23	87	304626
152.334	0.2345	ripple_TLL19-20	83	304668
152.3345	0.1285	ripple_TLL20-21	85	304669
152.338	0.036	ripple_TLL17-18	81	304676
152.352	0.0345	ripple_TLL6-7	99	304704
152.368	0.0415	ripple_TLL13-14	78	304736
152.368	0.0455	ripple_TLL4-5	97	304736
152.373	0.035	ripple_TLL7-8	100	304746
152.385	0.082	ripple_TLL27-28	91	304770
152.4	0.1935	ripple_TLL29-30	93	304800
152.412	0.0405	ripple_TLL2-3	84	304824
152.4185	0.053	ripple_TLL26-27	90	304837
152.4295	0.126	ripple_TLL31-32	96	304859
152.4295	0.398	ripple_TBPL1-2	71	304859
152.4365	0.0325	ripple_TLL7-8	100	304873
152.455	0.1465	ripple_TLL22-23	87	304910
152.4565	0.0445	ripple_TLL23-24	88	304913
152.4565	0.0475	ripple_TLL28-29	92	304913
152.4785	0.0535	ripple_TLL18-19	82	304957
152.4835	0.049	ripple_TBPL2-3	72	304967
152.487	0.0365	ripple_TLL20-21	85	304974
152.488	0.04	ripple_TLL14-15	79	304976
152.4885	0.262	ripple_TLL2-3	84	304977
152.501	0.034	ripple_TLL17-18	81	305002
152.5205	0.115	ripple_TLL1-2	74	305041
152.527	0.057	ripple_TLL7-8	100	305054
152.5435	0.048	ripple_TLL30-31	95	305087
152.5525	0.1455	ripple_TLL21-22	86	305105
152.559	0.054	ripple_TLL18-19	82	305118
152.56	0.047	ripple_TLL28-29	92	305120
152.5605	0.0455	ripple_TLL14-15	79	305121
152.58	0.0575	ripple_TLL31-32	96	305160
152.605	0.0335	ripple_TLL20-21	85	305210
152.606	0.0295	ripple_TLL26-27	90	305212
152.609	0.071	ripple_TLL19-20	83	305218
152.6115	0.0605	ripple_TLL30-31	95	305223
152.6535	0.066	ripple_TLL28-29	92	305307
152.6635	0.0355	ripple_TBAL3-4	70	305327
152.6685	0.063	ripple_TLL27-28	91	305337
152.6765	0.0275	ripple_TLL1-2	74	305353
152.6765	0.121	ripple_TLL31-32	96	305353
152.6805	0.0615	ripple_TLL23-24	88	305361
152.682	0.0565	ripple_TLL7-8	100	305364
152.6855	0.039	ripple_TLL9-10	101	305371
152.6955	0.0665	ripple_TBPL2-3	72	305391
152.698	0.0345	ripple_TLL3-4	94	305396
152.7025	0.2425	ripple_TLL20-21	85	305405
152.7045	0.3495	ripple_TLL29-30	93	305409
152.7055	0.0785	ripple_TLL11-12	76	305411
152.7075	0.0745	ripple_TLL30-31	95	305415
152.718	0.127	ripple_TLL21-22	86	305436
152.735	0.1275	ripple_TLL19-20	83	305470
152.7485	0.0445	ripple_TLL5-6	98	305497
152.756	0.0965	ripple_TLL14-15	79	305512
152.768	0.0335	ripple_TLL28-29	92	305536
152.768	0.1075	ripple_TLL7-8	100	305536
152.8035	0.037	ripple_TLL9-10	101	305607
152.8055	0.053	ripple_TLL15-16	80	305611
152.8105	0.119	ripple_TLL30-31	95	305621
152.813	0.058	ripple_TLL5-6	98	305626
152.8185	0.0445	ripple_TBPL2-3	72	305637
152.8395	0.032	ripple_TLL31-32	96	305679
152.85	0.044	ripple_TLL28-29	92	305700
152.8515	0.0335	ripple_TLL22-23	87	305703
152.865	0.0405	ripple_TLL27-28	91	305730
152.8815	0.0405	ripple_TBPL1-2	71	305763
152.8815	0.0405	ripple_TLL26-27	90	305763
152.898	0.116	ripple_TLL19-20	83	305796
152.9035	0.0685	ripple_TLL4-5	97	305807
152.905	0.1435	ripple_TLL1-2	74	305810
152.9065	0.065	ripple_TLL2-3	84	305813
152.9075	0.116	ripple_TLL31-32	96	305815
152.921	0.179	ripple_TLL18-19	82	305842
152.9365	0.0405	ripple_TLL13-14	78	305873
152.9365	0.103	ripple_TLL5-6	98	305873
152.977	0.148	ripple_TLL6-7	99	305954
152.9855	0.0375	ripple_TLL17-18	81	305971
152.993	0.178	ripple_TLL28-29	92	305986
153.0105	0.0365	ripple_TLL2-3	84	306021
153.04	0.1195	ripple_TLL21-22	86	306080
153.046	0.064	ripple_TLL27-28	91	306092
153.0615	0.0715	ripple_TBAL2-3	69	306123
153.064	0.093	ripple_TLL22-23	87	306128
153.0665	0.035	ripple_TLL7-8	100	306133
153.067	0.1755	ripple_TLL23-24	88	306134
153.0765	0.097	ripple_TLL1-2	74	306153
153.077	0.0675	ripple_TLL10-11	75	306154
153.077	0.0675	fr_TLL10-11	8	306154
153.077	0.0675	frandr_TLL10-11	42	306154
153.077	0.0885	ripple_TLL12-13	77	306154
153.0855	0.085	ripple_TLL11-12	76	306171
153.086	0.056	ripple_TBAL3-4	70	306172
153.09	0.13	ripple_TLL31-32	96	306180
153.119	0.044	ripple_TBPL3-4	73	306238
153.124	0.0545	ripple_TLL2-3	84	306248
153.144	0.054	ripple_TLL15-16	80	306288
153.145	0.064	ripple_TLL14-15	79	306290
153.1465	0.065	ripple_TLL19-20	83	306293
153.181	0.0405	ripple_TLL7-8	100	306362
153.1925	0.0475	ripple_TLL4-5	97	306385
153.2035	0.044	ripple_TBPL2-3	72	306407
153.2125	0.013	fr_TLL25-26	22	306425
153.22	0.0475	ripple_TLL26-27	90	306440
153.228	0.1435	ripple_TLL29-30	93	306456
153.2335	0.0395	ripple_TLL13-14	78	306467
153.2415	0.0475	ripple_TLL30-31	95	306483
153.242	0.046	ripple_TLL7-8	100	306484
153.243	0.0635	ripple_TLL9-10	101	306486
153.253	0.0785	ripple_TLL6-7	99	306506
153.262	0.145	ripple_TLL2-3	84	306524
153.276	0.1115	ripple_TLL21-22	86	306552
153.2805	0.104	ripple_TLL15-16	80	306561
153.2895	0.052	ripple_TLL26-27	90	306579
153.29	0.0435	ripple_TLL19-20	83	306580
153.29	0.0495	ripple_TLL27-28	91	306580
153.3015	0.0825	ripple_TBAL1-2	68	306603
153.3035	0.045	ripple_TLL14-15	79	306607
153.3125	0.0695	ripple_TLL10-11	75	306625
153.324	0.0655	ripple_TLL11-12	76	306648
153.329	0.023	fr_TBPL1-2	4	306658
153.362	0.096	ripple_TBPL3-4	73	306724
153.3785	0.0385	ripple_TLL30-31	95	306757
153.3905	0.1285	ripple_TLL20-21	85	306781
153.3925	0.0715	ripple_TLL19-20	83	306785
153.395	0.036	ripple_TLL27-28	91	306790
153.416	0.0485	ripple_TLL21-22	86	306832
153.4185	0.029	ripple_TLL9-10	101	306837
153.429	0.194	ripple_TLL2-3	84	306858
153.432	0.212	ripple_TLL1-2	74	306864
153.4495	0.179	ripple_TLL18-19	82	306899
153.451	0.0405	ripple_TBPL1-2	71	306902
153.4655	0.0615	ripple_TLL6-7	99	306931
153.4715	0.059	ripple_TLL27-28	91	306943
153.482	0.071	ripple_TLL15-16	80	306964
153.482	0.1405	ripple_TLL28-29	92	306964
153.484	0.036	ripple_TLL7-8	100	306968
153.4865	0.3065	ripple_TLL29-30	93	306973
153.5	0.0415	ripple_TLL9-10	101	307000
153.501	0.426	ripple_TLL30-31	95	307002
153.51	0.1425	ripple_TLL3-4	94	307020
153.522	0.031	ripple_TLL17-18	81	307044
153.5225	0.0925	ripple_TLL22-23	87	307045
153.529	0.033	ripple_TLL4-5	97	307058
153.549	0.0485	ripple_TLL21-22	86	307098
153.567	0.0355	ripple_TLL12-13	77	307134
153.592	0.0755	ripple_TLL10-11	75	307184
153.596	0.0495	ripple_TBPL2-3	72	307192
153.6035	0.057	ripple_TLL4-5	97	307207
153.619	0.044	ripple_TLL14-15	79	307238
153.642	0.122	ripple_TLL17-18	81	307284
153.6795	0.1005	ripple_TLL1-2	74	307359
153.681	0.0445	ripple_TLL9-10	101	307362
153.6925	0.065	ripple_TLL7-8	100	307385
153.7055	0.1405	ripple_TLL21-22	86	307411
153.7065	0.0315	ripple_TLL18-19	82	307413
153.711	0.2345	ripple_TBPL1-2	71	307422
153.716	0.0355	ripple_TLL2-3	84	307432
153.721	0.03	ripple_TLL27-28	91	307442
153.7215	0.121	ripple_TLL19-20	83	307443
153.727	0.055	ripple_TLL3-4	94	307454
153.755	0.043	ripple_TLL10-11	75	307510
153.7685	0.0405	ripple_TLL14-15	79	307537
153.7895	0.1365	ripple_TLL20-21	85	307579
153.8025	0.064	ripple_TLL2-3	84	307605
153.82	0.057	ripple_TLL13-14	78	307640
153.836	0.063	ripple_TLL1-2	74	307672
153.8425	0.0825	ripple_TLL29-30	93	307685
153.849	0.0385	ripple_TLL3-4	94	307698
153.8505	0.036	ripple_TLL12-13	77	307701
153.859	0.043	ripple_TLL9-10	101	307718
153.873	0.0465	ripple_TLL28-29	92	307746
153.8915	0.065	ripple_TBPL2-3	72	307783
153.8965	0.035	ripple_TBPL3-4	73	307793
153.8985	0.039	ripple_TLL7-8	100	307797
153.9065	0.06	ripple_TLL21-22	86	307813
153.9155	0.0605	ripple_TLL3-4	94	307831
153.921	0.0345	ripple_TLL31-32	96	307842
153.9265	0.0515	ripple_TLL11-12	76	307853
153.9335	0.036	ripple_TLL1-2	74	307867
153.9695	0.083	ripple_TLL14-15	79	307939
153.9735	0.1325	ripple_TLL20-21	85	307947
153.995	0.031	ripple_TLL6-7	99	307990
153.998	0.0315	ripple_TLL5-6	98	307996
154.0005	0.1165	ripple_TLL1-2	74	308001
154.0015	0.037	ripple_TLL3-4	94	308003
154.005	0.1375	ripple_TLL21-22	86	308010
154.028	0.031	ripple_TLL15-16	80	308056
154.0285	0.069	ripple_TBPL2-3	72	308057
154.0485	0.0315	ripple_TLL22-23	87	308097
154.052	0.1235	ripple_TLL10-11	75	308104
154.054	0.345	ripple_TLL30-31	95	308108
154.0595	0.058	ripple_TLL17-18	81	308119
154.063	0.1245	ripple_TLL29-30	93	308126
154.065	0.0735	ripple_TLL28-29	92	308130
154.069	0.1075	ripple_TLL11-12	76	308138
154.081	0.0425	ripple_TLL18-19	82	308162
154.085	0.0385	ripple_TLL2-3	84	308170
154.105	0.2165	ripple_TLL22-23	87	308210
154.112	0.04	ripple_TLL26-27	90	308224
154.133	0.1965	ripple_TLL23-24	88	308266
154.147	0.091	ripple_TLL31-32	96	308294
154.1565	0.1085	ripple_TLL18-19	82	308313
154.1625	0.054	ripple_TLL6-7	99	308325
154.1645	0.133	ripple_TLL2-3	84	308329
154.171	0.0605	ripple_TLL1-2	74	308342
154.171	0.0615	ripple_TLL17-18	81	308342
154.1765	0.066	ripple_TLL14-15	79	308353
154.177	0.0455	ripple_TLL13-14	78	308354
154.1915	0.115	ripple_TBPL2-3	72	308383
154.1925	0.0325	ripple_TLL21-22	86	308385
154.213	0.056	ripple_TLL28-29	92	308426
154.215	0.0975	ripple_TLL19-20	83	308430
154.219	0.086	ripple_TBPL3-4	73	308438
154.2215	0.0515	ripple_TLL29-30	93	308443
154.245	0.117	ripple_TLL3-4	94	308490
154.2645	0.031	ripple_TLL15-16	80	308529
154.267	0.0375	ripple_TLL10-11	75	308534
154.27	0.028	ripple_TLL9-10	101	308540
154.275	0.0355	ripple_TLL31-32	96	308550
154.2915	0.0375	ripple_TLL28-29	92	308583
154.3125	0.044	ripple_TLL6-7	99	308625
154.3155	0.1015	ripple_TLL1-2	74	308631
154.3245	0.05	ripple_TLL2-3	84	308649
154.328	0.082	ripple_TLL21-22	86	308656
154.3425	0.1	ripple_TLL29-30	93	308685
154.345	0.074	ripple_TLL18-19	82	308690
154.346	0.1485	ripple_TLL22-23	87	308692
154.3585	0.059	ripple_TLL11-12	76	308717
154.375	0.0495	ripple_TLL23-24	88	308750
154.379	0.0975	ripple_TLL28-29	92	308758
154.396	0.3095	ripple_TLL31-32	96	308792
154.4065	0.053	ripple_TLL2-3	84	308813
154.4075	0.038	ripple_TLL3-4	94	308815
154.419	0.0695	ripple_TLL20-21	85	308838
154.461	0.045	ripple_TLL6-7	99	308922
154.4625	0.2265	ripple_TLL23-24	88	308925
154.4655	0.045	ripple_TLL29-30	93	308931
154.466	0.037	ripple_TLL21-22	86	308932
154.484	0.034	ripple_TLL2-3	84	308968
154.4975	0.1805	ripple_TLL30-31	95	308995
154.524	0.0365	ripple_TBPL3-4	73	309048
154.533	0.025	ripple_TLL7-8	100	309066
154.535	0.078	ripple_TLL28-29	92	309070
154.536	0.3	ripple_TBPL1-2	71	309072
154.548	0.026	ripple_TLL20-21	85	309096
154.5505	0.0865	ripple_TLL5-6	98	309101
154.561	0.0355	ripple_TLL29-30	93	309122
154.574	0.091	ripple_TLL13-14	78	309148
154.581	0.1075	ripple_TLL22-23	87	309162
154.582	0.1185	ripple_TBPL2-3	72	309164
154.5835	0.038	ripple_TLL6-7	99	309167
154.598	0.0985	ripple_TLL1-2	74	309196
154.599	0.097	ripple_TLL7-8	100	309198
154.6045	0.0325	ripple_TLL21-22	86	309209
154.6045	0.034	ripple_TLL27-28	91	309209
154.612	0.057	ripple_TLL19-20	83	309224
154.6365	0.0315	ripple_TLL2-3	84	309273
154.658	0.086	ripple_TLL29-30	93	309316
154.66	0.0385	ripple_TLL28-29	92	309320
154.6615	0.0385	ripple_TLL15-16	80	309323
154.6615	0.053	ripple_TLL14-15	79	309323
154.686	0.094	ripple_TLL20-21	85	309372
154.7075	0.0735	ripple_TLL6-7	99	309415
154.719	0.0655	ripple_TLL19-20	83	309438
154.722	0.051	ripple_TLL27-28	91	309444
154.7275	0.043	ripple_TLL28-29	92	309455
154.741	0.0465	ripple_TBAL3-4	70	309482
154.743	0.0485	ripple_TLL2-3	84	309486
154.7455	0.0445	ripple_TLL10-11	75	309491
154.7505	0.0865	ripple_TLL14-15	79	309501
154.751	0.0765	ripple_TLL22-23	87	309502
154.7515	0.079	ripple_TLL23-24	88	309503
154.761	0.051	ripple_TLL13-14	78	309522
154.788	0.3405	ripple_TLL30-31	95	309576
154.796	0.097	ripple_TLL3-4	94	309592
154.806	0.06	ripple_TLL4-5	97	309612
154.818	0.0785	ripple_TLL11-12	76	309636
154.8315	0.05	ripple_TLL9-10	101	309663
154.8425	0.0445	ripple_TLL20-21	85	309685
154.8435	0.1595	ripple_TLL29-30	93	309687
154.846	0.04	ripple_TLL26-27	90	309692
154.846	0.046	ripple_TLL28-29	92	309692
154.8545	0.114	ripple_TLL15-16	80	309709
154.858	0.247	ripple_TLL18-19	82	309716
154.859	0.1195	ripple_TLL14-15	79	309718
154.8635	0.036	ripple_TLL6-7	99	309727
154.864	0.0605	ripple_TLL13-14	78	309728
154.878	0.038	ripple_TBPL3-4	73	309756
154.891	0.04	ripple_TLL7-8	100	309782
154.9125	0.059	ripple_TLL26-27	90	309825
154.923	0.0495	ripple_TLL28-29	92	309846
154.937	0.0485	ripple_TBPL3-4	73	309874
154.9375	0.057	ripple_TBAL3-4	70	309875
154.938	0.048	ripple_TLL19-20	83	309876
154.9445	0.0385	ripple_TLL1-2	74	309889
154.946	0.014	fr_TLL22-23	20	309892
154.951	0.05	ripple_TLL13-14	78	309902
154.9655	0.2345	ripple_TLL7-8	100	309931
154.9765	0.014	fr_TBPL1-2	4	309953
155.0045	0.044	ripple_TLL20-21	85	310009
155.0305	0.0455	ripple_TLL6-7	99	310061
155.051	0.11	ripple_TLL29-30	93	310102
155.0585	0.088	ripple_TLL1-2	74	310117
155.0795	0.1635	ripple_TLL20-21	85	310159
155.095	0.0455	ripple_TLL27-28	91	310190
155.105	0.0415	ripple_TLL6-7	99	310210
155.1125	0.034	ripple_TLL2-3	84	310225
155.1415	0.0945	ripple_TLL4-5	97	310283
155.154	0.0395	ripple_TLL5-6	98	310308
155.162	0.0745	ripple_TLL21-22	86	310324
155.169	0.236	ripple_TLL14-15	79	310338
155.169	0.236	fr_TLL14-15	12	310338
155.169	0.236	frandr_TLL14-15	46	310338
155.181	0.089	ripple_TLL15-16	80	310362
155.1955	0.036	ripple_TLL1-2	74	310391
155.213	0.0165	fr_TBAL2-3	2	310426
155.2175	0.0665	ripple_TLL11-12	76	310435
155.2235	0.064	ripple_TLL10-11	75	310447
155.2375	0.186	ripple_TLL28-29	92	310475
155.246	0.049	ripple_TLL3-4	94	310492
155.258	0.0565	ripple_TLL7-8	100	310516
155.265	0.0635	ripple_TLL4-5	97	310530
155.324	0.0365	ripple_TLL31-32	96	310648
155.324	0.112	ripple_TLL13-14	78	310648
155.332	0.0565	ripple_TBPL3-4	73	310664
155.3395	0.038	ripple_TLL5-6	98	310679
155.352	0.087	ripple_TLL30-31	95	310704
155.3545	0.0335	ripple_TLL21-22	86	310709
155.3635	0.0675	ripple_TLL7-8	100	310727
155.373	0.173	ripple_TBPL1-2	71	310746
155.376	0.1715	ripple_TLL19-20	83	310752
155.3785	0.112	ripple_TLL1-2	74	310757
155.38	0.1435	ripple_TLL15-16	80	310760
155.38	0.433	ripple_TLL20-21	85	310760
155.3825	0.031	ripple_TBPL2-3	72	310765
155.443	0.0335	ripple_TLL6-7	99	310886
155.4775	0.0455	ripple_TLL11-12	76	310955
155.4795	0.0845	ripple_TLL12-13	77	310959
155.4845	0.033	ripple_TBPL2-3	72	310969
155.485	0.0665	ripple_TLL7-8	100	310970
155.493	0.1175	ripple_TLL18-19	82	310986
155.4965	0.041	ripple_TBAL1-2	68	310993
155.4965	0.166	ripple_TLL27-28	91	310993
155.4975	0.013	fr_TLL1-2	7	310995
155.498	0.079	ripple_TLL13-14	78	310996
155.5025	0.3335	ripple_TLL30-31	95	311005
155.5085	0.085	ripple_TLL14-15	79	311017
155.5205	0.0365	ripple_TLL28-29	92	311041
155.523	0.0755	ripple_TLL31-32	96	311046
155.5265	0.1215	ripple_TLL21-22	86	311053
155.556	0.0815	ripple_TLL17-18	81	311112
155.5695	0.0645	ripple_TLL26-27	90	311139
155.578	0.1885	ripple_TLL7-8	100	311156
155.5865	0.0985	ripple_TBPL1-2	71	311173
155.621	0.035	ripple_TBPL3-4	73	311242
155.6355	0.0465	ripple_TLL4-5	97	311271
155.6455	0.076	ripple_TLL3-4	94	311291
155.647	0.284	ripple_TLL22-23	87	311294
155.65	0.125	ripple_TLL14-15	79	311300
155.658	0.0725	ripple_TLL10-11	75	311316
155.6585	0.0355	ripple_TLL5-6	98	311317
155.66	0.087	ripple_TLL13-14	78	311320
155.673	0.0795	ripple_TLL21-22	86	311346
155.684	0.0475	ripple_TLL18-19	82	311368
155.684	0.091	ripple_TLL15-16	80	311368
155.6875	0.125	ripple_TLL19-20	83	311375
155.6885	0.1395	ripple_TLL29-30	93	311377
155.69	0.0445	ripple_TLL11-12	76	311380
155.7235	0.0615	ripple_TLL17-18	81	311447
155.7335	0.058	ripple_TLL1-2	74	311467
155.7735	0.033	ripple_TLL18-19	82	311547
155.7965	0.1345	ripple_TLL13-14	78	311593
155.809	0.037	ripple_TLL28-29	92	311618
155.81	0.203	ripple_TLL15-16	80	311620
155.81	0.203	fr_TLL15-16	13	311620
155.81	0.203	frandr_TLL15-16	47	311620
155.814	0.0555	ripple_TLL14-15	79	311628
155.818	0.044	ripple_TLL1-2	74	311636
155.8195	0.0515	ripple_TBPL2-3	72	311639
155.822	0.04	ripple_TLL2-3	84	311644
155.8235	0.037	ripple_TLL5-6	98	311647
155.8395	0.0755	ripple_TLL21-22	86	311679
155.8465	0.1	ripple_TLL31-32	96	311693
155.8745	0.0835	ripple_TLL30-31	95	311749
155.883	0.042	ripple_TLL28-29	92	311766
155.886	0.0435	ripple_TLL23-24	88	311772
155.8865	0.0895	ripple_TLL6-7	99	311773
155.9215	0.052	ripple_TLL7-8	100	311843
155.9285	0.134	ripple_TLL19-20	83	311857
155.9305	0.036	ripple_TLL12-13	77	311861
155.9325	0.0385	ripple_TLL11-12	76	311865
155.9435	0.121	ripple_TLL18-19	82	311887
155.947	0.039	ripple_TLL21-22	86	311894
155.957	0.06	ripple_TLL14-15	79	311914
155.9695	0.0445	ripple_TLL29-30	93	311939
155.9955	0.0335	ripple_TLL28-29	92	311991
156.001	0.193	ripple_TLL20-21	85	312002
156.006	0.133	ripple_TLL22-23	87	312012
156.0075	0.0485	ripple_TLL21-22	86	312015
156.0345	0.093	ripple_TLL29-30	93	312069
156.0525	0.222	ripple_TLL23-24	88	312105
156.054	0.195	ripple_TLL1-2	74	312108
156.083	0.047	ripple_TLL13-14	78	312166
156.084	0.073	ripple_TLL21-22	86	312168
156.1165	0.0495	ripple_TLL18-19	82	312233
156.151	0.0695	ripple_TLL15-16	80	312302
156.177	0.0325	ripple_TLL3-4	94	312354
156.182	0.0465	ripple_TLL2-3	84	312364
156.1945	0.0455	ripple_TLL28-29	92	312389
156.196	0.037	ripple_TLL29-30	93	312392
156.224	0.1205	ripple_TLL6-7	99	312448
156.259	0.128	ripple_TLL30-31	95	312518
156.2645	0.0905	ripple_TLL7-8	100	312529
156.2745	0.1225	ripple_TBPL2-3	72	312549
156.275	0.2675	ripple_TLL1-2	74	312550
156.306	0.1025	ripple_TLL22-23	87	312612
156.326	0.054	ripple_TLL28-29	92	312652
156.328	0.102	ripple_TBPL1-2	71	312656
156.331	0.0725	ripple_TBAL3-4	70	312662
156.341	0.0395	ripple_TLL14-15	79	312682
156.345	0.289	ripple_TLL20-21	85	312690
156.353	0.042	ripple_TLL11-12	76	312706
156.386	0.0715	ripple_TLL2-3	84	312772
156.3975	0.139	ripple_TLL21-22	86	312795
156.4175	0.0435	ripple_TLL11-12	76	312835
156.433	0.0315	ripple_TLL18-19	82	312866
156.4335	0.0365	ripple_TLL12-13	77	312867
156.45	0.341	ripple_TBPL2-3	72	312900
156.452	0.2615	ripple_TLL23-24	88	312904
156.452	0.274	ripple_TLL22-23	87	312904
156.458	0.227	ripple_TLL29-30	93	312916
156.5035	0.0345	ripple_TLL18-19	82	313007
156.5095	0.0925	ripple_TLL19-20	83	313019
156.512	0.0595	ripple_TLL31-32	96	313024
156.5235	0.095	ripple_TLL15-16	80	313047
156.5425	0.1085	ripple_TLL28-29	92	313085
156.5495	0.0815	ripple_TBPL3-4	73	313099
156.57	0.051	ripple_TLL14-15	79	313140
156.582	0.042	ripple_TLL27-28	91	313164
156.586	0.0355	ripple_TLL21-22	86	313172
156.6125	0.041	ripple_TLL10-11	75	313225
156.635	0.0385	ripple_TLL11-12	76	313270
156.674	0.063	ripple_TLL1-2	74	313348
156.6775	0.0915	ripple_TLL18-19	82	313355
156.699	0.041	ripple_TLL5-6	98	313398
156.7135	0.143	ripple_TLL27-28	91	313427
156.714	0.0445	ripple_TLL15-16	80	313428
156.731	0.055	ripple_TLL21-22	86	313462
156.731	0.1355	ripple_TLL20-21	85	313462
156.748	0.125	ripple_TLL22-23	87	313496
156.7555	0.187	ripple_TLL31-32	96	313511
156.7575	0.067	ripple_TLL23-24	88	313515
156.7585	0.1055	ripple_TLL1-2	74	313517
156.762	0.037	ripple_TLL30-31	95	313524
156.774	0.0465	ripple_TLL2-3	84	313548
156.8035	0.0825	ripple_TLL29-30	93	313607
156.811	0.096	ripple_TLL14-15	79	313622
156.8375	0.052	ripple_TLL18-19	82	313675
156.848	0.076	ripple_TBPL1-2	71	313696
156.863	0.1155	ripple_TLL11-12	76	313726
156.8695	0.019	fr_TBPL3-4	6	313739
156.8715	0.14	ripple_TLL6-7	99	313743
156.8725	0.1295	ripple_TLL15-16	80	313745
156.8775	0.0465	ripple_TBAL2-3	69	313755
156.8775	0.064	ripple_TBAL3-4	70	313755
156.891	0.088	ripple_TLL7-8	100	313782
156.8955	0.0585	ripple_TLL17-18	81	313791
156.9265	0.3805	ripple_TLL22-23	87	313853
156.9275	0.0775	ripple_TLL23-24	88	313855
156.9355	0.045	ripple_TBPL2-3	72	313871
156.9365	0.0535	ripple_TLL30-31	95	313873
156.9375	0.1865	ripple_TLL20-21	85	313875
156.94	0.0735	ripple_TLL21-22	86	313880
156.9455	0.037	ripple_TLL12-13	77	313891
156.956	0.12	ripple_TLL18-19	82	313912
156.972	0.055	ripple_TLL4-5	97	313944
157.001	0.1215	ripple_TBPL1-2	71	314002
157.0015	0.0555	ripple_TLL31-32	96	314003
157.003	0.0505	ripple_TLL28-29	92	314006
157.012	0.0385	ripple_TLL29-30	93	314024
157.014	0.041	ripple_TLL19-20	83	314028
157.0495	0.0595	ripple_TLL30-31	95	314099
157.0775	0.034	ripple_TLL2-3	84	314155
157.0795	0.035	ripple_TLL29-30	93	314159
157.08	0.036	ripple_TLL7-8	100	314160
157.089	0.0865	ripple_TBAL3-4	70	314178
157.0905	0.2635	ripple_TLL21-22	86	314181
157.091	0.0575	ripple_TBAL2-3	69	314182
157.0925	0.1145	ripple_TLL6-7	99	314185
157.096	0.0805	ripple_TLL15-16	80	314192
157.0975	0.16	ripple_TBPL2-3	72	314195
157.1165	0.0355	ripple_TLL26-27	90	314233
157.133	0.061	ripple_TLL5-6	98	314266
157.1405	0.1005	ripple_TLL1-2	74	314281
157.146	0.0455	ripple_TLL4-5	97	314292
157.15	0.033	ripple_TLL18-19	82	314300
157.1845	0.041	ripple_TLL20-21	85	314369
157.2155	0.0765	ripple_TLL4-5	97	314431
157.22	0.052	ripple_TLL14-15	79	314440
157.2415	0.106	ripple_TLL18-19	82	314483
157.246	0.036	ripple_TLL30-31	95	314492
157.253	0.0455	ripple_TLL3-4	94	314506
157.254	0.1195	ripple_TLL19-20	83	314508
157.2605	0.0945	ripple_TLL29-30	93	314521
157.2635	0.0475	ripple_TLL28-29	92	314527
157.277	0.0345	ripple_TLL9-10	101	314554
157.2835	0.3435	ripple_TBPL1-2	71	314567
157.2915	0.0835	ripple_TLL6-7	99	314583
157.301	0.079	ripple_TLL7-8	100	314602
157.307	0.118	ripple_TLL31-32	96	314614
157.31	0.0595	ripple_TLL1-2	74	314620
157.314	0.05	ripple_TLL14-15	79	314628
157.3155	0.027	ripple_TLL23-24	88	314631
157.3195	0.0285	ripple_TLL2-3	84	314639
157.3215	0.1205	ripple_TBPL2-3	72	314643
157.331	0.028	ripple_TLL22-23	87	314662
157.3405	0.0475	ripple_TLL30-31	95	314681
157.376	0.1	ripple_TLL23-24	88	314752
157.386	0.1325	ripple_TLL20-21	85	314772
157.3895	0.08	ripple_TLL28-29	92	314779
157.3955	0.061	ripple_TLL22-23	87	314791
157.4055	0.037	ripple_TLL21-22	86	314811
157.423	0.099	ripple_TLL27-28	91	314846
157.437	0.044	ripple_TLL1-2	74	314874
157.451	0.055	ripple_TLL31-32	96	314902
157.463	0.051	ripple_TLL21-22	86	314926
157.468	0.064	ripple_TBAL3-4	70	314936
157.4715	0.289	ripple_TLL29-30	93	314943
157.4825	0.037	ripple_TLL19-20	83	314965
157.4865	0.0545	ripple_TLL2-3	84	314973
157.4885	0.1215	ripple_TLL18-19	82	314977
157.489	0.053	ripple_TLL7-8	100	314978
157.5005	0.0385	ripple_TBAL2-3	69	315001
157.5095	0.0755	ripple_TLL30-31	95	315019
157.5095	0.085	ripple_TLL28-29	92	315019
157.541	0.0515	ripple_TLL31-32	96	315082
157.5425	0.045	ripple_TLL14-15	79	315085
157.552	0.055	ripple_TLL27-28	91	315104
157.5655	0.0405	ripple_TLL26-27	90	315131
157.5945	0.0645	ripple_TBPL2-3	72	315189
157.601	0.0555	ripple_TLL2-3	84	315202
157.6025	0.1825	ripple_TLL20-21	85	315205
157.603	0.0405	ripple_TBAL1-2	68	315206
157.603	0.041	ripple_TLL1-2	74	315206
157.603	0.192	ripple_TLL6-7	99	315206
157.61	0.176	ripple_TLL22-23	87	315220
157.624	0.08	ripple_TLL14-15	79	315248
157.628	0.061	ripple_TLL21-22	86	315256
157.6375	0.0425	ripple_TLL27-28	91	315275
157.6545	0.231	ripple_TLL19-20	83	315309
157.661	0.0565	ripple_TLL18-19	82	315322
157.67	0.1375	ripple_TBPL1-2	71	315340
157.672	0.1555	ripple_TLL1-2	74	315344
157.691	0.1005	ripple_TLL30-31	95	315382
157.693	0.068	ripple_TLL28-29	92	315386
157.6965	0.038	ripple_TLL7-8	100	315393
157.723	0.127	ripple_TLL21-22	86	315446
157.749	0.0375	ripple_TLL31-32	96	315498
157.7595	0.0355	ripple_TLL5-6	98	315519
157.761	0.1785	ripple_TLL7-8	100	315522
157.7645	0.0365	ripple_TLL3-4	94	315529
157.775	0.066	ripple_TLL27-28	91	315550
157.7915	0.051	ripple_TLL28-29	92	315583
157.8155	0.04	ripple_TLL9-10	101	315631
157.818	0.056	ripple_TLL22-23	87	315636
157.825	0.064	ripple_TLL31-32	96	315650
157.8325	0.04	ripple_TLL18-19	82	315665
157.8355	0.0955	ripple_TLL30-31	95	315671
157.8495	0.032	ripple_TBPL1-2	71	315699
157.8705	0.0915	ripple_TLL14-15	79	315741
157.8755	0.0625	ripple_TLL15-16	80	315751
157.8905	0.0545	ripple_TLL3-4	94	315781
157.896	0.1285	ripple_TLL23-24	88	315792
157.91	0.186	ripple_TBPL2-3	72	315820
157.9105	0.0825	ripple_TLL22-23	87	315821
157.967	0.063	ripple_TBPL1-2	71	315934
157.972	0.074	ripple_TLL31-32	96	315944
157.9835	0.0115	fr_TLL19-20	16	315967
157.99	0.0435	ripple_TLL11-12	76	315980
157.9905	0.0365	ripple_TLL30-31	95	315981
157.9915	0.0425	ripple_TLL7-8	100	315983
158.0205	0.042	ripple_TLL18-19	82	316041
158.042	0.0945	ripple_TLL21-22	86	316084
158.052	0.0575	ripple_TBPL1-2	71	316104
158.0585	0.09	ripple_TLL30-31	95	316117
158.0955	0.0355	ripple_TLL7-8	100	316191
158.0965	0.011	fr_TLL19-20	16	316193
158.0985	0.0345	ripple_TBPL3-4	73	316197
158.111	0.122	ripple_TLL31-32	96	316222
158.113	0.106	ripple_TLL15-16	80	316226
158.115	0.1295	ripple_TLL14-15	79	316230
158.1165	0.085	ripple_TLL20-21	85	316233
158.137	0.053	ripple_TLL29-30	93	316274
158.149	0.105	ripple_TLL1-2	74	316298
158.152	0.141	ripple_TLL23-24	88	316304
158.154	0.17	ripple_TLL18-19	82	316308
158.1785	0.0495	ripple_TLL27-28	91	316357
158.196	0.169	ripple_TLL30-31	95	316392
158.2575	0.117	ripple_TLL29-30	93	316515
158.258	0.0925	ripple_TBPL2-3	72	316516
158.284	0.1535	ripple_TLL2-3	84	316568
158.2855	0.0585	ripple_TLL21-22	86	316571
158.3115	0.0625	ripple_TLL20-21	85	316623
158.3265	0.04	ripple_TLL22-23	87	316653
158.365	0.0315	ripple_TLL6-7	99	316730
158.382	0.255	ripple_TBPL1-2	71	316764
158.3965	0.072	ripple_TLL18-19	82	316793
158.4035	0.072	ripple_TLL29-30	93	316807
158.407	0.15	ripple_TLL20-21	85	316814
158.4145	0.1115	ripple_TLL31-32	96	316829
158.4205	0.0545	ripple_TLL28-29	92	316841
158.4415	0.046	ripple_TLL21-22	86	316883
158.4515	0.0405	ripple_TLL14-15	79	316903
158.4535	0.054	ripple_TLL13-14	78	316907
158.4935	0.053	ripple_TLL6-7	99	316987
158.4945	0.036	ripple_TLL4-5	97	316989
158.498	0.096	ripple_TLL19-20	83	316996
158.5015	0.039	ripple_TLL22-23	87	317003
158.502	0.0125	fr_TBAL1-2	1	317004
158.518	0.0435	ripple_TLL9-10	101	317036
158.5555	0.207	ripple_TLL1-2	74	317111
158.5565	0.045	ripple_TLL5-6	98	317113
158.558	0.0365	ripple_TLL14-15	79	317116
158.5645	0.206	ripple_TLL2-3	84	317129
158.585	0.0595	ripple_TLL21-22	86	317170
158.5865	0.0465	ripple_TBPL2-3	72	317173
158.62	0.1235	ripple_TLL29-30	93	317240
158.6355	0.105	ripple_TLL30-31	95	317271
158.638	0.0385	ripple_TLL20-21	85	317276
158.642	0.0485	ripple_TLL19-20	83	317284
158.6545	0.1985	ripple_TLL28-29	92	317309
158.661	0.044	ripple_TBPL2-3	72	317322
158.663	0.096	ripple_TLL23-24	88	317326
158.663	0.1	ripple_TLL22-23	87	317326
158.6655	0.0675	ripple_TLL31-32	96	317331
158.6665	0.061	ripple_TLL3-4	94	317333
158.6675	0.121	ripple_TLL14-15	79	317335
158.6925	0.039	ripple_TLL21-22	86	317385
158.7035	0.06	ripple_TBAL3-4	70	317407
158.7095	0.042	ripple_TLL18-19	82	317419
158.713	0.0355	ripple_TLL20-21	85	317426
158.7275	0.0625	ripple_TLL15-16	80	317455
158.7605	0.035	ripple_TLL12-13	77	317521
158.769	0.1815	ripple_TLL20-21	85	317538
158.7875	0.0525	ripple_TLL29-30	93	317575
158.8155	0.0415	ripple_TLL5-6	98	317631
158.846	0.038	ripple_TLL31-32	96	317692
158.846	0.1845	ripple_TLL22-23	87	317692
158.848	0.0535	ripple_TLL1-2	74	317696
158.86	0.0385	ripple_TLL23-24	88	317720
158.8675	0.127	ripple_TLL21-22	86	317735
158.878	0.1795	ripple_TLL27-28	91	317756
158.881	0.0575	ripple_TBPL1-2	71	317762
158.8845	0.091	ripple_TLL29-30	93	317769
158.8845	0.159	ripple_TLL28-29	92	317769
158.9235	0.038	ripple_TLL15-16	80	317847
158.924	0.041	ripple_TBAL1-2	68	317848
158.9285	0.028	ripple_TLL1-2	74	317857
158.9285	0.028	fr_TLL1-2	7	317857
158.9285	0.028	frandr_TLL1-2	41	317857
158.933	0.0475	ripple_TBAL3-4	70	317866
158.933	0.0805	ripple_TLL11-12	76	317866
158.957	0.045	ripple_TLL31-32	96	317914
158.957	0.0525	ripple_TLL6-7	99	317914
158.9625	0.098	ripple_TLL2-3	84	317925
158.9635	0.0665	ripple_TLL23-24	88	317927
158.983	0.0835	ripple_TLL19-20	83	317966
158.9865	0.124	ripple_TLL20-21	85	317973
158.988	0.128	ripple_TLL1-2	74	317976
158.9905	0.0395	ripple_TLL3-4	94	317981
159.005	0.037	ripple_TLL15-16	80	318010
159.007	0.06	ripple_TLL5-6	98	318014
159.008	0.081	ripple_TLL30-31	95	318016
159.0425	0.0655	ripple_TLL21-22	86	318085
159.0565	0.0505	ripple_TLL29-30	93	318113
159.075	0.0305	ripple_TLL23-24	88	318150
159.0775	0.0765	ripple_TBPL2-3	72	318155
159.087	0.162	ripple_TLL28-29	92	318174
159.111	0.0465	ripple_TLL18-19	82	318222
159.1145	0.0735	ripple_TLL19-20	83	318229
159.1255	0.092	ripple_TLL23-24	88	318251
159.126	0.06	ripple_TBAL3-4	70	318252
159.1275	0.1365	ripple_TLL31-32	96	318255
159.128	0.128	ripple_TLL29-30	93	318256
159.133	0.062	ripple_TBAL1-2	68	318266
159.137	0.0995	ripple_TLL30-31	95	318274
159.1615	0.037	ripple_TLL17-18	81	318323
159.163	0.09	ripple_TLL1-2	74	318326
159.175	0.0465	ripple_TLL9-10	101	318350
159.207	0.043	ripple_TLL14-15	79	318414
159.2185	0.0325	ripple_TLL2-3	84	318437
159.222	0.0365	ripple_TLL7-8	100	318444
159.223	0.058	ripple_TLL15-16	80	318446
159.224	0.052	ripple_TLL19-20	83	318448
159.224	0.303	ripple_TLL21-22	86	318448
159.235	0.0895	ripple_TLL22-23	87	318470
159.2465	0.0655	ripple_TLL20-21	85	318493
159.247	0.079	ripple_TLL23-24	88	318494
159.257	0.0305	ripple_TLL30-31	95	318514
159.2625	0.127	ripple_TLL27-28	91	318525
159.272	0.057	ripple_TBPL2-3	72	318544
159.2995	0.061	ripple_TLL26-27	90	318599
159.3025	0.028	ripple_TLL19-20	83	318605
159.303	0.136	ripple_TLL28-29	92	318606
159.304	0.1275	ripple_TLL18-19	82	318608
159.3085	0.0385	ripple_TLL29-30	93	318617
159.3115	0.15	ripple_TLL1-2	74	318623
159.339	0.0435	ripple_TBAL3-4	70	318678
159.3455	0.0305	ripple_TLL15-16	80	318691
159.3555	0.0975	ripple_TLL31-32	96	318711
159.363	0.034	ripple_TLL19-20	83	318726
159.363	0.182	ripple_TLL20-21	85	318726
159.3635	0.038	ripple_TLL10-11	75	318727
159.365	0.145	ripple_TBPL2-3	72	318730
159.367	0.2615	ripple_TLL30-31	95	318734
159.3745	0.033	ripple_TLL6-7	99	318749
159.3765	0.0435	ripple_TLL2-3	84	318753
159.385	0.1215	ripple_TLL22-23	87	318770
159.42	0.04	ripple_TLL15-16	80	318840
159.4565	0.0395	ripple_TLL10-11	75	318913
159.4695	0.043	ripple_TLL2-3	84	318939
159.473	0.1035	ripple_TLL28-29	92	318946
159.48	0.1195	ripple_TBPL1-2	71	318960
159.484	0.0945	ripple_TLL15-16	80	318968
159.5	0.041	ripple_TLL14-15	79	319000
159.506	0.03	ripple_TLL26-27	90	319012
159.506	0.1685	ripple_TLL1-2	74	319012
159.518	0.0305	ripple_TLL6-7	99	319036
159.5395	0.0555	ripple_TLL22-23	87	319079
159.5415	0.3445	ripple_TBPL2-3	72	319083
159.543	0.2565	ripple_TLL23-24	88	319086
159.5485	0.035	ripple_TLL18-19	82	319097
159.601	0.041	ripple_TLL29-30	93	319202
159.6235	0.0295	ripple_TLL31-32	96	319247
159.631	0.037	ripple_TLL2-3	84	319262
159.637	0.154	ripple_TLL21-22	86	319274
159.6435	0.183	ripple_TLL15-16	80	319287
159.644	0.0445	ripple_TLL14-15	79	319288
159.65	0.038	ripple_TLL6-7	99	319300
159.663	0.083	ripple_TLL29-30	93	319326
159.671	0.0775	ripple_TLL19-20	83	319342
159.691	0.109	ripple_TLL22-23	87	319382
159.695	0.0895	ripple_TLL31-32	96	319390
159.7055	0.0795	ripple_TLL13-14	78	319411
159.712	0.0355	ripple_TLL1-2	74	319424
159.715	0.0335	ripple_TLL10-11	75	319430
159.7485	0.0645	ripple_TLL27-28	91	319497
159.752	0.0355	ripple_TLL5-6	98	319504
159.754	0.132	ripple_TLL14-15	79	319508
159.757	0.06	ripple_TLL7-8	100	319514
159.7685	0.054	ripple_TLL2-3	84	319537
159.7685	0.182	ripple_TLL29-30	93	319537
159.776	0.06	ripple_TLL30-31	95	319552
159.7995	0.2245	ripple_TLL28-29	92	319599
159.851	0.061	ripple_TLL31-32	96	319702
159.8645	0.127	ripple_TLL22-23	87	319729
159.872	0.0325	ripple_TLL30-31	95	319744
159.876	0.0415	ripple_TLL2-3	84	319752
159.886	0.054	ripple_TLL19-20	83	319772
159.8865	0.316	ripple_TLL20-21	85	319773
159.903	0.087	ripple_TLL1-2	74	319806
159.9095	0.0445	ripple_TLL13-14	78	319819
159.92	0.079	ripple_TLL4-5	97	319840
159.942	0.037	ripple_TLL7-8	100	319884
159.9585	0.172	ripple_TLL21-22	86	319917
159.9655	0.0615	ripple_TLL31-32	96	319931
159.9835	0.055	ripple_TLL27-28	91	319967
160.002	0.047	ripple_TLL29-30	93	320004
160.008	0.0615	ripple_TLL19-20	83	320016
160.0165	0.034	ripple_TLL15-16	80	320033
160.0245	0.0345	ripple_TLL30-31	95	320049
160.0425	0.037	ripple_TLL3-4	94	320085
160.0495	0.0375	ripple_TLL13-14	78	320099
160.073	0.0405	ripple_TLL29-30	93	320146
160.073	0.191	ripple_TLL28-29	92	320146
160.0875	0.0945	ripple_TLL22-23	87	320175
160.089	0.0915	ripple_TLL23-24	88	320178
160.0945	0.1565	ripple_TLL31-32	96	320189
160.1215	0.0495	ripple_TLL4-5	97	320243
160.135	0.0535	ripple_TLL27-28	91	320270
160.135	0.07	ripple_TLL15-16	80	320270
160.154	0.0395	ripple_TLL6-7	99	320308
160.1685	0.1095	ripple_TLL19-20	83	320337
160.17	0.033	ripple_TLL7-8	100	320340
160.171	0.0525	ripple_TBPL1-2	71	320342
160.1715	0.0685	ripple_TLL9-10	101	320343
160.192	0.119	ripple_TLL29-30	93	320384
160.1925	0.071	ripple_TLL5-6	98	320385
160.204	0.083	ripple_TLL21-22	86	320408
160.2085	0.2345	ripple_TLL1-2	74	320417
160.2145	0.09	ripple_TLL18-19	82	320429
160.2155	0.07	ripple_TLL13-14	78	320431
160.2245	0.061	ripple_TLL20-21	85	320449
160.2295	0.058	ripple_TBPL2-3	72	320459
160.2335	0.105	ripple_TLL2-3	84	320467
160.237	0.0555	ripple_TLL14-15	79	320474
160.2435	0.046	ripple_TLL15-16	80	320487
160.256	0.102	ripple_TLL7-8	100	320512
160.2705	0.049	ripple_TLL27-28	91	320541
160.286	0.0445	ripple_TBPL1-2	71	320572
160.319	0.27	ripple_TLL19-20	83	320638
160.3215	0.0835	ripple_TLL28-29	92	320643
160.325	0.0475	ripple_TLL21-22	86	320650
160.3295	0.047	ripple_TLL20-21	85	320659
160.3455	0.062	ripple_TLL29-30	93	320691
160.3525	0.032	ripple_TLL31-32	96	320705
160.372	0.092	ripple_TLL13-14	78	320744
160.4235	0.0715	ripple_TLL21-22	86	320847
160.429	0.039	ripple_TLL18-19	82	320858
160.434	0.1525	ripple_TLL31-32	96	320868
160.4445	0.144	ripple_TLL28-29	92	320889
160.455	0.039	ripple_TLL5-6	98	320910
160.466	0.0355	ripple_TLL20-21	85	320932
160.4755	0.0585	ripple_TLL7-8	100	320951
160.5315	0.087	ripple_TLL20-21	85	321063
160.532	0.068	ripple_TLL14-15	79	321064
160.5325	0.049	ripple_TLL15-16	80	321065
160.542	0.042	ripple_TLL3-4	94	321084
160.552	0.0305	ripple_TLL29-30	93	321104
160.5845	0.0625	ripple_TLL23-24	88	321169
160.5845	0.1145	ripple_TLL22-23	87	321169
160.591	0.023	fr_TLL6-7	32	321182
160.6475	0.072	ripple_TLL1-2	74	321295
160.653	0.0745	ripple_TLL29-30	93	321306
160.662	0.0415	ripple_TLL11-12	76	321324
160.6785	0.0425	ripple_TLL19-20	83	321357
160.7005	0.068	ripple_TLL7-8	100	321401
160.706	0.062	ripple_TLL20-21	85	321412
160.711	0.0745	ripple_TLL27-28	91	321422
160.7115	0.0725	ripple_TLL26-27	90	321423
160.723	0.0265	ripple_TLL21-22	86	321446
160.73	0.031	ripple_TBPL3-4	73	321460
160.739	0.034	ripple_TLL30-31	95	321478
160.8165	0.365	ripple_TLL1-2	74	321633
160.817	0.257	ripple_TLL20-21	85	321634
160.8225	0.057	ripple_TLL3-4	94	321645
160.826	0.088	ripple_TLL28-29	92	321652
160.8295	0.044	ripple_TLL14-15	79	321659
160.832	0.1415	ripple_TLL21-22	86	321664
160.844	0.055	ripple_TLL18-19	82	321688
160.849	0.0445	ripple_TLL6-7	99	321698
160.8495	0.149	ripple_TLL30-31	95	321699
160.8625	0.099	ripple_TLL29-30	93	321725
160.874	0.046	ripple_TLL2-3	84	321748
160.8795	0.148	ripple_TLL22-23	87	321759
160.8945	0.0985	ripple_TLL27-28	91	321789
160.912	0.051	ripple_TLL19-20	83	321824
160.926	0.082	ripple_TLL31-32	96	321852
160.935	0.1095	ripple_TLL23-24	88	321870
160.9555	0.034	ripple_TLL28-29	92	321911
160.969	0.035	ripple_TLL18-19	82	321938
160.983	0.042	ripple_TLL14-15	79	321966
160.984	0.041	ripple_TLL7-8	100	321968
161.0175	0.19	ripple_TLL19-20	83	322035
161.0345	0.0435	ripple_TLL18-19	82	322069
161.0385	0.0885	ripple_TLL31-32	96	322077
161.053	0.1245	ripple_TLL28-29	92	322106
161.064	0.055	ripple_TLL21-22	86	322128
161.0665	0.0405	ripple_TBPL1-2	71	322133
161.0745	0.0615	ripple_TLL23-24	88	322149
161.0755	0.036	ripple_TLL22-23	87	322151
161.076	0.3555	ripple_TLL29-30	93	322152
161.1125	0.118	ripple_TBPL2-3	72	322225
161.12	0.147	ripple_TLL20-21	85	322240
161.1495	0.262	ripple_TLL30-31	95	322299
161.1545	0.0365	ripple_TLL18-19	82	322309
161.161	0.057	ripple_TLL31-32	96	322322
161.199	0.1835	ripple_TLL23-24	88	322398
161.2205	0.0715	ripple_TLL1-2	74	322441
161.222	0.1555	ripple_TLL2-3	84	322444
161.251	0.051	ripple_TLL7-8	100	322502
161.2625	0.087	ripple_TLL14-15	79	322525
161.2665	0.061	ripple_TLL3-4	94	322533
161.2775	0.2085	ripple_TLL28-29	92	322555
161.2895	0.0225	fr_TLL20-21	18	322579
161.3015	0.0355	ripple_TBAL2-3	69	322603
161.3095	0.076	ripple_TBPL1-2	71	322619
161.336	0.0365	ripple_TLL6-7	99	322672
161.344	0.038	ripple_TLL22-23	87	322688
161.345	0.0795	ripple_TLL27-28	91	322690
161.353	0.069	ripple_TLL31-32	96	322706
161.3895	0.0115	fr_TLL19-20	16	322779
161.3915	0.0385	ripple_TLL10-11	75	322783
161.4155	0.2705	ripple_TBPL1-2	71	322831
161.4235	0.27	ripple_TLL23-24	88	322847
161.424	0.2525	ripple_TLL22-23	87	322848
161.4455	0.0395	ripple_TLL27-28	91	322891
161.4575	0.0205	fr_TLL19-20	16	322915
161.5135	0.044	ripple_TLL27-28	91	323027
161.531	0.146	ripple_TLL6-7	99	323062
161.5325	0.077	ripple_TLL14-15	79	323065
161.5335	0.072	ripple_TLL31-32	96	323067
161.5345	0.055	ripple_TLL15-16	80	323069
161.5525	0.195	ripple_TLL7-8	100	323105
161.559	0.3325	ripple_TLL19-20	83	323118
161.564	0.2415	ripple_TLL1-2	74	323128
161.5655	0.099	ripple_TLL20-21	85	323131
161.5835	0.072	ripple_TLL27-28	91	323167
161.5935	0.1905	ripple_TLL30-31	95	323187
161.6155	0.1845	ripple_TLL15-16	80	323231
161.646	0.2515	ripple_TLL21-22	86	323292
161.6575	0.0655	ripple_TLL31-32	96	323315
161.664	0.0365	ripple_TLL2-3	84	323328
161.6865	0.0325	ripple_TLL20-21	85	323373
161.697	0.046	ripple_TLL28-29	92	323394
161.7035	0.053	ripple_TLL29-30	93	323407
161.711	0.0875	ripple_TLL18-19	82	323422
161.7335	0.0565	ripple_TLL14-15	79	323467
161.7675	0.0445	ripple_TLL20-21	85	323535
161.79	0.0355	ripple_TLL25-26	89	323580
161.822	0.185	ripple_TLL14-15	79	323644
161.8225	0.1015	ripple_TLL29-30	93	323645
161.8245	0.071	ripple_TLL28-29	92	323649
161.8255	0.067	ripple_TBPL2-3	72	323651
161.844	0.034	ripple_TLL31-32	96	323688
161.847	0.04	ripple_TLL15-16	80	323694
161.85	0.1	ripple_TLL30-31	95	323700
161.8505	0.345	ripple_TBPL1-2	71	323701
161.853	0.082	ripple_TLL1-2	74	323706
161.861	0.028	ripple_TLL18-19	82	323722
161.866	0.0355	ripple_TLL10-11	75	323732
161.869	0.0405	ripple_TLL13-14	78	323738
161.8765	0.04	ripple_TLL6-7	99	323753
161.8935	0.064	ripple_TLL3-4	94	323787
161.9055	0.035	ripple_TLL2-3	84	323811
161.917	0.0555	ripple_TLL5-6	98	323834
161.92	0.0325	ripple_TLL7-8	100	323840
161.922	0.058	ripple_TLL21-22	86	323844
161.9275	0.4705	ripple_TBPL2-3	72	323855
161.933	0.0295	ripple_TLL22-23	87	323866
161.958	0.043	ripple_TLL31-32	96	323916
161.9725	0.0395	ripple_TLL28-29	92	323945
161.9745	0.055	ripple_TLL1-2	74	323949
161.976	0.1015	ripple_TLL23-24	88	323952
161.992	0.059	ripple_TLL29-30	93	323984
162.0205	0.2055	ripple_TLL22-23	87	324041
162.041	0.114	ripple_TLL21-22	86	324082
162.05	0.0855	ripple_TLL1-2	74	324100
162.0555	0.084	ripple_TLL18-19	82	324111
162.0585	0.0345	ripple_TLL2-3	84	324117
162.077	0.0535	ripple_TLL15-16	80	324154
162.0795	0.051	ripple_TLL6-7	99	324159
162.0985	0.064	ripple_TLL30-31	95	324197
162.107	0.2575	ripple_TLL23-24	88	324214
162.14	0.0325	ripple_TLL29-30	93	324280
162.149	0.037	ripple_TLL13-14	78	324298
162.158	0.137	ripple_TLL7-8	100	324316
162.168	0.091	ripple_TLL6-7	99	324336
162.1725	0.195	ripple_TLL15-16	80	324345
162.1795	0.142	ripple_TLL18-19	82	324359
162.1895	0.058	ripple_TLL1-2	74	324379
162.1905	0.131	ripple_TLL21-22	86	324381
162.1915	0.079	ripple_TLL2-3	84	324383
162.1965	0.058	ripple_TLL31-32	96	324393
162.207	0.0585	ripple_TLL14-15	79	324414
162.2265	0.0895	ripple_TLL17-18	81	324453
162.2275	0.147	ripple_TLL29-30	93	324455
162.2605	0.0655	ripple_TLL22-23	87	324521
162.2635	0.1225	ripple_TLL30-31	95	324527
162.27	0.1015	ripple_TLL28-29	92	324540
162.2785	0.182	ripple_TLL1-2	74	324557
162.282	0.348	ripple_TLL31-32	96	324564
162.2865	0.161	ripple_TLL14-15	79	324573
162.293	0.037	ripple_TLL26-27	90	324586
162.3005	0.0975	ripple_TLL19-20	83	324601
162.316	0.0435	ripple_TLL5-6	98	324632
162.3325	0.052	ripple_TBPL1-2	71	324665
162.351	0.038	ripple_TLL13-14	78	324702
162.3515	0.046	ripple_TLL12-13	77	324703
162.3655	0.062	ripple_TLL11-12	76	324731
162.3655	0.1115	ripple_TLL21-22	86	324731
162.3945	0.064	ripple_TLL29-30	93	324789
162.4355	0.0855	ripple_TLL5-6	98	324871
162.444	0.06	ripple_TLL6-7	99	324888
162.4445	0.2745	ripple_TBPL1-2	71	324889
162.472	0.0325	ripple_TLL3-4	94	324944
162.4765	0.125	ripple_TLL22-23	87	324953
162.477	0.041	ripple_TLL11-12	76	324954
162.4775	0.055	ripple_TLL14-15	79	324955
162.4805	0.0485	ripple_TLL23-24	88	324961
162.499	0.0355	ripple_TLL29-30	93	324998
162.499	0.05	ripple_TLL30-31	95	324998
162.5155	0.011	fr_TLL3-4	27	325031
162.5515	0.0355	ripple_TLL6-7	99	325103
162.5555	0.1095	ripple_TLL29-30	93	325111
162.5715	0.0345	ripple_TLL15-16	80	325143
162.5995	0.063	ripple_TLL30-31	95	325199
162.6	0.062	ripple_TLL27-28	91	325200
162.6035	0.115	ripple_TLL21-22	86	325207
162.6255	0.1095	ripple_TLL1-2	74	325251
162.6305	0.0775	ripple_TLL2-3	84	325261
162.6385	0.0915	ripple_TLL11-12	76	325277
162.6415	0.0755	ripple_TLL23-24	88	325283
162.65	0.1495	ripple_TLL18-19	82	325300
162.6515	0.038	ripple_TLL15-16	80	325303
162.655	0.0665	ripple_TLL31-32	96	325310
162.659	0.0345	ripple_TLL4-5	97	325318
162.6725	0.1315	ripple_TLL7-8	100	325345
162.6815	0.0435	ripple_TLL10-11	75	325363
162.6855	0.092	ripple_TLL29-30	93	325371
162.6905	0.0405	ripple_TBPL2-3	72	325381
162.704	0.034	ripple_TLL14-15	79	325408
162.7125	0.042	ripple_TLL17-18	81	325425
162.715	0.0365	ripple_TLL19-20	83	325430
162.7515	0.0505	ripple_TLL6-7	99	325503
162.7515	0.0605	ripple_TBPL2-3	72	325503
162.771	0.1395	ripple_TLL14-15	79	325542
162.7765	0.071	ripple_TLL21-22	86	325553
162.793	0.0595	ripple_TLL28-29	92	325586
162.799	0.049	ripple_TLL29-30	93	325598
162.8075	0.068	ripple_TBPL1-2	71	325615
162.8255	0.082	ripple_TLL23-24	88	325651
162.8355	0.0705	ripple_TLL15-16	80	325671
162.8545	0.23	ripple_TLL31-32	96	325709
162.8585	0.0335	ripple_TLL19-20	83	325717
162.86	0.1155	ripple_TLL20-21	85	325720
162.8605	0.063	ripple_TLL11-12	76	325721
162.8665	0.0385	ripple_TLL17-18	81	325733
162.873	0.0375	ripple_TLL3-4	94	325746
162.8745	0.0445	ripple_TLL13-14	78	325749
162.882	0.054	ripple_TLL28-29	92	325764
162.8885	0.085	ripple_TLL30-31	95	325777
162.906	0.0495	ripple_TLL1-2	74	325812
162.922	0.0895	ripple_TLL18-19	82	325844
162.9225	0.034	ripple_TLL6-7	99	325845
162.93	0.053	ripple_TLL5-6	98	325860
162.9325	0.0815	ripple_TLL4-5	97	325865
162.964	0.0355	ripple_TLL13-14	78	325928
162.9735	0.0935	ripple_TLL28-29	92	325947
162.988	0.036	ripple_TBPL2-3	72	325976
163.023	0.088	ripple_TLL14-15	79	326046
163.0235	0.0765	ripple_TLL5-6	98	326047
163.0255	0.056	ripple_TLL29-30	93	326051
163.0285	0.208	ripple_TLL6-7	99	326057
163.0285	0.208	fr_TLL6-7	32	326057
163.0285	0.208	frandr_TLL6-7	65	326057
163.029	0.055	ripple_TLL1-2	74	326058
163.031	0.086	ripple_TLL15-16	80	326062
163.0335	0.0535	ripple_TLL18-19	82	326067
163.056	0.1415	ripple_TLL20-21	85	326112
163.0625	0.0435	ripple_TLL19-20	83	326125
163.077	0.158	ripple_TLL7-8	100	326154
163.109	0.043	ripple_TLL28-29	92	326218
163.1355	0.2335	ripple_TLL31-32	96	326271
163.153	0.0315	ripple_TLL1-2	74	326306
163.1635	0.036	ripple_TBPL3-4	73	326327
163.1895	0.1925	ripple_TLL30-31	95	326379
163.191	0.265	ripple_TLL29-30	93	326382
163.193	0.0525	ripple_TLL25-26	89	326386
163.2065	0.0335	ripple_TLL9-10	101	326413
163.2445	0.0815	ripple_TLL21-22	86	326489
163.268	0.0525	ripple_TLL28-29	92	326536
163.272	0.0615	ripple_TLL1-2	74	326544
163.2875	0.0815	ripple_TLL6-7	99	326575
163.303	0.0135	fr_TBPL1-2	4	326606
163.3405	0.07	ripple_TLL28-29	92	326681
163.3585	0.0245	ripple_TLL1-2	74	326717
163.3615	0.049	ripple_TLL14-15	79	326723
163.363	0.115	ripple_TLL19-20	83	326726
163.37	0.053	ripple_TLL10-11	75	326740
163.4235	0.1125	ripple_TLL15-16	80	326847
163.4545	0.1055	ripple_TBPL2-3	72	326909
163.466	0.0365	ripple_TLL1-2	74	326932
163.468	0.0755	ripple_TLL7-8	100	326936
163.471	0.03	ripple_TLL22-23	87	326942
163.472	0.0685	ripple_TBPL3-4	73	326944
163.4725	0.114	ripple_TLL18-19	82	326945
163.509	0.036	ripple_TLL4-5	97	327018
163.5105	0.041	ripple_TLL3-4	94	327021
163.5175	0.122	ripple_TLL23-24	88	327035
163.538	0.0965	ripple_TLL14-15	79	327076
163.544	0.0425	ripple_TLL17-18	81	327088
163.5485	0.1895	ripple_TLL27-28	91	327097
163.555	0.161	ripple_TLL29-30	93	327110
163.573	0.1375	ripple_TLL26-27	90	327146
163.5765	0.0635	ripple_TLL21-22	86	327153
163.578	0.069	ripple_TBPL1-2	71	327156
163.585	0.049	ripple_TLL15-16	80	327170
163.5925	0.143	ripple_TBPL2-3	72	327185
163.593	0.042	ripple_TLL11-12	76	327186
163.593	0.042	fr_TLL11-12	9	327186
163.593	0.042	frandr_TLL11-12	43	327186
163.5985	0.0425	ripple_TLL10-11	75	327197
163.6075	0.037	ripple_TBPL3-4	73	327215
163.6235	0.2305	ripple_TLL7-8	100	327247
163.625	0.044	ripple_TLL1-2	74	327250
163.625	0.1145	ripple_TLL6-7	99	327250
163.6255	0.04	ripple_TLL2-3	84	327251
163.657	0.0625	ripple_TBAL2-3	69	327314
163.661	0.107	ripple_TLL21-22	86	327322
163.662	0.0735	ripple_TLL30-31	95	327324
163.6795	0.0595	ripple_TBAL3-4	70	327359
163.6855	0.0465	ripple_TLL13-14	78	327371
163.697	0.0415	ripple_TBPL1-2	71	327394
163.7005	0.084	ripple_TLL14-15	79	327401
163.7065	0.083	ripple_TLL20-21	85	327413
163.7095	0.039	ripple_TLL12-13	77	327419
163.7355	0.103	ripple_TLL1-2	74	327471
163.77	0.0295	ripple_TLL12-13	77	327540
163.779	0.086	ripple_TLL30-31	95	327558
163.7845	0.07	ripple_TLL29-30	93	327569
163.791	0.1225	ripple_TLL6-7	99	327582
163.7955	0.1815	ripple_TBPL1-2	71	327591
163.797	0.0355	ripple_TBPL2-3	72	327594
163.8025	0.094	ripple_TLL2-3	84	327605
163.812	0.0685	ripple_TLL20-21	85	327624
163.8125	0.08	ripple_TLL17-18	81	327625
163.8285	0.0425	ripple_TLL18-19	82	327657
163.836	0.076	ripple_TLL31-32	96	327672
163.838	0.2855	ripple_TLL14-15	79	327676
163.862	0.04	ripple_TLL1-2	74	327724
163.8735	0.0615	ripple_TLL5-6	98	327747
163.881	0.1315	ripple_TLL28-29	92	327762
163.884	0.0265	ripple_TBPL2-3	72	327768
163.894	0.1145	ripple_TLL27-28	91	327788
163.9005	0.044	ripple_TLL26-27	90	327801
163.913	0.15	ripple_TLL30-31	95	327826
163.9255	0.0425	ripple_TLL19-20	83	327851
163.9275	0.296	ripple_TLL20-21	85	327855
163.9375	0.102	ripple_TLL15-16	80	327875
163.946	0.134	ripple_TLL31-32	96	327892
163.9805	0.0415	ripple_TBPL2-3	72	327961
163.9905	0.0675	ripple_TLL5-6	98	327981
163.993	0.0445	ripple_TLL17-18	81	327986
163.9945	0.0375	ripple_TLL1-2	74	327989
164.028	0.0415	ripple_TLL13-14	78	328056
164.033	0.0905	ripple_TLL3-4	94	328066
164.0335	0.0565	ripple_TLL29-30	93	328067
164.034	0.0785	ripple_TLL7-8	100	328068
164.037	0.1105	ripple_TLL19-20	83	328074
164.076	0.032	ripple_TLL26-27	90	328152
164.0915	0.041	ripple_TLL23-24	88	328183
164.1005	0.1105	ripple_TLL30-31	95	328201
164.1265	0.0595	ripple_TLL21-22	86	328253
164.1325	0.035	ripple_TLL1-2	74	328265
164.1565	0.0375	ripple_TLL27-28	91	328313
164.1765	0.075	ripple_TLL6-7	99	328353
164.1835	0.0855	ripple_TLL13-14	78	328367
164.1955	0.0755	ripple_TLL14-15	79	328391
164.198	0.047	ripple_TLL15-16	80	328396
164.2005	0.0385	ripple_TLL10-11	75	328401
164.2135	0.311	ripple_TLL31-32	96	328427
164.221	0.1805	ripple_TLL23-24	88	328442
164.223	0.1615	ripple_TLL1-2	74	328446
164.2375	0.2215	ripple_TBPL1-2	71	328475
164.2635	0.0335	ripple_TLL21-22	86	328527
164.2645	0.0445	ripple_TLL7-8	100	328529
164.2685	0.0275	ripple_TLL30-31	95	328537
164.2835	0.049	ripple_TLL18-19	82	328567
164.3115	0.0365	ripple_TLL6-7	99	328623
164.3135	0.1735	ripple_TLL28-29	92	328627
164.3325	0.0455	ripple_TBPL3-4	73	328665
164.334	0.118	ripple_TLL7-8	100	328668
164.335	0.0805	ripple_TLL14-15	79	328670
164.3585	0.0985	ripple_TLL30-31	95	328717
164.3675	0.0685	ripple_TBPL2-3	72	328735
164.3815	0.087	ripple_TLL13-14	78	328763
164.413	0.044	ripple_TLL6-7	99	328826
164.4225	0.0455	ripple_TLL21-22	86	328845
164.4305	0.3185	ripple_TLL19-20	83	328861
164.4335	0.1035	ripple_TLL22-23	87	328867
164.436	0.0565	ripple_TLL15-16	80	328872
164.4435	0.063	ripple_TLL20-21	85	328887
164.454	0.0845	ripple_TLL23-24	88	328908
164.49	0.1335	ripple_TLL18-19	82	328980
164.5115	0.067	ripple_TLL13-14	78	329023
164.5205	0.04	ripple_TLL27-28	91	329041
164.5345	0.05	ripple_TLL9-10	101	329069
164.536	0.0705	ripple_TLL30-31	95	329072
164.537	0.1355	ripple_TLL1-2	74	329074
164.548	0.081	ripple_TLL29-30	93	329096
164.5515	0.171	ripple_TLL7-8	100	329103
164.5525	0.0525	ripple_TLL11-12	76	329105
164.5575	0.0885	ripple_TLL21-22	86	329115
164.561	0.031	ripple_TLL2-3	84	329122
164.5825	0.0545	ripple_TLL6-7	99	329165
164.6305	0.3905	ripple_TLL20-21	85	329261
164.6315	0.054	ripple_TLL11-12	76	329263
164.6825	0.0745	ripple_TLL29-30	93	329365
164.693	0.0465	ripple_TLL1-2	74	329386
164.6955	0.0675	ripple_TLL31-32	96	329391
164.702	0.154	ripple_TLL14-15	79	329404
164.7035	0.0885	ripple_TLL6-7	99	329407
164.7095	0.067	ripple_TBPL1-2	71	329419
164.718	0.249	ripple_TLL15-16	80	329436
164.737	0.05	ripple_TBPL2-3	72	329474
164.741	0.076	ripple_TLL5-6	98	329482
164.747	0.0275	ripple_TLL28-29	92	329494
164.7615	0.161	ripple_TLL3-4	94	329523
164.77	0.0365	ripple_TLL2-3	84	329540
164.7905	0.0195	fr_TLL22-23	20	329581
164.8085	0.109	ripple_TLL1-2	74	329617
164.8405	0.0555	ripple_TLL19-20	83	329681
164.8475	0.0805	ripple_TBPL2-3	72	329695
164.8515	0.0775	ripple_TBPL3-4	73	329703
164.8545	0.226	ripple_TBPL1-2	71	329709
164.873	0.0545	ripple_TLL7-8	100	329746
164.8815	0.038	ripple_TLL12-13	77	329763
164.887	0.062	ripple_TLL11-12	76	329774
164.891	0.065	ripple_TLL13-14	78	329782
164.9475	0.143	ripple_TLL23-24	88	329895
164.956	0.067	ripple_TLL19-20	83	329912
164.9605	0.075	ripple_TLL1-2	74	329921
164.9675	0.1225	ripple_TLL2-3	84	329935
164.9915	0.044	ripple_TLL26-27	90	329983
165.0015	0.0345	ripple_TLL15-16	80	330003
165.0075	0.1235	ripple_TBPL2-3	72	330015
165.0355	0.0365	ripple_TLL6-7	99	330071
165.0605	0.23	ripple_TLL29-30	93	330121
165.067	0.026	ripple_TLL7-8	100	330134
165.0695	0.031	ripple_TLL15-16	80	330139
165.0805	0.0325	ripple_TLL3-4	94	330161
165.088	0.124	ripple_TLL19-20	83	330176
165.112	0.3855	ripple_TLL31-32	96	330224
165.112	0.3855	fr_TLL31-32	29	330224
165.112	0.3855	frandr_TLL31-32	62	330224
165.1195	0.026	ripple_TLL21-22	86	330239
165.1335	0.0385	ripple_TLL22-23	87	330267
165.135	0.058	ripple_TLL20-21	85	330270
165.136	0.385	ripple_TLL23-24	88	330272
165.1405	0.0365	ripple_TLL12-13	77	330281
165.144	0.095	ripple_TLL15-16	80	330288
165.147	0.078	ripple_TLL7-8	100	330294
165.1735	0.3035	ripple_TBPL2-3	72	330347
165.1845	0.0415	ripple_TLL6-7	99	330369
165.186	0.0655	ripple_TLL28-29	92	330372
165.1875	0.0585	ripple_TLL14-15	79	330375
165.19	0.1205	ripple_TLL1-2	74	330380
165.212	0.04	ripple_TLL9-10	101	330424
165.241	0.1275	ripple_TLL30-31	95	330482
165.25	0.0615	ripple_TLL2-3	84	330500
165.2535	0.0325	ripple_TLL5-6	98	330507
165.257	0.061	ripple_TLL19-20	83	330514
165.27	0.045	ripple_TLL20-21	85	330540
165.2815	0.147	ripple_TLL7-8	100	330563
165.285	0.0405	ripple_TLL22-23	87	330570
165.3015	0.113	ripple_TBPL1-2	71	330603
165.309	0.062	ripple_TLL6-7	99	330618
165.3125	0.0365	ripple_TBPL3-4	73	330625
165.315	0.1425	ripple_TLL29-30	93	330630
165.3175	0.067	ripple_TLL27-28	91	330635
165.318	0.1115	ripple_TLL14-15	79	330636
165.3525	0.0395	ripple_TLL28-29	92	330705
165.3605	0.058	ripple_TLL26-27	90	330721
165.362	0.04	ripple_TLL15-16	80	330724
165.3895	0.0585	ripple_TLL13-14	78	330779
165.3935	0.0435	ripple_TLL2-3	84	330787
165.3945	0.0555	ripple_TLL1-2	74	330789
165.3965	0.041	ripple_TLL21-22	86	330793
165.399	0.0745	ripple_TLL6-7	99	330798
165.411	0.059	ripple_TLL30-31	95	330822
165.4175	0.0345	ripple_TLL11-12	76	330835
165.42	0.0335	ripple_TLL10-11	75	330840
165.428	0.0325	ripple_TLL18-19	82	330856
165.4405	0.0565	ripple_TLL20-21	85	330881
165.4545	0.0465	ripple_TLL4-5	97	330909
165.462	0.0955	ripple_TLL2-3	84	330924
165.4765	0.047	ripple_TLL21-22	86	330953
165.4855	0.028	ripple_TLL18-19	82	330971
165.4935	0.041	ripple_TLL14-15	79	330987
165.508	0.061	ripple_TLL7-8	100	331016
165.5085	0.0435	ripple_TLL6-7	99	331017
165.51	0.059	ripple_TLL25-26	89	331020
165.5145	0.1425	ripple_TLL30-31	95	331029
165.524	0.0385	ripple_TLL20-21	85	331048
165.5285	0.138	ripple_TLL28-29	92	331057
165.5685	0.057	ripple_TLL14-15	79	331137
165.5685	0.0925	ripple_TBPL2-3	72	331137
165.581	0.0465	ripple_TLL15-16	80	331162
165.584	0.085	ripple_TLL19-20	83	331168
165.5875	0.038	ripple_TBPL1-2	71	331175
165.5965	0.093	ripple_TLL20-21	85	331193
165.5975	0.0485	ripple_TLL4-5	97	331195
165.601	0.0635	ripple_TLL6-7	99	331202
165.62	0.237	ripple_TLL29-30	93	331240
165.6275	0.016	fr_TLL15-16	13	331255
165.6305	0.0575	ripple_TLL2-3	84	331261
165.6315	0.665	ripple_TLL7-8	100	331263
165.6465	0.069	ripple_TLL14-15	79	331293
165.656	0.16	ripple_TLL15-16	80	331312
165.6705	0.065	ripple_TLL5-6	98	331341
165.676	0.0485	ripple_TLL18-19	82	331352
165.6775	0.01	fr_TLL22-23	20	331355
165.6985	0.0455	ripple_TLL1-2	74	331397
165.739	0.025	fr_TLL23-24	21	331478
165.743	0.0465	ripple_TLL4-5	97	331486
165.7435	0.0815	ripple_TLL14-15	79	331487
165.746	0.044	ripple_TLL3-4	94	331492
165.75	0.0835	ripple_TLL19-20	83	331500
165.759	0.0645	ripple_TLL13-14	78	331518
165.765	0.082	ripple_TBPL3-4	73	331530
165.772	0.121	ripple_TLL31-32	96	331544
165.7845	0.2325	ripple_TLL30-31	95	331569
165.798	0.0945	ripple_TLL21-22	86	331596
165.798	0.1155	ripple_TLL6-7	99	331596
165.8315	0.087	ripple_TLL4-5	97	331663
165.8355	0.036	ripple_TLL11-12	76	331671
165.8395	0.042	ripple_TLL9-10	101	331679
165.8425	0.137	ripple_TBPL2-3	72	331685
165.848	0.1275	ripple_TLL14-15	79	331696
165.8585	0.112	ripple_TLL28-29	92	331717
165.8595	0.1595	ripple_TLL20-21	85	331719
165.8625	0.039	ripple_TLL15-16	80	331725
165.866	0.046	ripple_TLL19-20	83	331732
165.8725	0.132	ripple_TBPL1-2	71	331745
165.884	0.142	ripple_TLL1-2	74	331768
165.934	0.021	fr_TLL4-5	30	331868
165.96	0.0435	ripple_TLL6-7	99	331920
165.96	0.1415	ripple_TLL13-14	78	331920
165.986	0.037	ripple_TLL2-3	84	331972
166.006	0.073	ripple_TLL18-19	82	332012
166.0075	0.1055	ripple_TLL19-20	83	332015
166.008	0.1065	ripple_TLL4-5	97	332016
166.012	0.0965	ripple_TLL3-4	94	332024
166.0185	0.0255	ripple_TLL31-32	96	332037
166.0275	0.0415	ripple_TBPL3-4	73	332055
166.043	0.2765	ripple_TLL29-30	93	332086
166.051	0.162	ripple_TLL21-22	86	332102
166.0575	0.194	ripple_TBPL2-3	72	332115
166.061	0.246	ripple_TLL6-7	99	332122
166.0805	0.0885	ripple_TLL28-29	92	332161
166.0825	0.04	ripple_TLL23-24	88	332165
166.087	0.029	ripple_TLL22-23	87	332174
166.096	0.038	ripple_TLL14-15	79	332192
166.119	0.042	ripple_TLL11-12	76	332238
166.132	0.037	ripple_TLL3-4	94	332264
166.132	0.0665	ripple_TLL2-3	84	332264
166.1345	0.0435	ripple_TLL1-2	74	332269
166.1355	0.4095	ripple_TLL19-20	83	332271
166.144	0.161	ripple_TLL31-32	96	332288
166.222	0.161	ripple_TLL18-19	82	332444
166.231	0.05	ripple_TLL5-6	98	332462
166.2365	0.141	ripple_TLL15-16	80	332473
166.25	0.042	ripple_TBPL3-4	73	332500
166.258	0.184	ripple_TLL3-4	94	332516
166.2625	0.103	ripple_TLL21-22	86	332525
166.2765	0.052	ripple_TLL17-18	81	332553
166.2795	0.0425	ripple_TLL1-2	74	332559
166.296	0.017	fr_TLL30-31	28	332592
166.2965	0.078	ripple_TLL11-12	76	332593
166.2995	0.0145	fr_TBAL3-4	3	332599
166.313	0.048	ripple_TLL4-5	97	332626
166.3145	0.07	ripple_TBPL2-3	72	332629
166.32	0.071	ripple_TLL28-29	92	332640
166.3305	0.0755	ripple_TLL13-14	78	332661
166.3335	0.2985	ripple_TLL7-8	100	332667
166.3745	0.0305	ripple_TLL6-7	99	332749
166.3745	0.154	ripple_TLL1-2	74	332749
166.3765	0.0345	ripple_TLL14-15	79	332753
166.389	0.0395	ripple_TLL29-30	93	332778
166.39	0.0895	ripple_TLL25-26	89	332780
166.4065	0.0395	ripple_TLL18-19	82	332813
166.418	0.0735	ripple_TLL2-3	84	332836
166.4215	0.0575	ripple_TLL21-22	86	332843
166.4285	0.0515	ripple_TLL6-7	99	332857
166.4395	0.1175	ripple_TLL14-15	79	332879
166.443	0.044	ripple_TLL5-6	98	332886
166.4525	0.115	ripple_TLL28-29	92	332905
166.466	0.1205	ripple_TLL27-28	91	332932
166.493	0.056	ripple_TLL13-14	78	332986
166.505	0.04	ripple_TLL10-11	75	333010
166.51	0.065	ripple_TLL4-5	97	333020
166.51	0.074	ripple_TLL11-12	76	333020
166.5155	0.0725	ripple_TLL26-27	90	333031
166.521	0.268	ripple_TLL6-7	99	333042
166.527	0.1	ripple_TBPL1-2	71	333054
166.5315	0.1035	ripple_TLL15-16	80	333063
166.546	0.0685	ripple_TBPL2-3	72	333092
166.546	0.0685	fr_TBPL2-3	5	333092
166.546	0.0685	frandr_TBPL2-3	39	333092
166.5555	0.228	ripple_TLL1-2	74	333111
166.559	0.0905	ripple_TLL5-6	98	333118
166.5635	0.1455	ripple_TLL2-3	84	333127
166.57	0.1505	ripple_TLL30-31	95	333140
166.5755	0.066	ripple_TLL29-30	93	333151
166.6085	0.0265	ripple_TLL14-15	79	333217
166.6365	0.032	ripple_TLL28-29	92	333273
166.656	0.1085	ripple_TLL21-22	86	333312
166.6615	0.1055	ripple_TLL15-16	80	333323
166.6745	0.156	ripple_TLL7-8	100	333349
166.6765	0.042	ripple_TLL11-12	76	333353
166.69	0.22	ripple_TLL19-20	83	333380
166.7385	0.256	ripple_TLL13-14	78	333477
166.7485	0.1515	ripple_TLL29-30	93	333497
166.756	0.0615	ripple_TLL11-12	76	333512
166.758	0.1995	ripple_TLL30-31	95	333516
166.7735	0.0455	ripple_TLL27-28	91	333547
166.7885	0.2065	ripple_TLL14-15	79	333577
166.7925	0.119	ripple_TLL20-21	85	333585
166.796	0.0335	ripple_TLL15-16	80	333592
166.8215	0.06	ripple_TLL1-2	74	333643
166.831	0.071	ripple_TLL4-5	97	333662
166.853	0.1325	ripple_TLL26-27	90	333706
166.86	0.0255	fr_TLL5-6	31	333720
166.877	0.1085	ripple_TLL27-28	91	333754
166.879	0.0635	ripple_TLL21-22	86	333758
166.8905	0.155	ripple_TLL6-7	99	333781
166.8995	0.077	ripple_TLL15-16	80	333799
166.913	0.123	ripple_TBPL2-3	72	333826
166.9355	0.0925	ripple_TLL2-3	84	333871
166.9405	0.0695	ripple_TLL1-2	74	333881
166.9435	0.089	ripple_TLL20-21	85	333887
166.948	0.0845	ripple_TLL18-19	82	333896
166.9515	0.181	ripple_TLL7-8	100	333903
166.9635	0.0625	ripple_TLL29-30	93	333927
166.9655	0.0545	ripple_TLL28-29	92	333931
167.023	0.259	ripple_TLL19-20	83	334046
167.031	0.039	ripple_TLL15-16	80	334062
167.0345	0.0585	ripple_TLL12-13	77	334069
167.0505	0.041	ripple_TLL11-12	76	334101
167.068	0.0395	ripple_TLL29-30	93	334136
167.07	0.1485	ripple_TLL14-15	79	334140
167.0715	0.0465	ripple_TLL6-7	99	334143
167.0965	0.3185	ripple_TLL5-6	98	334193
167.097	0.0875	ripple_TLL1-2	74	334194
167.1145	0.053	ripple_TLL17-18	81	334229
167.1235	0.0505	ripple_TLL21-22	86	334247
167.129	0.062	ripple_TLL18-19	82	334258
167.1325	0.0335	ripple_TLL30-31	95	334265
167.1405	0.1105	ripple_TBPL2-3	72	334281
167.144	0.14	ripple_TLL6-7	99	334288
167.1715	0.015	fr_TBPL1-2	4	334343
167.19	0.057	ripple_TLL12-13	77	334380
167.2	0.06	ripple_TLL2-3	84	334400
167.2045	0.041	ripple_TLL15-16	80	334409
167.2065	0.0485	ripple_TLL21-22	86	334413
167.2305	0.066	ripple_TLL29-30	93	334461
167.2495	0.2715	ripple_TLL7-8	100	334499
167.263	0.1295	ripple_TLL28-29	92	334526
167.2805	0.04	ripple_TLL4-5	97	334561
167.2945	0.087	ripple_TBPL2-3	72	334589
167.3005	0.128	ripple_TLL13-14	78	334601
167.328	0.1365	ripple_TLL31-32	96	334656
167.3305	0.031	ripple_TLL11-12	76	334661
167.354	0.076	ripple_TLL14-15	79	334708
167.381	0.0425	ripple_TLL6-7	99	334762
167.395	0.0705	ripple_TLL19-20	83	334790
167.406	0.1035	ripple_TLL30-31	95	334812
167.416	0.2075	ripple_TLL29-30	93	334832
167.439	0.2425	ripple_TLL20-21	85	334878
167.4505	0.076	ripple_TLL14-15	79	334901
167.4515	0.069	ripple_TLL6-7	99	334903
167.4815	0.0615	ripple_TLL5-6	98	334963
167.4895	0.0695	ripple_TLL19-20	83	334979
167.49	0.1265	ripple_TLL31-32	96	334980
167.496	0.047	ripple_TLL3-4	94	334992
167.5055	0.1015	ripple_TLL22-23	87	335011
167.5245	0.0275	ripple_TLL28-29	92	335049
167.5445	0.0845	ripple_TLL30-31	95	335089
167.5615	0.0335	ripple_TLL27-28	91	335123
167.5745	0.113	ripple_TLL14-15	79	335149
167.5905	0.036	ripple_TLL7-8	100	335181
167.6	0.0455	ripple_TLL15-16	80	335200
167.6005	0.049	ripple_TLL1-2	74	335201
167.606	0.036	ripple_TLL5-6	98	335212
167.6255	0.0585	ripple_TLL19-20	83	335251
167.6305	0.0315	ripple_TLL9-10	101	335261
167.643	0.053	ripple_TLL23-24	88	335286
167.6485	0.0345	ripple_TLL7-8	100	335297
167.661	0.0365	ripple_TLL18-19	82	335322
167.666	0.076	ripple_TLL22-23	87	335332
167.676	0.0675	ripple_TLL30-31	95	335352
167.6765	0.044	ripple_TLL26-27	90	335353
167.6885	0.055	ripple_TLL29-30	93	335377
167.709	0.047	ripple_TLL7-8	100	335418
167.7115	0.056	ripple_TLL1-2	74	335423
167.719	0.038	ripple_TLL15-16	80	335438
167.7205	0.0395	ripple_TLL6-7	99	335441
167.7345	0.042	ripple_TLL2-3	84	335469
167.7625	0.044	ripple_TLL19-20	83	335525
167.763	0.038	ripple_TLL22-23	87	335526
167.769	0.013	fr_TBPL2-3	5	335538
167.777	0.079	ripple_TLL20-21	85	335554
167.816	0.1525	ripple_TLL21-22	86	335632
167.8235	0.071	ripple_TLL22-23	87	335647
167.824	0.0545	ripple_TLL6-7	99	335648
167.828	0.035	ripple_TLL18-19	82	335656
167.83	0.0855	ripple_TLL29-30	93	335660
167.8415	0.022	ripple_TLL14-15	79	335683
167.8425	0.068	ripple_TLL1-2	74	335685
167.849	0.353	ripple_TLL23-24	88	335698
167.8875	0.1015	ripple_TLL20-21	85	335775
167.8885	0.0145	fr_TBPL1-2	4	335777
167.8905	0.081	ripple_TLL14-15	79	335781
167.8975	0.0455	ripple_TLL19-20	83	335795
167.904	0.055	ripple_TLL7-8	100	335808
167.916	0.0615	ripple_TLL22-23	87	335832
167.9165	0.038	ripple_TLL4-5	97	335833
167.9205	0.1465	ripple_TLL30-31	95	335841
167.9295	0.0565	ripple_TLL3-4	94	335859
167.931	0.113	ripple_TLL31-32	96	335862
167.9335	0.083	ripple_TLL5-6	98	335867
167.943	0.047	ripple_TLL2-3	84	335886
167.945	0.06	ripple_TLL29-30	93	335890
167.9465	0.04	ripple_TLL28-29	92	335893
167.948	0.0385	ripple_TBPL3-4	73	335896
167.9925	0.077	ripple_TBPL1-2	71	335985
168.0105	0.0555	ripple_TLL1-2	74	336021
168.017	0.043	ripple_TLL6-7	99	336034
168.017	0.078	ripple_TLL13-14	78	336034
168.0275	0.111	ripple_TLL7-8	100	336055
168.0335	0.0755	ripple_TLL15-16	80	336067
168.054	0.041	ripple_TLL21-22	86	336108
168.0555	0.148	ripple_TLL22-23	87	336111
168.06	0.045	ripple_TLL14-15	79	336120
168.06	0.1435	ripple_TLL29-30	93	336120
168.0655	0.049	ripple_TLL28-29	92	336131
168.0735	0.222	ripple_TLL31-32	96	336147
168.122	0.0295	ripple_TLL20-21	85	336244
168.1285	0.045	ripple_TLL21-22	86	336257
168.132	0.2605	ripple_TLL19-20	83	336264
168.1395	0.117	ripple_TLL14-15	79	336279
168.148	0.048	ripple_TLL1-2	74	336296
168.158	0.0595	ripple_TLL30-31	95	336316
168.161	0.241	ripple_TLL7-8	100	336322
168.1785	0.0475	ripple_TBPL2-3	72	336357
168.1825	0.1715	ripple_TLL15-16	80	336365
168.195	0.2445	ripple_TLL21-22	86	336390
168.2105	0.0655	ripple_TLL28-29	92	336421
168.212	0.0945	ripple_TBPL1-2	71	336424
168.2195	0.1085	ripple_TLL4-5	97	336439
168.2235	0.032	ripple_TLL6-7	99	336447
168.2285	0.0585	ripple_TLL27-28	91	336457
168.233	0.0495	ripple_TLL26-27	90	336466
168.2465	0.1005	ripple_TLL5-6	98	336493
168.251	0.202	ripple_TLL30-31	95	336502
168.2995	0.1205	ripple_TLL29-30	93	336599
168.3205	0.1075	ripple_TLL28-29	92	336641
168.341	0.129	ripple_TBPL1-2	71	336682
168.3455	0.102	ripple_TLL13-14	78	336691
168.35	0.08	ripple_TLL1-2	74	336700
168.3525	0.077	ripple_TLL27-28	91	336705
168.362	0.0405	ripple_TLL26-27	90	336724
168.365	0.044	ripple_TLL14-15	79	336730
168.366	0.057	ripple_TLL6-7	99	336732
168.378	0.077	ripple_TLL12-13	77	336756
168.3855	0.124	ripple_TLL20-21	85	336771
168.3875	0.031	ripple_TLL31-32	96	336775
168.404	0.063	ripple_TLL23-24	88	336808
168.4225	0.105	ripple_TBPL2-3	72	336845
168.431	0.0415	ripple_TLL11-12	76	336862
168.452	0.073	ripple_TLL7-8	100	336904
168.4675	0.0535	ripple_TLL28-29	92	336935
168.471	0.085	ripple_TLL29-30	93	336942
168.4765	0.065	ripple_TLL14-15	79	336953
168.484	0.0805	ripple_TLL31-32	96	336968
168.4865	0.0395	ripple_TLL12-13	77	336973
168.496	0.0555	ripple_TLL1-2	74	336992
168.4995	0.06	ripple_TLL2-3	84	336999
168.5365	0.175	ripple_TLL20-21	85	337073
168.6115	0.1455	ripple_TLL29-30	93	337223
168.6145	0.139	ripple_TLL30-31	95	337229
168.6155	0.0575	ripple_TLL19-20	83	337231
168.618	0.1015	ripple_TLL3-4	94	337236
168.6225	0.0875	ripple_TLL15-16	80	337245
168.6285	0.072	ripple_TLL31-32	96	337257
168.6305	0.117	ripple_TLL14-15	79	337261
168.6325	0.058	ripple_TLL7-8	100	337265
168.635	0.0435	ripple_TLL21-22	86	337270
168.6605	0.159	ripple_TLL23-24	88	337321
168.676	0.032	ripple_TLL2-3	84	337352
168.681	0.505	ripple_TLL22-23	87	337362
168.69	0.033	ripple_TBPL1-2	71	337380
168.6935	0.161	ripple_TLL18-19	82	337387
168.727	0.0705	ripple_TLL28-29	92	337454
168.7305	0.242	ripple_TLL31-32	96	337461
168.749	0.177	ripple_TLL6-7	99	337498
168.7675	0.053	ripple_TLL14-15	79	337535
168.7705	0.1625	ripple_TLL19-20	83	337541
168.7725	0.0375	ripple_TLL7-8	100	337545
168.7775	0.0585	ripple_TLL2-3	84	337555
168.8135	0.1835	ripple_TLL29-30	93	337627
168.8195	0.055	ripple_TLL15-16	80	337639
168.82	0.045	ripple_TLL28-29	92	337640
168.8405	0.0555	ripple_TLL30-31	95	337681
168.841	0.043	ripple_TLL1-2	74	337682
168.8605	0.0505	ripple_TLL5-6	98	337721
168.8705	0.041	ripple_TLL11-12	76	337741
168.8855	0.034	ripple_TLL23-24	88	337771
168.886	0.112	ripple_TLL28-29	92	337772
168.887	0.0445	ripple_TLL21-22	86	337774
168.887	0.1035	ripple_TLL10-11	75	337774
168.9005	0.043	ripple_TLL7-8	100	337801
168.908	0.033	ripple_TLL15-16	80	337816
168.9475	0.0435	ripple_TLL14-15	79	337895
168.97	0.0355	ripple_TLL6-7	99	337940
168.9745	0.0325	ripple_TLL7-8	100	337949
168.9825	0.23	ripple_TLL19-20	83	337965
168.9895	0.075	ripple_TLL15-16	80	337979
168.999	0.0765	ripple_TLL30-31	95	337998
169.014	0.3485	ripple_TLL21-22	86	338028
169.0205	0.041	ripple_TLL29-30	93	338041
169.021	0.084	ripple_TLL28-29	92	338042
169.04	0.0365	ripple_TLL7-8	100	338080
169.047	0.0415	ripple_TLL2-3	84	338094
169.0845	0.0815	ripple_TBPL2-3	72	338169
169.0935	0.0985	ripple_TLL1-2	74	338187
169.101	0.055	ripple_TLL6-7	99	338202
169.102	0.0515	ripple_TLL18-19	82	338204
169.1105	0.174	ripple_TLL30-31	95	338221
169.1115	0.0745	ripple_TLL23-24	88	338223
169.1115	0.1505	ripple_TLL7-8	100	338223
169.12	0.059	ripple_TLL10-11	75	338240
169.131	0.0535	ripple_TLL11-12	76	338262
169.1415	0.0355	ripple_TLL4-5	97	338283
169.1545	0.033	ripple_TLL14-15	79	338309
169.19	0.0375	ripple_TLL29-30	93	338380
169.196	0.0675	ripple_TLL6-7	99	338392
169.2005	0.049	ripple_TBPL3-4	73	338401
169.2105	0.0315	ripple_TLL18-19	82	338421
169.2155	0.107	ripple_TLL2-3	84	338431
169.233	0.0585	ripple_TLL19-20	83	338466
169.2585	0.055	ripple_TLL31-32	96	338517
169.2635	0.135	ripple_TLL18-19	82	338527
169.3055	0.042	ripple_TLL15-16	80	338611
169.319	0.0495	ripple_TLL13-14	78	338638
169.328	0.0395	ripple_TLL6-7	99	338656
169.3295	0.093	ripple_TLL19-20	83	338659
169.3585	0.1325	ripple_TLL1-2	74	338717
169.3585	0.1325	fr_TLL1-2	7	338717
169.3585	0.1325	frandr_TLL1-2	41	338717
169.3595	0.0375	ripple_TLL28-29	92	338719
169.3655	0.072	ripple_TLL5-6	98	338731
169.385	0.074	ripple_TLL21-22	86	338770
169.385	0.1085	ripple_TLL30-31	95	338770
169.388	0.0295	ripple_TLL31-32	96	338776
169.3895	0.0715	ripple_TLL2-3	84	338779
169.391	0.0475	ripple_TBPL1-2	71	338782
169.414	0.059	ripple_TLL11-12	76	338828
169.4325	0.036	ripple_TLL29-30	93	338865
169.4325	0.0435	ripple_TLL6-7	99	338865
169.435	0.083	ripple_TLL14-15	79	338870
169.4375	0.0415	ripple_TLL31-32	96	338875
169.4435	0.081	ripple_TLL15-16	80	338887
169.462	0.149	ripple_TLL18-19	82	338924
169.4935	0.1135	ripple_TLL3-4	94	338987
169.5095	0.049	ripple_TLL23-24	88	339019
169.5105	0.0945	ripple_TLL31-32	96	339021
169.529	0.0465	ripple_TLL7-8	100	339058
169.5295	0.0405	ripple_TLL10-11	75	339059
169.53	0.0435	ripple_TLL6-7	99	339060
169.542	0.026	ripple_TBPL1-2	71	339084
169.544	0.118	ripple_TLL30-31	95	339088
169.545	0.0505	ripple_TLL1-2	74	339090
169.554	0.0405	ripple_TLL27-28	91	339108
169.5575	0.0495	ripple_TLL26-27	90	339115
169.5745	0.0825	ripple_TLL17-18	81	339149
169.605	0.0375	ripple_TLL5-6	98	339210
169.615	0.0565	ripple_TLL27-28	91	339230
169.618	0.052	ripple_TLL29-30	93	339236
169.6215	0.1715	ripple_TBPL1-2	71	339243
169.6315	0.0365	ripple_TLL7-8	100	339263
169.6345	0.1635	ripple_TLL31-32	96	339269
169.641	0.061	ripple_TLL6-7	99	339282
169.6475	0.0405	ripple_TLL14-15	79	339295
169.664	0.071	ripple_TLL15-16	80	339328
169.6695	0.0575	ripple_TLL21-22	86	339339
169.6845	0.1825	ripple_TLL18-19	82	339369
169.688	0.013	fr_TLL19-20	16	339376
169.696	0.0485	ripple_TLL26-27	90	339392
169.6965	0.034	ripple_TLL27-28	91	339393
169.709	0.0935	ripple_TLL1-2	74	339418
169.7305	0.049	ripple_TLL12-13	77	339461
169.747	0.0355	ripple_TLL30-31	95	339494
169.748	0.079	ripple_TBPL2-3	72	339496
169.7535	0.084	ripple_TLL21-22	86	339507
169.7785	0.1095	ripple_TLL7-8	100	339557
169.793	0.043	ripple_TLL13-14	78	339586
169.7995	0.0965	ripple_TLL28-29	92	339599
169.8025	0.0855	ripple_TLL6-7	99	339605
169.8045	0.059	ripple_TLL14-15	79	339609
169.8135	0.0415	ripple_TLL30-31	95	339627
169.8275	0.108	ripple_TBPL1-2	71	339655
169.8405	0.0415	ripple_TBAL1-2	68	339681
169.843	0.0375	ripple_TLL4-5	97	339686
169.852	0.1105	ripple_TBPL3-4	73	339704
169.867	0.0935	ripple_TBPL2-3	72	339734
169.868	0.201	ripple_TLL1-2	74	339736
169.8735	0.0405	ripple_TLL13-14	78	339747
169.896	0.054	ripple_TLL26-27	90	339792
169.9285	0.257	ripple_TLL19-20	83	339857
169.9285	0.257	fr_TLL19-20	16	339857
169.9285	0.257	frandr_TLL19-20	50	339857
169.932	0.0655	ripple_TLL3-4	94	339864
169.936	0.0635	ripple_TLL4-5	97	339872
169.9415	0.072	ripple_TLL31-32	96	339883
169.947	0.0965	ripple_TLL6-7	99	339894
169.9515	0.0675	ripple_TLL14-15	79	339903
169.962	0.0785	ripple_TBPL1-2	71	339924
169.9855	0.0105	fr_TLL29-30	26	339971
169.9875	0.1265	ripple_TLL15-16	80	339975
170.005	0.042	ripple_TBPL2-3	72	340010
170.0055	0.0395	ripple_TLL2-3	84	340011
170.04	0.045	ripple_TLL14-15	79	340080
170.056	0.0825	ripple_TLL7-8	100	340112
170.061	0.125	ripple_TLL4-5	97	340122
170.0725	0.047	ripple_TLL2-3	84	340145
170.076	0.068	ripple_TLL31-32	96	340152
170.077	0.0355	ripple_TLL21-22	86	340154
170.0805	0.0475	ripple_TLL6-7	99	340161
170.1355	0.1085	ripple_TLL18-19	82	340271
170.1375	0.072	ripple_TBPL2-3	72	340275
170.141	0.055	ripple_TLL2-3	84	340282
170.144	0.1535	ripple_TLL14-15	79	340288
170.1465	0.3315	ripple_TLL1-2	74	340293
170.1495	0.0335	ripple_TLL3-4	94	340299
170.1605	0.073	ripple_TLL15-16	80	340321
170.192	0.0935	ripple_TLL31-32	96	340384
170.196	0.135	ripple_TLL27-28	91	340392
170.2005	0.0905	ripple_TBPL3-4	73	340401
170.2015	0.0485	ripple_TLL30-31	95	340403
170.2065	0.1365	ripple_TLL21-22	86	340413
170.208	0.05	ripple_TLL19-20	83	340416
170.2225	0.061	ripple_TBPL1-2	71	340445
170.2255	0.1	ripple_TLL2-3	84	340451
170.2645	0.0835	ripple_TLL15-16	80	340529
170.285	0.2745	ripple_TLL20-21	85	340570
170.2905	0.0455	ripple_TLL11-12	76	340581
170.294	0.1415	ripple_TLL30-31	95	340588
170.3115	0.0425	ripple_TBAL1-2	68	340623
170.3285	0.061	ripple_TLL19-20	83	340657
170.336	0.0475	ripple_TLL29-30	93	340672
170.3395	0.0455	ripple_TLL28-29	92	340679
170.3545	0.0345	ripple_TLL2-3	84	340709
170.381	0.1075	ripple_TBPL1-2	71	340762
170.413	0.0625	ripple_TBPL2-3	72	340826
170.4135	0.04	ripple_TLL13-14	78	340827
170.4265	0.056	ripple_TLL31-32	96	340853
170.429	0.1365	ripple_TLL21-22	86	340858
170.44	0.0505	ripple_TLL2-3	84	340880
170.4495	0.0695	ripple_TLL19-20	83	340899
170.4785	0.104	ripple_TLL23-24	88	340957
170.4795	0.052	ripple_TLL22-23	87	340959
170.502	0.0555	ripple_TLL29-30	93	341004
170.5055	0.219	ripple_TLL15-16	80	341011
170.5065	0.033	ripple_TLL14-15	79	341013
170.5175	0.038	ripple_TLL30-31	95	341035
170.5295	0.062	ripple_TLL27-28	91	341059
170.536	0.2255	ripple_TLL28-29	92	341072
170.5375	0.255	ripple_TLL13-14	78	341075
170.5455	0.02	fr_TLL31-32	29	341091
170.5575	0.0725	ripple_TLL22-23	87	341115
170.5875	0.047	ripple_TLL5-6	98	341175
170.59	0.147	ripple_TLL20-21	85	341180
170.5965	0.212	ripple_TLL30-31	95	341193
170.607	0.0845	ripple_TLL11-12	76	341214
170.6085	0.0885	ripple_TLL6-7	99	341217
170.612	0.0325	ripple_TLL14-15	79	341224
170.6195	0.313	ripple_TLL19-20	83	341239
170.6505	0.0385	ripple_TLL10-11	75	341301
170.67	0.065	ripple_TLL22-23	87	341340
170.6725	0.0375	ripple_TLL27-28	91	341345
170.7045	0.049	ripple_TLL14-15	79	341409
170.714	0.045	ripple_TLL18-19	82	341428
170.714	0.0575	ripple_TLL21-22	86	341428
170.7215	0.052	ripple_TLL7-8	100	341443
170.729	0.0465	ripple_TBPL2-3	72	341458
170.7445	0.202	ripple_TBPL1-2	71	341489
170.751	0.06	ripple_TLL6-7	99	341502
170.762	0.058	ripple_TLL15-16	80	341524
170.7845	0.059	ripple_TLL14-15	79	341569
170.7865	0.0335	ripple_TLL22-23	87	341573
170.788	0.0315	ripple_TLL23-24	88	341576
170.801	0.211	ripple_TLL1-2	74	341602
170.811	0.1195	ripple_TBPL2-3	72	341622
170.8155	0.0405	ripple_TLL18-19	82	341631
170.828	0.1225	ripple_TLL13-14	78	341656
170.843	0.0335	ripple_TLL22-23	87	341686
170.8495	0.0985	ripple_TLL15-16	80	341699
170.8625	0.074	ripple_TLL28-29	92	341725
170.8855	0.1425	ripple_TLL31-32	96	341771
170.888	0.089	ripple_TLL18-19	82	341776
170.8965	0.034	ripple_TLL7-8	100	341793
170.912	0.0665	ripple_TLL22-23	87	341824
170.918	0.0715	ripple_TLL21-22	86	341836
170.927	0.16	ripple_TLL29-30	93	341854
170.928	0.033	ripple_TLL2-3	84	341856
170.945	0.032	ripple_TLL4-5	97	341890
170.959	0.073	ripple_TLL30-31	95	341918
170.9675	0.1025	ripple_TLL20-21	85	341935
170.989	0.0405	ripple_TLL19-20	83	341978
170.992	0.0975	ripple_TLL14-15	79	341984
170.997	0.071	ripple_TLL18-19	82	341994
171.0025	0.103	ripple_TLL13-14	78	342005
171.0145	0.177	ripple_TBPL1-2	71	342029
171.0245	0.057	ripple_TLL21-22	86	342049
171.027	0.076	ripple_TLL15-16	80	342054
171.0325	0.042	ripple_TLL3-4	94	342065
171.038	0.0505	ripple_TLL28-29	92	342076
171.0855	0.041	ripple_TLL19-20	83	342171
171.1205	0.0985	ripple_TLL21-22	86	342241
171.122	0.284	ripple_TLL29-30	93	342244
171.1565	0.039	ripple_TLL7-8	100	342313
171.161	0.068	ripple_TLL13-14	78	342322
171.179	0.0475	ripple_TLL12-13	77	342358
171.1795	0.032	ripple_TLL18-19	82	342359
171.184	0.1155	ripple_TLL30-31	95	342368
171.1925	0.0575	ripple_TLL14-15	79	342385
171.1965	0.049	fr_TBAL3-4	3	342393
171.2015	0.037	ripple_TLL23-24	88	342403
171.202	0.0365	ripple_TLL22-23	87	342404
171.214	0.186	ripple_TLL19-20	83	342428
171.231	0.0695	ripple_TLL27-28	91	342462
171.249	0.1035	ripple_TLL18-19	82	342498
171.2615	0.05	ripple_TLL7-8	100	342523
171.2635	0.057	ripple_TLL5-6	98	342527
171.271	0.061	ripple_TBPL1-2	71	342542
171.2805	0.2525	ripple_TLL6-7	99	342561
171.281	0.197	ripple_TLL21-22	86	342562
171.287	0.0975	ripple_TLL2-3	84	342574
171.291	0.0345	ripple_TLL10-11	75	342582
171.3175	0.05	ripple_TLL15-16	80	342635
171.319	0.0635	ripple_TLL1-2	74	342638
171.3335	0.1475	ripple_TLL23-24	88	342667
171.343	0.097	ripple_TLL30-31	95	342686
171.3575	0.0285	ripple_TLL27-28	91	342715
171.383	0.0395	ripple_TLL7-8	100	342766
171.387	0.184	ripple_TLL22-23	87	342774
171.387	0.184	fr_TLL22-23	20	342774
171.387	0.184	frandr_TLL22-23	54	342774
171.3895	0.087	ripple_TLL15-16	80	342779
171.4065	0.031	ripple_TLL18-19	82	342813
171.4155	0.06	ripple_TLL14-15	79	342831
171.4355	0.0555	ripple_TLL13-14	78	342871
171.4465	0.0715	ripple_TLL5-6	98	342893
171.4555	0.0915	ripple_TLL2-3	84	342911
171.461	0.125	ripple_TLL1-2	74	342922
171.4625	0.1175	ripple_TBPL1-2	71	342925
171.482	0.069	ripple_TLL18-19	82	342964
171.5095	0.073	ripple_TLL26-27	90	343019
171.513	0.043	ripple_TLL13-14	78	343026
171.522	0.034	ripple_TLL28-29	92	343044
171.523	0.0655	ripple_TLL29-30	93	343046
171.5345	0.046	ripple_TLL21-22	86	343069
171.5545	0.059	ripple_TLL14-15	79	343109
171.566	0.2105	ripple_TLL19-20	83	343132
171.577	0.085	ripple_TLL23-24	88	343154
171.5875	0.0605	ripple_TLL2-3	84	343175
171.5955	0.0765	ripple_TLL18-19	82	343191
171.5975	0.029	ripple_TLL20-21	85	343195
171.6145	0.061	ripple_TLL29-30	93	343229
171.624	0.0375	ripple_TLL13-14	78	343248
171.632	0.154	ripple_TBPL2-3	72	343264
171.636	0.038	ripple_TBPL1-2	71	343272
171.649	0.275	ripple_TLL20-21	85	343298
171.6565	0.037	ripple_TLL6-7	99	343313
171.673	0.0355	ripple_TLL14-15	79	343346
171.6755	0.0325	ripple_TLL31-32	96	343351
171.681	0.056	ripple_TLL21-22	86	343362
171.694	0.042	ripple_TLL11-12	76	343388
171.7045	0.036	ripple_TLL29-30	93	343409
171.7285	0.151	ripple_TLL2-3	84	343457
171.729	0.063	ripple_TBPL1-2	71	343458
171.7465	0.057	ripple_TLL9-10	101	343493
171.748	0.038	ripple_TLL18-19	82	343496
171.7625	0.0475	ripple_TLL5-6	98	343525
171.77	0.0525	ripple_TLL6-7	99	343540
171.775	0.082	ripple_TLL29-30	93	343550
171.7845	0.0575	ripple_TLL1-2	74	343569
171.8175	0.2935	ripple_TLL31-32	96	343635
171.8295	0.064	ripple_TLL21-22	86	343659
171.839	0.1095	ripple_TLL30-31	95	343678
171.859	0.1385	ripple_TLL18-19	82	343718
171.8635	0.0905	ripple_TLL28-29	92	343727
171.8665	0.0755	ripple_TLL6-7	99	343733
171.8765	0.061	ripple_TLL14-15	79	343753
171.8985	0.035	ripple_TLL1-2	74	343797
171.9015	0.0555	ripple_TLL22-23	87	343803
171.903	0.1035	ripple_TLL29-30	93	343806
171.929	0.064	ripple_TBPL1-2	71	343858
171.9485	0.054	ripple_TLL7-8	100	343897
171.957	0.0295	ripple_TLL2-3	84	343914
171.966	0.195	ripple_TLL21-22	86	343932
171.9665	0.0375	ripple_TLL27-28	91	343933
171.9735	0.174	ripple_TLL23-24	88	343947
171.979	0.3085	ripple_TLL22-23	87	343958
171.9995	0.0445	ripple_TBPL3-4	73	343999
172.0405	0.066	ripple_TLL7-8	100	344081
172.0405	0.0975	ripple_TLL20-21	85	344081
172.0475	0.0765	ripple_TLL28-29	92	344095
172.068	0.052	ripple_TLL19-20	83	344136
172.0685	0.096	ripple_TLL1-2	74	344137
172.1275	0.038	ripple_TLL13-14	78	344255
172.14	0.1095	ripple_TLL30-31	95	344280
172.158	0.1965	ripple_TLL14-15	79	344316
172.167	0.041	ripple_TLL2-3	84	344334
172.1705	0.052	ripple_TLL19-20	83	344341
172.183	0.1175	ripple_TLL21-22	86	344366
172.192	0.051	ripple_TLL5-6	98	344384
172.1965	0.033	ripple_TLL29-30	93	344393
172.21	0.082	ripple_TLL23-24	88	344420
172.2105	0.0355	ripple_TLL13-14	78	344421
172.2255	0.0525	ripple_TLL10-11	75	344451
172.229	0.308	ripple_TLL31-32	96	344458
172.237	0.07	ripple_TLL1-2	74	344474
172.2425	0.1995	ripple_TBPL2-3	72	344485
172.249	0.0515	ripple_TLL18-19	82	344498
172.259	0.038	ripple_TBAL1-2	68	344518
172.262	0.043	ripple_TLL17-18	81	344524
172.2635	0.034	ripple_TLL4-5	97	344527
172.2635	0.1515	ripple_TLL6-7	99	344527
172.27	0.0415	ripple_TLL7-8	100	344540
172.2885	0.1945	ripple_TBPL1-2	71	344577
172.3035	0.0525	ripple_TLL19-20	83	344607
172.318	0.033	ripple_TLL20-21	85	344636
172.365	0.1855	ripple_TLL23-24	88	344730
172.3765	0.083	ripple_TLL19-20	83	344753
172.377	0.042	ripple_TBPL3-4	73	344754
172.397	0.0585	ripple_TLL29-30	93	344794
172.4005	0.072	ripple_TLL21-22	86	344801
172.4095	0.0465	ripple_TLL22-23	87	344819
172.413	0.2675	ripple_TLL1-2	74	344826
172.4505	0.088	ripple_TLL30-31	95	344901
172.4785	0.0765	ripple_TLL7-8	100	344957
172.4895	0.201	ripple_TBPL2-3	72	344979
172.501	0.0685	ripple_TLL22-23	87	345002
172.5055	0.096	ripple_TLL20-21	85	345011
172.539	0.204	ripple_TLL2-3	84	345078
172.544	0.1775	ripple_TBPL1-2	71	345088
172.5575	0.129	ripple_TLL19-20	83	345115
172.5575	0.129	fr_TLL19-20	16	345115
172.5575	0.129	frandr_TLL19-20	50	345115
172.569	0.0445	ripple_TLL25-26	89	345138
172.5815	0.135	ripple_TLL31-32	96	345163
172.5915	0.0315	ripple_TLL15-16	80	345183
172.6275	0.053	ripple_TLL21-22	86	345255
172.6335	0.081	ripple_TLL29-30	93	345267
172.6955	0.0655	ripple_TLL7-8	100	345391
172.6995	0.125	ripple_TLL6-7	99	345399
172.7005	0.0455	ripple_TLL1-2	74	345401
172.702	0.072	ripple_TLL21-22	86	345404
172.7115	0.0895	ripple_TLL19-20	83	345423
172.736	0.044	ripple_TLL15-16	80	345472
172.75	0.0495	ripple_TBAL1-2	68	345500
172.755	0.063	ripple_TBPL1-2	71	345510
172.7595	0.04	ripple_TBPL2-3	72	345519
172.767	0.0585	ripple_TLL14-15	79	345534
172.776	0.0735	ripple_TLL1-2	74	345552
172.787	0.1565	ripple_TLL23-24	88	345574
172.789	0.038	ripple_TLL29-30	93	345578
172.7925	0.3385	ripple_TLL22-23	87	345585
172.795	0.195	ripple_TLL31-32	96	345590
172.802	0.137	ripple_TLL21-22	86	345604
172.8365	0.171	ripple_TLL19-20	83	345673
172.8505	0.1055	ripple_TLL20-21	85	345701
172.854	0.0835	ripple_TLL30-31	95	345708
172.8795	0.0485	ripple_TLL27-28	91	345759
172.8945	0.047	ripple_TBPL2-3	72	345789
172.9115	0.0315	ripple_TLL12-13	77	345823
172.947	0.053	ripple_TLL7-8	100	345894
172.953	0.038	ripple_TLL28-29	92	345906
172.961	0.117	ripple_TLL18-19	82	345922
172.9615	0.035	ripple_TLL29-30	93	345923
172.9815	0.1115	ripple_TLL20-21	85	345963
172.983	0.1185	ripple_TLL1-2	74	345966
172.9855	0.0385	ripple_TLL30-31	95	345971
173.0265	0.1045	ripple_TLL23-24	88	346053
173.068	0.0405	ripple_TLL31-32	96	346136
173.105	0.0945	ripple_TLL14-15	79	346210
173.117	0.165	ripple_TLL29-30	93	346234
173.1415	0.0395	ripple_TLL2-3	84	346283
173.146	0.0355	ripple_TBPL1-2	71	346292
173.1485	0.073	ripple_TLL21-22	86	346297
173.1505	0.0435	ripple_TLL4-5	97	346301
173.1545	0.0745	ripple_TLL30-31	95	346309
173.1825	0.033	ripple_TLL26-27	90	346365
173.1855	0.0595	ripple_TLL1-2	74	346371
173.189	0.043	ripple_TLL13-14	78	346378
173.2035	0.037	ripple_TLL7-8	100	346407
173.212	0.0335	ripple_TLL15-16	80	346424
173.2155	0.147	ripple_TLL19-20	83	346431
173.2675	0.0835	ripple_TLL14-15	79	346535
173.2695	0.08	ripple_TLL15-16	80	346539
173.274	0.039	ripple_TLL18-19	82	346548
173.278	0.1125	ripple_TLL21-22	86	346556
173.2805	0.0255	ripple_TLL23-24	88	346561
173.2875	0.069	ripple_TLL11-12	76	346575
173.2885	0.1765	ripple_TLL7-8	100	346577
173.296	0.0445	ripple_TLL12-13	77	346592
173.2985	0.1195	ripple_TLL2-3	84	346597
173.3025	0.0585	ripple_TLL20-21	85	346605
173.309	0.059	ripple_TLL6-7	99	346618
173.312	0.0685	ripple_TLL1-2	74	346624
173.3375	0.1195	ripple_TLL30-31	95	346675
173.3565	0.0345	ripple_TLL9-10	101	346713
173.3755	0.039	ripple_TLL4-5	97	346751
173.403	0.0635	ripple_TLL20-21	85	346806
173.4145	0.061	ripple_TLL12-13	77	346829
173.415	0.0975	ripple_TLL19-20	83	346830
173.4305	0.2285	ripple_TLL22-23	87	346861
173.434	0.022	ripple_TLL23-24	88	346868
173.4565	0.0255	ripple_TLL6-7	99	346913
173.466	0.0415	ripple_TLL10-11	75	346932
173.4835	0.0875	ripple_TLL21-22	86	346967
173.5	0.0865	ripple_TBPL2-3	72	347000
173.5	0.1055	ripple_TLL29-30	93	347000
173.5125	0.22	ripple_TLL20-21	85	347025
173.5125	0.22	fr_TLL20-21	18	347025
173.5125	0.22	frandr_TLL20-21	52	347025
173.5305	0.0385	ripple_TLL5-6	98	347061
173.5345	0.045	ripple_TLL15-16	80	347069
173.5455	0.084	ripple_TLL19-20	83	347091
173.5485	0.052	ripple_TLL31-32	96	347097
173.5525	0.0305	ripple_TLL28-29	92	347105
173.558	0.054	ripple_TLL4-5	97	347116
173.573	0.0455	ripple_TLL2-3	84	347146
173.5745	0.05	ripple_TLL9-10	101	347149
173.5895	0.0575	ripple_TLL27-28	91	347179
173.629	0.0665	ripple_TLL7-8	100	347258
173.632	0.0625	ripple_TLL29-30	93	347264
173.633	0.0345	ripple_TLL30-31	95	347266
173.6595	0.0565	ripple_TLL4-5	97	347319
173.663	0.2805	ripple_TLL21-22	86	347326
173.679	0.061	ripple_TLL12-13	77	347358
173.679	0.1255	ripple_TLL23-24	88	347358
173.682	0.0625	ripple_TLL15-16	80	347364
173.705	0.08	ripple_TLL22-23	87	347410
173.708	0.042	ripple_TLL27-28	91	347416
173.709	0.0395	ripple_TLL26-27	90	347418
173.729	0.0545	ripple_TLL29-30	93	347458
173.7305	0.0855	ripple_TLL30-31	95	347461
173.743	0.064	ripple_TLL2-3	84	347486
173.759	0.0485	ripple_TLL3-4	94	347518
173.7595	0.048	ripple_TBAL1-2	68	347519
173.765	0.0375	ripple_TLL19-20	83	347530
173.7675	0.0775	ripple_TLL6-7	99	347535
173.777	0.0355	ripple_TLL1-2	74	347554
173.779	0.041	ripple_TLL18-19	82	347558
173.8135	0.067	ripple_TBPL2-3	72	347627
173.822	0.09	ripple_TBPL1-2	71	347644
173.831	0.032	ripple_TLL31-32	96	347662
173.8335	0.046	ripple_TLL26-27	90	347667
173.8565	0.0815	ripple_TLL20-21	85	347713
173.8565	0.0925	ripple_TLL1-2	74	347713
173.857	0.0925	ripple_TLL30-31	95	347714
173.8685	0.051	ripple_TLL14-15	79	347737
173.893	0.3	ripple_TLL31-32	96	347786
173.8995	0.0925	ripple_TLL28-29	92	347799
173.9045	0.0585	ripple_TLL19-20	83	347809
173.93	0.038	ripple_TLL18-19	82	347860
173.9395	0.046	ripple_TLL29-30	93	347879
173.946	0.0445	ripple_TLL6-7	99	347892
173.9505	0.0475	ripple_TLL7-8	100	347901
173.9515	0.0875	ripple_TLL15-16	80	347903
173.959	0.0365	ripple_TLL13-14	78	347918
173.96	0.0555	ripple_TLL20-21	85	347920
173.9625	0.038	ripple_TLL12-13	77	347925
173.99	0.035	ripple_TLL23-24	88	347980
173.993	0.0985	ripple_TLL14-15	79	347986
173.997	0.0705	ripple_TLL19-20	83	347994
174.0425	0.0885	ripple_TLL26-27	90	348085
174.062	0.05	ripple_TBPL2-3	72	348124
174.0645	0.046	ripple_TLL28-29	92	348129
174.0685	0.077	ripple_TLL29-30	93	348137
174.083	0.171	ripple_TLL1-2	74	348166
174.0845	0.059	ripple_TLL2-3	84	348169
174.1	0.0345	ripple_TLL5-6	98	348200
174.1135	0.034	ripple_TLL21-22	86	348227
174.1215	0.0315	ripple_TLL18-19	82	348243
174.125	0.083	ripple_TLL19-20	83	348250
174.1305	0.069	ripple_TLL6-7	99	348261
174.136	0.0725	ripple_TLL7-8	100	348272
174.142	0.0155	fr_TLL13-14	11	348284
174.1425	0.047	ripple_TLL9-10	101	348285
174.168	0.1075	ripple_TLL23-24	88	348336
174.178	0.1045	ripple_TLL18-19	82	348356
174.215	0.0535	ripple_TLL15-16	80	348430
174.2165	0.062	ripple_TLL13-14	78	348433
174.2235	0.04	ripple_TLL10-11	75	348447
174.242	0.117	ripple_TLL7-8	100	348484
174.2435	0.0805	ripple_TLL21-22	86	348487
174.2465	0.0305	ripple_TLL11-12	76	348493
174.2495	0.137	ripple_TLL19-20	83	348499
174.2555	0.135	ripple_TLL20-21	85	348511
174.2725	0.0705	ripple_TLL30-31	95	348545
174.2925	0.321	ripple_TLL31-32	96	348585
174.321	0.0395	ripple_TLL3-4	94	348642
174.3335	0.0445	ripple_TLL18-19	82	348667
174.347	0.0545	ripple_TLL15-16	80	348694
174.368	0.0115	fr_TLL9-10	34	348736
174.4045	0.0795	ripple_TLL1-2	74	348809
174.42	0.056	ripple_TLL28-29	92	348840
174.42	0.115	ripple_TLL21-22	86	348840
174.4335	0.034	ripple_TLL20-21	85	348867
174.4365	0.069	ripple_TLL30-31	95	348873
174.4415	0.09	ripple_TLL6-7	99	348883
174.446	0.084	ripple_TLL2-3	84	348892
174.449	0.039	ripple_TLL27-28	91	348898
174.4575	0.12	ripple_TLL29-30	93	348915
174.4625	0.0395	ripple_TLL7-8	100	348925
174.476	0.0385	ripple_TLL14-15	79	348952
174.5025	0.097	ripple_TLL19-20	83	349005
174.564	0.0355	ripple_TLL27-28	91	349128
174.57	0.1345	ripple_TLL20-21	85	349140
174.5725	0.065	ripple_TLL21-22	86	349145
174.5875	0.039	ripple_TLL15-16	80	349175
174.601	0.011	fr_TBPL2-3	5	349202
174.6195	0.06	ripple_TLL19-20	83	349239
174.622	0.057	ripple_TLL1-2	74	349244
174.628	0.051	ripple_TLL2-3	84	349256
174.6335	0.0375	ripple_TLL4-5	97	349267
174.634	0.0445	ripple_TLL12-13	77	349268
174.6405	0.042	ripple_TLL18-19	82	349281
174.641	0.229	ripple_TLL22-23	87	349282
174.6425	0.0725	ripple_TLL14-15	79	349285
174.648	0.0285	ripple_TLL23-24	88	349296
174.6725	0.0405	ripple_TLL11-12	76	349345
174.674	0.137	ripple_TBPL1-2	71	349348
174.6895	0.038	ripple_TLL26-27	90	349379
174.6955	0.03	ripple_TLL28-29	92	349391
174.7	0.092	ripple_TLL23-24	88	349400
174.7015	0.039	ripple_TLL31-32	96	349403
174.7285	0.0895	ripple_TLL19-20	83	349457
174.731	0.0535	ripple_TLL2-3	84	349462
174.7335	0.051	ripple_TLL1-2	74	349467
174.744	0.0805	ripple_TLL18-19	82	349488
174.768	0.033	ripple_TBPL2-3	72	349536
174.786	0.0555	ripple_TLL20-21	85	349572
174.8005	0.077	ripple_TLL30-31	95	349601
174.811	0.114	ripple_TLL1-2	74	349622
174.835	0.0395	ripple_TBPL2-3	72	349670
174.8625	0.5055	ripple_TLL31-32	96	349725
174.91	0.058	ripple_TLL30-31	95	349820
174.91	0.08	ripple_TLL19-20	83	349820
174.911	0.0375	ripple_TBPL3-4	73	349822
174.9215	0.087	ripple_TLL21-22	86	349843
174.9235	0.073	ripple_TLL4-5	97	349847
174.9305	0.0995	ripple_TBPL1-2	71	349861
174.935	0.109	ripple_TLL6-7	99	349870
174.9375	0.1515	ripple_TLL7-8	100	349875
174.9535	0.0335	ripple_TLL3-4	94	349907
174.985	0.157	ripple_TLL18-19	82	349970
174.9925	0.0365	ripple_TLL27-28	91	349985
174.9995	0.069	ripple_TLL13-14	78	349999
175.001	0.0355	ripple_TLL1-2	74	350002
175.014	0.035	ripple_TLL19-20	83	350028
175.024	0.034	ripple_TLL4-5	97	350048
175.067	0.0405	ripple_TLL28-29	92	350134
175.0765	0.0585	ripple_TLL29-30	93	350153
175.083	0.0755	ripple_TLL19-20	83	350166
175.096	0.0585	ripple_TLL20-21	85	350192
175.103	0.057	ripple_TLL1-2	74	350206
175.106	0.059	ripple_TLL9-10	101	350212
175.1145	0.039	ripple_TLL15-16	80	350229
175.12	0.038	ripple_TBPL3-4	73	350240
175.12	0.038	fr_TBPL3-4	6	350240
175.12	0.038	frandr_TBPL3-4	40	350240
175.1205	0.0765	ripple_TBPL2-3	72	350241
175.1295	0.043	ripple_TLL28-29	92	350259
175.1535	0.046	ripple_TLL21-22	86	350307
175.187	0.0195	fr_TLL17-18	14	350374
175.1905	0.06	ripple_TBPL3-4	73	350381
175.213	0.084	ripple_TLL1-2	74	350426
175.222	0.0685	ripple_TLL23-24	88	350444
175.2225	0.0685	ripple_TLL22-23	87	350445
175.2295	0.1335	ripple_TLL6-7	99	350459
175.2415	0.0455	ripple_TLL20-21	85	350483
175.253	0.0355	ripple_TLL4-5	97	350506
175.2605	0.0685	ripple_TLL13-14	78	350521
175.2625	0.2365	ripple_TLL19-20	83	350525
175.284	0.037	ripple_TLL14-15	79	350568
175.286	0.077	ripple_TLL29-30	93	350572
175.2985	0.038	ripple_TLL18-19	82	350597
175.3155	0.0625	ripple_TLL17-18	81	350631
175.317	0.0375	ripple_TLL1-2	74	350634
175.367	0.0585	ripple_TLL20-21	85	350734
175.386	0.049	ripple_TLL1-2	74	350772
175.394	0.075	ripple_TLL18-19	82	350788
175.407	0.0305	ripple_TLL29-30	93	350814
175.424	0.0425	ripple_TLL30-31	95	350848
175.4245	0.035	ripple_TLL27-28	91	350849
175.4285	0.0525	ripple_TLL7-8	100	350857
175.4345	0.0715	ripple_TLL11-12	76	350869
175.436	0.0395	ripple_TLL14-15	79	350872
175.4425	0.069	ripple_TBPL1-2	71	350885
175.4745	0.054	ripple_TBPL3-4	73	350949
175.4875	0.0475	ripple_TLL13-14	78	350975
175.517	0.0445	ripple_TLL6-7	99	351034
175.5445	0.0355	ripple_TLL18-19	82	351089
175.5485	0.042	ripple_TLL1-2	74	351097
175.5505	0.1555	ripple_TLL31-32	96	351101
175.56	0.0315	ripple_TLL3-4	94	351120
175.5855	0.1265	ripple_TLL29-30	93	351171
175.593	0.0385	ripple_TLL19-20	83	351186
175.609	0.0915	ripple_TLL21-22	86	351218
175.61	0.2175	ripple_TLL23-24	88	351220
175.618	0.026	ripple_TLL22-23	87	351236
175.6385	0.125	ripple_TBPL2-3	72	351277
175.6485	0.0145	fr_TLL30-31	28	351297
175.6695	0.0455	ripple_TLL22-23	87	351339
175.676	0.0455	ripple_TLL30-31	95	351352
175.6785	0.1015	ripple_TLL19-20	83	351357
175.696	0.04	ripple_TLL13-14	78	351392
175.697	0.036	ripple_TLL1-2	74	351394
175.7145	0.0945	ripple_TLL14-15	79	351429
175.73	0.118	ripple_TLL20-21	85	351460
175.738	0.05	ripple_TBPL3-4	73	351476
175.7425	0.0885	ripple_TLL22-23	87	351485
175.757	0.2775	ripple_TBPL1-2	71	351514
175.7715	0.051	ripple_TLL26-27	90	351543
175.7745	0.0535	ripple_TLL6-7	99	351549
175.7775	0.0495	ripple_TLL27-28	91	351555
175.783	0.028	ripple_TLL3-4	94	351566
175.793	0.044	ripple_TLL18-19	82	351586
175.8005	0.064	ripple_TLL28-29	92	351601
175.8235	0.0475	ripple_TLL21-22	86	351647
175.8255	0.0555	ripple_TBPL2-3	72	351651
175.8355	0.0915	ripple_TLL30-31	95	351671
175.84	0.071	ripple_TLL7-8	100	351680
175.8415	0.039	ripple_TLL15-16	80	351683
175.8435	0.0275	ripple_TLL14-15	79	351687
175.8695	0.106	ripple_TLL29-30	93	351739
175.8965	0.09	ripple_TLL28-29	92	351793
175.9045	0.052	ripple_TLL22-23	87	351809
175.914	0.055	ripple_TLL1-2	74	351828
175.917	0.0425	ripple_TLL31-32	96	351834
175.9205	0.0425	ripple_TBPL2-3	72	351841
175.9325	0.0675	ripple_TLL7-8	100	351865
175.9525	0.0475	ripple_TLL20-21	85	351905
175.993	0.043	ripple_TLL1-2	74	351986
176.0105	0.072	ripple_TLL6-7	99	352021
176.0125	0.0865	ripple_TLL19-20	83	352025
176.0185	0.0665	ripple_TLL26-27	90	352037
176.025	0.033	ripple_TLL31-32	96	352050
176.0285	0.0635	ripple_TLL27-28	91	352057
176.0335	0.0465	ripple_TLL29-30	93	352067
176.0365	0.136	ripple_TLL23-24	88	352073
176.0385	0.0355	ripple_TBPL2-3	72	352077
176.0605	0.0635	ripple_TLL21-22	86	352121
176.0735	0.045	ripple_TLL11-12	76	352147
176.1125	0.0685	ripple_TLL28-29	92	352225
176.1285	0.0455	ripple_TLL6-7	99	352257
176.141	0.0755	ripple_TLL29-30	93	352282
176.157	0.06	ripple_TLL7-8	100	352314
176.1605	0.1575	ripple_TLL19-20	83	352321
176.192	0.0785	ripple_TLL18-19	82	352384
176.198	0.129	ripple_TLL14-15	79	352396
176.2095	0.0125	fr_TLL23-24	21	352419
176.223	0.052	ripple_TLL26-27	90	352446
176.226	0.0595	ripple_TLL15-16	80	352452
176.24	0.043	ripple_TBPL3-4	73	352480
176.241	0.0435	ripple_TLL23-24	88	352482
176.251	0.171	ripple_TLL31-32	96	352502
176.2725	0.064	ripple_TLL20-21	85	352545
176.3085	0.0525	ripple_TLL29-30	93	352617
176.3135	0.0335	ripple_TBAL1-2	68	352627
176.326	0.0725	ripple_TLL22-23	87	352652
176.333	0.0615	ripple_TLL23-24	88	352666
176.339	0.051	ripple_TLL12-13	77	352678
176.3675	0.038	ripple_TLL21-22	86	352735
176.375	0.3425	ripple_TLL20-21	85	352750
176.4205	0.0615	ripple_TLL14-15	79	352841
176.4285	0.036	ripple_TLL21-22	86	352857
176.4355	0.05	ripple_TLL1-2	74	352871
176.4415	0.0535	ripple_TLL4-5	97	352883
176.4475	0.0515	ripple_TLL31-32	96	352895
176.4545	0.061	ripple_TBPL2-3	72	352909
176.4715	0.036	ripple_TLL30-31	95	352943
176.505	0.091	ripple_TLL21-22	86	353010
176.5485	0.123	ripple_TLL5-6	98	353097
176.554	0.043	ripple_TLL6-7	99	353108
176.5575	0.011	fr_TLL4-5	30	353115
176.56	0.0875	ripple_TLL23-24	88	353120
176.57	0.0525	ripple_TLL26-27	90	353140
176.5765	0.0535	ripple_TBPL3-4	73	353153
176.58	0.1345	ripple_TLL19-20	83	353160
176.5815	0.191	ripple_TLL2-3	84	353163
176.5885	0.0375	ripple_TLL27-28	91	353177
176.5975	0.066	ripple_TLL1-2	74	353195
176.598	0.1105	ripple_TLL31-32	96	353196
176.612	0.037	ripple_TLL18-19	82	353224
176.619	0.048	ripple_TLL29-30	93	353238
176.6275	0.2105	ripple_TLL30-31	95	353255
176.628	0.0795	ripple_TLL21-22	86	353256
176.637	0.1265	ripple_TLL6-7	99	353274
176.6465	0.0285	ripple_TLL14-15	79	353293
176.6575	0.0815	ripple_TBPL3-4	73	353315
176.6725	0.11	ripple_TBPL1-2	71	353345
176.7115	0.0575	ripple_TLL29-30	93	353423
176.7435	0.0565	ripple_TLL1-2	74	353487
176.7605	0.0625	ripple_TLL19-20	83	353521
176.7645	0.073	ripple_TLL20-21	85	353529
176.791	0.033	ripple_TBPL2-3	72	353582
176.792	0.101	ripple_TLL6-7	99	353584
176.8745	0.021	fr_TBPL2-3	5	353749
176.8775	0.0415	ripple_TLL23-24	88	353755
176.8845	0.047	ripple_TLL30-31	95	353769
176.888	0.044	ripple_TLL20-21	85	353776
176.9045	0.0695	ripple_TLL19-20	83	353809
176.907	0.1265	ripple_TLL7-8	100	353814
176.939	0.04	ripple_TLL15-16	80	353878
176.9665	0.103	ripple_TLL2-3	84	353933
176.979	0.1455	ripple_TLL18-19	82	353958
176.985	0.0575	ripple_TLL6-7	99	353970
176.985	0.061	ripple_TLL14-15	79	353970
176.989	0.0385	ripple_TLL29-30	93	353978
177.001	0.0615	ripple_TLL1-2	74	354002
177.0055	0.104	ripple_TLL22-23	87	354011
177.023	0.066	ripple_TBPL3-4	73	354046
177.027	0.191	ripple_TLL31-32	96	354054
177.0305	0.0355	ripple_TLL11-12	76	354061
177.0385	0.088	ripple_TLL21-22	86	354077
177.0465	0.0945	ripple_TLL30-31	95	354093
177.0755	0.119	ripple_TLL29-30	93	354151
177.0825	0.0445	ripple_TLL14-15	79	354165
177.0835	0.044	ripple_TLL7-8	100	354167
177.089	0.0465	ripple_TLL25-26	89	354178
177.1095	0.0945	ripple_TLL19-20	83	354219
177.1285	0.217	ripple_TLL23-24	88	354257
177.134	0.04	ripple_TLL28-29	92	354268
177.152	0.064	ripple_TLL1-2	74	354304
177.1615	0.085	ripple_TLL22-23	87	354323
177.1795	0.0905	ripple_TLL6-7	99	354359
177.184	0.101	ripple_TLL7-8	100	354368
177.199	0.0495	ripple_TLL9-10	101	354398
177.2165	0.071	ripple_TLL29-30	93	354433
177.223	0.06	ripple_TLL27-28	91	354446
177.2855	0.4105	ripple_TLL31-32	96	354571
177.287	0.1085	ripple_TLL20-21	85	354574
177.303	0.0365	ripple_TLL15-16	80	354606
177.305	0.115	ripple_TLL21-22	86	354610
177.307	0.1655	ripple_TLL19-20	83	354614
177.309	0.1085	ripple_TLL6-7	99	354618
177.316	0.062	ripple_TLL3-4	94	354632
177.339	0.059	ripple_TLL30-31	95	354678
177.345	0.072	ripple_TLL1-2	74	354690
177.409	0.2065	ripple_TLL15-16	80	354818
177.4225	0.0345	ripple_TLL2-3	84	354845
177.424	0.246	ripple_TLL29-30	93	354848
177.4405	0.0655	ripple_TLL30-31	95	354881
177.4585	0.054	ripple_TLL26-27	90	354917
177.462	0.089	ripple_TLL21-22	86	354924
177.4645	0.0425	ripple_TLL7-8	100	354929
177.4655	0.413	ripple_TLL22-23	87	354931
177.467	0.1345	ripple_TLL23-24	88	354934
177.472	0.139	ripple_TBPL1-2	71	354944
177.4935	0.0555	ripple_TLL4-5	97	354987
177.5005	0.0905	ripple_TLL6-7	99	355001
177.502	0.035	ripple_TLL3-4	94	355004
177.5025	0.049	ripple_TLL14-15	79	355005
177.5285	0.0715	ripple_TLL7-8	100	355057
177.53	0.0515	ripple_TLL30-31	95	355060
177.5425	0.2175	ripple_TBPL2-3	72	355085
177.561	0.0415	ripple_TLL27-28	91	355122
177.5775	0.1195	ripple_TLL2-3	84	355155
177.5865	0.089	ripple_TLL20-21	85	355173
177.5905	0.0975	ripple_TLL3-4	94	355181
177.5915	0.056	ripple_TLL28-29	92	355183
177.5945	0.0385	ripple_TLL4-5	97	355189
177.616	0.039	ripple_TLL5-6	98	355232
177.624	0.074	ripple_TLL30-31	95	355248
177.637	0.0495	ripple_TLL6-7	99	355274
177.6575	0.0345	ripple_TLL7-8	100	355315
177.664	0.073	ripple_TLL1-2	74	355328
177.676	0.0855	ripple_TLL12-13	77	355352
177.6795	0.033	ripple_TLL11-12	76	355359
177.7055	0.054	ripple_TLL17-18	81	355411
177.706	0.0485	ripple_TLL15-16	80	355412
177.7125	0.0935	ripple_TLL14-15	79	355425
177.7165	0.035	ripple_TLL7-8	100	355433
177.7175	0.0635	ripple_TLL31-32	96	355435
177.7205	0.0315	ripple_TLL13-14	78	355441
177.751	0.0385	ripple_TLL28-29	92	355502
177.798	0.068	ripple_TBPL1-2	71	355596
177.799	0.0545	ripple_TLL30-31	95	355598
177.8015	0.097	ripple_TLL1-2	74	355603
177.8105	0.034	ripple_TLL29-30	93	355621
177.8145	0.0635	ripple_TLL23-24	88	355629
177.8175	0.077	ripple_TLL21-22	86	355635
177.837	0.0325	ripple_TLL3-4	94	355674
177.8505	0.0715	ripple_TLL7-8	100	355701
177.874	0.0755	ripple_TLL19-20	83	355748
177.8855	0.1235	ripple_TBPL2-3	72	355771
177.8885	0.04	ripple_TLL29-30	93	355777
177.912	0.04	ripple_TLL23-24	88	355824
177.924	0.0355	ripple_TLL3-4	94	355848
177.9275	0.1315	ripple_TLL21-22	86	355855
177.957	0.098	ripple_TLL6-7	99	355914
177.9695	0.105	ripple_TLL22-23	87	355939
177.985	0.054	ripple_TLL17-18	81	355970
178.002	0.0685	ripple_TLL20-21	85	356004
178.042	0.025	ripple_TLL31-32	96	356084
178.051	0.0395	ripple_TLL18-19	82	356102
178.053	0.061	ripple_TBPL2-3	72	356106
178.0595	0.114	ripple_TLL7-8	100	356119
178.064	0.029	ripple_TLL1-2	74	356128
178.0785	0.046	ripple_TLL14-15	79	356157
178.08	0.109	ripple_TLL13-14	78	356160
178.081	0.1325	ripple_TLL23-24	88	356162
178.104	0.212	ripple_TLL29-30	93	356208
178.1325	0.06	ripple_TBPL1-2	71	356265
178.1475	0.349	ripple_TLL31-32	96	356295
178.1505	0.1445	ripple_TBPL2-3	72	356301
178.155	0.075	ripple_TLL28-29	92	356310
178.1605	0.0165	fr_TBAL2-3	2	356321
178.1815	0.0965	ripple_TLL21-22	86	356363
178.194	0.0565	ripple_TLL15-16	80	356388
178.206	0.0685	ripple_TLL30-31	95	356412
178.2075	0.0425	ripple_TLL19-20	83	356415
178.223	0.0355	ripple_TLL2-3	84	356446
178.2415	0.057	ripple_TLL1-2	74	356483
178.2445	0.049	ripple_TBPL1-2	71	356489
178.245	0.0425	ripple_TLL11-12	76	356490
178.2505	0.1575	ripple_TLL3-4	94	356501
178.2905	0.0225	fr_TLL22-23	20	356581
178.3125	0.053	ripple_TLL13-14	78	356625
178.3155	0.0445	ripple_TLL14-15	79	356631
178.3185	0.1345	ripple_TLL21-22	86	356637
178.332	0.1455	ripple_TLL19-20	83	356664
178.342	0.084	ripple_TLL1-2	74	356684
178.3515	0.3245	ripple_TLL20-21	85	356703
178.3525	0.089	ripple_TLL4-5	97	356705
178.404	0.065	ripple_TBPL2-3	72	356808
178.408	0.0455	ripple_TLL29-30	93	356816
178.4125	0.034	ripple_TLL6-7	99	356825
178.446	0.044	ripple_TLL7-8	100	356892
178.4625	0.092	ripple_TLL14-15	79	356925
178.4645	0.07	ripple_TLL9-10	101	356929
178.465	0.175	ripple_TLL30-31	95	356930
178.4795	0.318	ripple_TLL1-2	74	356959
178.4915	0.1195	ripple_TLL15-16	80	356983
178.4965	0.03	ripple_TLL5-6	98	356993
178.5085	0.042	ripple_TLL21-22	86	357017
178.5305	0.068	ripple_TLL29-30	93	357061
178.5355	0.1025	ripple_TLL7-8	100	357071
178.5785	0.104	ripple_TLL28-29	92	357157
178.583	0.0625	ripple_TLL19-20	83	357166
178.588	0.079	ripple_TLL21-22	86	357176
178.589	0.0425	ripple_TLL6-7	99	357178
178.593	0.038	ripple_TLL2-3	84	357186
178.595	0.188	ripple_TLL31-32	96	357190
178.5985	0.081	ripple_TBPL2-3	72	357197
178.6005	0.077	ripple_TBPL1-2	71	357201
178.603	0.071	ripple_TLL22-23	87	357206
178.6065	0.076	ripple_TLL5-6	98	357213
178.611	0.0355	ripple_TLL9-10	101	357222
178.6335	0.056	ripple_TLL29-30	93	357267
178.6495	0.042	ripple_TLL13-14	78	357299
178.6515	0.071	ripple_TLL14-15	79	357303
178.6565	0.1075	ripple_TLL15-16	80	357313
178.6605	0.1705	ripple_TLL30-31	95	357321
178.7095	0.139	ripple_TBPL1-2	71	357419
178.7145	0.0355	ripple_TLL13-14	78	357429
178.725	0.166	ripple_TLL2-3	84	357450
178.7365	0.0705	ripple_TBPL2-3	72	357473
178.744	0.088	ripple_TLL7-8	100	357488
178.7495	0.086	ripple_TLL18-19	82	357499
178.751	0.034	ripple_TLL14-15	79	357502
178.764	0.0965	ripple_TLL3-4	94	357528
178.774	0.1075	ripple_TLL19-20	83	357548
178.778	0.0665	ripple_TLL29-30	93	357556
178.7845	0.0475	ripple_TLL9-10	101	357569
178.7995	0.094	ripple_TLL6-7	99	357599
178.813	0.0525	ripple_TLL21-22	86	357626
178.8175	0.056	ripple_TLL1-2	74	357635
178.819	0.052	ripple_TLL31-32	96	357638
178.837	0.028	ripple_TLL26-27	90	357674
178.8395	0.0535	ripple_TLL5-6	98	357679
178.8445	0.037	ripple_TLL20-21	85	357689
178.863	0.076	ripple_TLL15-16	80	357726
178.8655	0.044	ripple_TBPL2-3	72	357731
178.8675	0.063	ripple_TLL4-5	97	357735
178.876	0.037	ripple_TLL29-30	93	357752
178.9085	0.057	ripple_TLL1-2	74	357817
178.921	0.153	ripple_TLL2-3	84	357842
178.922	0.0635	ripple_TLL14-15	79	357844
178.924	0.1765	ripple_TLL31-32	96	357848
178.925	0.043	ripple_TLL30-31	95	357850
178.9295	0.0525	ripple_TLL21-22	86	357859
178.931	0.047	ripple_TLL28-29	92	357862
178.943	0.054	ripple_TBPL2-3	72	357886
178.948	0.0955	ripple_TLL11-12	76	357896
178.9495	0.0365	ripple_TLL18-19	82	357899
178.9645	0.083	ripple_TLL6-7	99	357929
178.9905	0.074	ripple_TLL30-31	95	357981
178.9955	0.114	ripple_TLL1-2	74	357991
179.006	0.034	ripple_TLL14-15	79	358012
179.011	0.0635	ripple_TLL7-8	100	358022
179.015	0.073	ripple_TLL29-30	93	358030
179.0455	0.037	ripple_TLL21-22	86	358091
179.049	0.0375	ripple_TLL26-27	90	358098
179.052	0.034	ripple_TLL20-21	85	358104
179.0775	0.0135	fr_TLL17-18	14	358155
179.089	0.046	ripple_TLL5-6	98	358178
179.1025	0.133	ripple_TLL19-20	83	358205
179.12	0.047	ripple_TLL26-27	90	358240
179.1225	0.1755	ripple_TLL30-31	95	358245
179.1255	0.048	ripple_TLL21-22	86	358251
179.1345	0.144	ripple_TLL20-21	85	358269
179.155	0.3835	ripple_TLL6-7	99	358310
179.1595	0.0925	ripple_TLL29-30	93	358319
179.1835	0.0425	ripple_TLL14-15	79	358367
179.1935	0.119	ripple_TLL1-2	74	358387
179.2065	0.0415	ripple_TLL2-3	84	358413
179.2105	0.07	ripple_TLL15-16	80	358421
179.2145	0.1325	ripple_TBPL2-3	72	358429
179.2195	0.0465	ripple_TLL21-22	86	358439
179.2465	0.204	ripple_TLL7-8	100	358493
179.2605	0.0345	ripple_TLL11-12	76	358521
179.266	0.055	ripple_TLL28-29	92	358532
179.2745	0.0355	ripple_TLL13-14	78	358549
179.2915	0.0565	ripple_TLL19-20	83	358583
179.295	0.064	ripple_TLL21-22	86	358590
179.315	0.2125	ripple_TLL14-15	79	358630
179.317	0.2285	ripple_TLL20-21	85	358634
179.337	0.0295	ripple_TLL2-3	84	358674
179.378	0.156	ripple_TLL30-31	95	358756
179.3995	0.1295	ripple_TLL29-30	93	358799
179.402	0.037	ripple_TLL15-16	80	358804
179.4125	0.125	ripple_TLL10-11	75	358825
179.4235	0.0965	ripple_TLL31-32	96	358847
179.4365	0.054	ripple_TLL21-22	86	358873
179.463	0.068	ripple_TLL15-16	80	358926
179.4725	0.0635	ripple_TLL7-8	100	358945
179.4835	0.0765	ripple_TLL11-12	76	358967
179.5165	0.1915	ripple_TLL1-2	74	359033
179.54	0.137	ripple_TLL22-23	87	359080
179.5485	0.077	ripple_TLL14-15	79	359097
179.5675	0.152	ripple_TLL15-16	80	359135
179.5715	0.0565	ripple_TLL20-21	85	359143
179.572	0.059	ripple_TLL19-20	83	359144
179.573	0.033	ripple_TLL17-18	81	359146
179.586	0.055	ripple_TLL6-7	99	359172
179.6	0.0365	ripple_TLL26-27	90	359200
179.601	0.109	ripple_TLL23-24	88	359202
179.606	0.1175	ripple_TLL30-31	95	359212
179.645	0.091	ripple_TLL29-30	93	359290
179.6545	0.0415	ripple_TLL12-13	77	359309
179.655	0.026	ripple_TLL27-28	91	359310
179.6645	0.2765	ripple_TLL7-8	100	359329
179.6735	0.096	ripple_TLL6-7	99	359347
179.7095	0.108	ripple_TLL22-23	87	359419
179.718	0.084	ripple_TLL20-21	85	359436
179.7245	0.3165	ripple_TLL19-20	83	359449
179.731	0.076	ripple_TLL23-24	88	359462
179.7635	0.0345	ripple_TLL17-18	81	359527
179.766	0.1325	ripple_TLL30-31	95	359532
179.7715	0.0885	ripple_TLL1-2	74	359543
179.7725	0.1145	ripple_TLL2-3	84	359545
179.798	0.0575	ripple_TLL28-29	92	359596
179.8005	0.097	ripple_TLL6-7	99	359601
179.805	0.03	ripple_TBPL3-4	73	359610
179.8165	0.0955	ripple_TLL31-32	96	359633
179.818	0.0315	ripple_TLL3-4	94	359636
179.8435	0.1575	ripple_TLL23-24	88	359687
179.8445	0.154	ripple_TLL29-30	93	359689
179.8505	0.037	ripple_TLL18-19	82	359701
179.853	0.099	ripple_TLL20-21	85	359706
179.8535	0.0405	ripple_TLL21-22	86	359707
179.8575	0.0725	ripple_TLL4-5	97	359715
179.864	0.151	ripple_TLL15-16	80	359728
179.8705	0.0535	ripple_TLL22-23	87	359741
179.881	0.1095	ripple_TLL13-14	78	359762
179.8975	0.036	ripple_TLL5-6	98	359795
179.9175	0.1175	ripple_TLL2-3	84	359835
179.9215	0.0455	ripple_TLL27-28	91	359843
179.9235	0.0415	ripple_TLL26-27	90	359847
179.925	0.0585	ripple_TLL18-19	82	359850
179.942	0.12	ripple_TLL30-31	95	359884
179.9465	0.105	ripple_TLL14-15	79	359893
179.955	0.1275	ripple_TBPL3-4	73	359910
179.9655	0.3745	ripple_TLL31-32	96	359931
179.9845	0.039	ripple_TLL3-4	94	359969
180.023	0.0975	ripple_TLL7-8	100	360046
180.036	0.063	ripple_TLL21-22	86	360072
180.0465	0.518	ripple_TLL20-21	85	360093
180.071	0.049	ripple_TLL6-7	99	360142
180.0875	0.0615	ripple_TLL19-20	83	360175
180.091	0.0465	ripple_TLL29-30	93	360182
180.0965	0.0315	ripple_TLL11-12	76	360193
180.1005	0.0505	ripple_TLL2-3	84	360201
180.105	0.0465	ripple_TBPL3-4	73	360210
180.1155	0.214	ripple_TLL30-31	95	360231
180.1165	0.1315	ripple_TLL1-2	74	360233
180.167	0.1585	ripple_TLL21-22	86	360334
180.177	0.13	ripple_TLL27-28	91	360354
180.179	0.1115	ripple_TLL26-27	90	360358
180.18	0.17	ripple_TLL29-30	93	360360
180.204	0.0765	ripple_TLL2-3	84	360408
180.2135	0.037	ripple_TLL18-19	82	360427
180.218	0.0605	ripple_TLL19-20	83	360436
180.2225	0.1645	ripple_TLL22-23	87	360445
180.241	0.0575	ripple_TBPL2-3	72	360482
180.2565	0.129	ripple_TBPL1-2	71	360513
180.2695	0.0325	ripple_TLL23-24	88	360539
180.3065	0.076	ripple_TLL7-8	100	360613
180.311	0.049	ripple_TLL2-3	84	360622
180.319	0.052	ripple_TLL1-2	74	360638
180.3235	0.1445	ripple_TLL6-7	99	360647
180.3305	0.049	ripple_TLL23-24	88	360661
180.3575	0.1	ripple_TLL21-22	86	360715
180.37	0.082	ripple_TLL17-18	81	360740
180.3995	0.134	ripple_TLL29-30	93	360799
180.4055	0.1015	ripple_TLL30-31	95	360811
180.4295	0.0395	ripple_TLL31-32	96	360859
180.441	0.1735	ripple_TLL15-16	80	360882
180.4515	0.1355	ripple_TLL14-15	79	360903
180.489	0.0325	ripple_TLL1-2	74	360978
180.495	0.0585	ripple_TLL9-10	101	360990
180.501	0.05	ripple_TLL23-24	88	361002
180.503	0.0705	ripple_TLL22-23	87	361006
180.549	0.203	ripple_TLL19-20	83	361098
180.5495	0.051	ripple_TLL31-32	96	361099
180.5985	0.0815	ripple_TLL13-14	78	361197
180.602	0.0935	ripple_TLL1-2	74	361204
180.602	0.0935	fr_TLL1-2	7	361204
180.602	0.0935	frandr_TLL1-2	41	361204
180.607	0.0685	ripple_TLL14-15	79	361214
180.6115	0.0355	ripple_TLL11-12	76	361223
180.628	0.097	ripple_TLL29-30	93	361256
180.6375	0.0525	ripple_TLL15-16	80	361275
180.644	0.012	fr_TLL30-31	28	361288
180.6475	0.056	ripple_TLL2-3	84	361295
180.653	0.0725	ripple_TLL27-28	91	361306
180.6765	0.165	ripple_TLL30-31	95	361353
180.6795	0.078	ripple_TLL7-8	100	361359
180.686	0.0705	ripple_TLL28-29	92	361372
180.692	0.172	ripple_TLL21-22	86	361384
180.7175	0.0735	ripple_TLL1-2	74	361435
180.727	0.117	ripple_TLL13-14	78	361454
180.7305	0.027	ripple_TLL6-7	99	361461
180.736	0.1105	ripple_TLL15-16	80	361472
180.7405	0.148	ripple_TBPL2-3	72	361481
180.767	0.164	ripple_TLL29-30	93	361534
180.79	0.0535	ripple_TLL14-15	79	361580
180.8105	0.046	ripple_TLL7-8	100	361621
180.8155	0.043	ripple_TLL6-7	99	361631
180.8235	0.031	ripple_TBPL3-4	73	361647
180.864	0.052	ripple_TLL11-12	76	361728
180.8825	0.058	ripple_TLL20-21	85	361765
180.892	0.043	ripple_TBPL1-2	71	361784
180.8955	0.04	ripple_TLL30-31	95	361791
180.9015	0.145	ripple_TLL15-16	80	361803
180.911	0.0455	ripple_TLL18-19	82	361822
180.921	0.037	ripple_TLL6-7	99	361842
180.9285	0.0815	ripple_TLL19-20	83	361857
180.939	0.0415	ripple_TLL5-6	98	361878
180.983	0.1385	ripple_TLL31-32	96	361966
180.9925	0.0415	ripple_TLL3-4	94	361985
180.993	0.0445	ripple_TLL1-2	74	361986
180.9945	0.0995	ripple_TLL14-15	79	361989
181.003	0.054	ripple_TBPL2-3	72	362006
181.0185	0.059	ripple_TLL30-31	95	362037
181.0345	0.0655	ripple_TLL7-8	100	362069
181.0375	0.295	ripple_TLL29-30	93	362075
181.0425	0.12	ripple_TLL21-22	86	362085
181.0645	0.0415	ripple_TLL19-20	83	362129
181.09	0.0125	fr_TLL30-31	28	362180
181.0915	0.034	ripple_TBPL2-3	72	362183
181.1075	0.137	ripple_TLL18-19	82	362215
181.1225	0.187	ripple_TLL13-14	78	362245
181.1415	0.0345	ripple_TLL17-18	81	362283
181.1455	0.043	ripple_TLL27-28	91	362291
181.1565	0.0355	ripple_TLL6-7	99	362313
181.1665	0.037	ripple_TLL20-21	85	362333
181.175	0.072	ripple_TLL19-20	83	362350
181.1915	0.078	ripple_TLL14-15	79	362383
181.196	0.093	ripple_TLL30-31	95	362392
181.2035	0.048	ripple_TBPL2-3	72	362407
181.2145	0.042	ripple_TLL15-16	80	362429
181.218	0.2195	ripple_TLL31-32	96	362436
181.234	0.04	ripple_TBPL3-4	73	362468
181.2395	0.047	ripple_TLL28-29	92	362479
181.253	0.0535	ripple_TLL11-12	76	362506
181.2665	0.0535	ripple_TLL18-19	82	362533
181.2665	0.211	ripple_TLL20-21	85	362533
181.273	0.044	ripple_TLL25-26	89	362546
181.2735	0.036	ripple_TLL2-3	84	362547
181.2745	0.036	ripple_TLL26-27	90	362549
181.275	0.045	ripple_TLL27-28	91	362550
181.29	0.1225	ripple_TBPL1-2	71	362580
181.2935	0.0685	ripple_TLL22-23	87	362587
181.2945	0.1485	ripple_TLL1-2	74	362589
181.2965	0.069	ripple_TLL10-11	75	362593
181.3065	0.068	ripple_TLL19-20	83	362613
181.328	0.033	ripple_TLL23-24	88	362656
181.3335	0.0355	ripple_TLL14-15	79	362667
181.3425	0.0465	ripple_TLL2-3	84	362685
181.3445	0.0555	ripple_TLL13-14	78	362689
181.3895	0.056	ripple_TLL7-8	100	362779
181.3935	0.055	ripple_TLL9-10	101	362787
181.3955	0.044	ripple_TLL21-22	86	362791
181.4035	0.0315	ripple_TLL3-4	94	362807
181.404	0.034	ripple_TLL30-31	95	362808
181.409	0.0345	ripple_TLL27-28	91	362818
181.4395	0.0355	ripple_TBAL3-4	70	362879
181.451	0.0435	ripple_TLL6-7	99	362902
181.4585	0.0505	ripple_TBPL2-3	72	362917
181.459	0.1015	ripple_TLL13-14	78	362918
181.462	0.053	ripple_TLL21-22	86	362924
181.4705	0.054	ripple_TLL2-3	84	362941
181.472	0.0545	ripple_TLL31-32	96	362944
181.479	0.051	ripple_TLL1-2	74	362958
181.479	0.089	ripple_TLL18-19	82	362958
181.498	0.0915	ripple_TLL15-16	80	362996
181.516	0.127	ripple_TLL12-13	77	363032
181.5265	0.1345	ripple_TLL5-6	98	363053
181.5275	0.0935	ripple_TLL4-5	97	363055
181.552	0.312	ripple_TLL30-31	95	363104
181.5525	0.0615	ripple_TLL29-30	93	363105
181.5545	0.087	ripple_TLL11-12	76	363109
181.561	0.0465	ripple_TLL20-21	85	363122
181.5635	0.0855	ripple_TLL31-32	96	363127
181.578	0.0455	ripple_TBPL3-4	73	363156
181.585	0.0385	ripple_TLL3-4	94	363170
181.589	0.046	ripple_TLL21-22	86	363178
181.5925	0.054	ripple_TLL18-19	82	363185
181.596	0.062	ripple_TLL28-29	92	363192
181.639	0.17	ripple_TLL13-14	78	363278
181.6395	0.1305	ripple_TLL7-8	100	363279
181.6405	0.207	ripple_TLL29-30	93	363281
181.6465	0.0515	ripple_TLL6-7	99	363293
181.654	0.051	ripple_TLL1-2	74	363308
181.6565	0.073	ripple_TBPL2-3	72	363313
181.666	0.0585	ripple_TLL25-26	89	363332
181.6945	0.05	ripple_TBPL3-4	73	363389
181.7015	0.1205	ripple_TLL20-21	85	363403
181.7125	0.047	ripple_TLL18-19	82	363425
181.7145	0.276	ripple_TLL21-22	86	363429
181.7215	0.0655	ripple_TLL15-16	80	363443
181.725	0.232	ripple_TLL14-15	79	363450
181.7285	0.078	ripple_TLL27-28	91	363457
181.736	0.0625	ripple_TLL19-20	83	363472
181.739	0.045	ripple_TLL12-13	77	363478
181.7395	0.044	ripple_TLL6-7	99	363479
181.7425	0.046	ripple_TLL11-12	76	363485
181.746	0.036	ripple_TLL9-10	101	363492
181.746	0.0625	ripple_TLL26-27	90	363492
181.7515	0.065	ripple_TLL3-4	94	363503
181.7645	0.037	ripple_TBPL2-3	72	363529
181.7805	0.037	ripple_TLL4-5	97	363561
181.785	0.0445	ripple_TLL28-29	92	363570
181.806	0.183	ripple_TLL1-2	74	363612
181.806	0.183	fr_TLL1-2	7	363612
181.806	0.183	frandr_TLL1-2	41	363612
181.816	0.0365	ripple_TBAL1-2	68	363632
181.8235	0.0645	ripple_TLL9-10	101	363647
181.8275	0.0435	ripple_TLL17-18	81	363655
181.8535	0.152	ripple_TLL19-20	83	363707
181.866	0.109	ripple_TLL2-3	84	363732
181.876	0.0815	ripple_TLL4-5	97	363752
181.8955	0.0455	ripple_TLL3-4	94	363791
181.9005	0.061	ripple_TLL28-29	92	363801
181.91	0.2825	ripple_TLL29-30	93	363820
181.921	0.0705	ripple_TLL11-12	76	363842
181.969	0.112	ripple_TLL17-18	81	363938
181.9855	0.074	ripple_TLL28-29	92	363971
181.9925	0.433	ripple_TLL20-21	85	363985
181.9965	0.038	ripple_TLL27-28	91	363993
182.0025	0.028	ripple_TLL26-27	90	364005
182.009	0.258	ripple_TLL1-2	74	364018
182.0275	0.08	ripple_TLL14-15	79	364055
182.0305	0.051	ripple_TLL30-31	95	364061
182.048	0.182	ripple_TLL6-7	99	364096
182.058	0.0575	ripple_TLL31-32	96	364116
182.0635	0.0175	fr_TLL7-8	33	364127
182.094	0.041	ripple_TLL11-12	76	364188
182.0965	0.036	ripple_TBPL1-2	71	364193
182.098	0.031	ripple_TLL21-22	86	364196
182.101	0.05	ripple_TLL2-3	84	364202
182.103	0.0275	ripple_TLL30-31	95	364206
182.107	0.1255	ripple_TLL7-8	100	364214
182.1205	0.2015	ripple_TLL18-19	82	364241
182.1295	0.0435	ripple_TLL4-5	97	364259
182.1635	0.3655	ripple_TLL31-32	96	364327
182.167	0.0465	ripple_TLL19-20	83	364334
182.1705	0.2335	ripple_TLL23-24	88	364341
182.177	0.071	ripple_TLL14-15	79	364354
182.179	0.089	ripple_TLL21-22	86	364358
182.18	0.0605	ripple_TBPL2-3	72	364360
182.19	0.0545	ripple_TLL3-4	94	364380
182.1945	0.0465	ripple_TLL4-5	97	364389
182.207	0.0965	ripple_TLL30-31	95	364414
182.221	0.065	ripple_TLL2-3	84	364442
182.254	0.067	ripple_TLL19-20	83	364508
182.268	0.273	ripple_TLL22-23	87	364536
182.268	0.273	fr_TLL22-23	20	364536
182.268	0.273	frandr_TLL22-23	54	364536
182.295	0.047	ripple_TLL7-8	100	364590
182.304	0.072	ripple_TBPL2-3	72	364608
182.329	0.0625	ripple_TLL14-15	79	364658
182.335	0.1455	ripple_TLL27-28	91	364670
182.348	0.0855	ripple_TLL6-7	99	364696
182.3515	0.043	ripple_TLL18-19	82	364703
182.3525	0.032	ripple_TLL15-16	80	364705
182.3695	0.0385	ripple_TLL30-31	95	364739
182.37	0.129	ripple_TBPL1-2	71	364740
182.391	0.058	ripple_TLL29-30	93	364782
182.4205	0.075	ripple_TBPL2-3	72	364841
182.441	0.061	ripple_TLL1-2	74	364882
182.4605	0.078	ripple_TLL6-7	99	364921
182.47	0.046	ripple_TLL29-30	93	364940
182.4795	0.061	ripple_TLL23-24	88	364959
182.487	0.1035	ripple_TLL21-22	86	364974
182.498	0.043	ripple_TLL20-21	85	364996
182.5035	0.038	ripple_TLL5-6	98	365007
182.5125	0.098	ripple_TLL19-20	83	365025
182.5405	0.033	ripple_TLL15-16	80	365081
182.5425	0.0335	ripple_TLL29-30	93	365085
182.556	0.0435	ripple_TLL31-32	96	365112
182.5745	0.08	ripple_TLL7-8	100	365149
182.594	0.0365	ripple_TLL5-6	98	365188
182.5965	0.0545	ripple_TLL1-2	74	365193
182.6005	0.1645	ripple_TLL2-3	84	365201
182.609	0.047	ripple_TLL6-7	99	365218
182.6105	0.3205	ripple_TLL22-23	87	365221
182.6125	0.346	ripple_TLL23-24	88	365225
182.628	0.062	ripple_TBPL2-3	72	365256
182.6325	0.038	ripple_TLL29-30	93	365265
182.6405	0.052	ripple_TLL20-21	85	365281
182.645	0.036	ripple_TLL19-20	83	365290
182.6715	0.0935	ripple_TLL1-2	74	365343
182.679	0.0385	ripple_TLL15-16	80	365358
182.6865	0.0475	ripple_TLL7-8	100	365373
182.709	0.1315	ripple_TLL6-7	99	365418
182.7225	0.208	ripple_TLL31-32	96	365445
182.7305	0.0675	ripple_TLL30-31	95	365461
182.731	0.3155	ripple_TLL19-20	83	365462
182.7405	0.0605	ripple_TLL21-22	86	365481
182.7415	0.0405	ripple_TLL3-4	94	365483
182.7795	0.095	ripple_TLL28-29	92	365559
182.796	0.03	ripple_TLL2-3	84	365592
182.81	0.037	ripple_TLL9-10	101	365620
182.8295	0.0415	ripple_TLL30-31	95	365659
182.8505	0.0975	ripple_TLL1-2	74	365701
182.8505	0.0975	fr_TLL1-2	7	365701
182.8505	0.0975	frandr_TLL1-2	41	365701
182.8715	0.1005	ripple_TLL7-8	100	365743
182.8925	0.1295	ripple_TLL21-22	86	365785
182.9035	0.0375	ripple_TLL30-31	95	365807
182.9065	0.044	ripple_TBPL3-4	73	365813
182.917	0.106	ripple_TLL28-29	92	365834
182.921	0.137	ripple_TLL20-21	85	365842
182.9285	0.1425	ripple_TLL6-7	99	365857
182.961	0.0775	ripple_TLL14-15	79	365922
183.001	0.041	ripple_TLL17-18	81	366002
183.0015	0.0965	ripple_TLL29-30	93	366003
183.0075	0.036	ripple_TLL22-23	87	366015
183.0085	0.038	ripple_TLL23-24	88	366017
183.012	0.083	ripple_TLL1-2	74	366024
183.016	0.1195	ripple_TLL2-3	84	366032
183.0165	0.1305	ripple_TLL31-32	96	366033
183.086	0.13	ripple_TBPL2-3	72	366172
183.094	0.143	ripple_TLL21-22	86	366188
183.1185	0.0455	ripple_TLL19-20	83	366237
183.1215	0.13	ripple_TLL23-24	88	366243
183.136	0.0665	ripple_TLL1-2	74	366272
183.1865	0.044	ripple_TLL19-20	83	366373
183.2005	0.0415	ripple_TLL14-15	79	366401
183.2225	0.1325	ripple_TLL30-31	95	366445
183.2305	0.0325	ripple_TLL22-23	87	366461
183.231	0.046	ripple_TLL29-30	93	366462
183.233	0.0475	ripple_TLL26-27	90	366466
183.239	0.049	ripple_TLL27-28	91	366478
183.2645	0.0805	ripple_TLL20-21	85	366529
183.2685	0.059	ripple_TLL21-22	86	366537
183.2895	0.0905	ripple_TLL15-16	80	366579
183.298	0.0405	ripple_TLL29-30	93	366596
183.299	0.103	ripple_TLL31-32	96	366598
183.3005	0.052	ripple_TLL14-15	79	366601
183.307	0.085	ripple_TLL23-24	88	366614
183.308	0.055	ripple_TLL22-23	87	366616
183.32	0.048	ripple_TLL11-12	76	366640
183.322	0.111	ripple_TLL1-2	74	366644
183.331	0.0895	ripple_TLL5-6	98	366662
183.3645	0.0295	ripple_TLL6-7	99	366729
183.3645	0.037	ripple_TLL18-19	82	366729
183.365	0.065	ripple_TLL7-8	100	366730
183.3905	0.04	ripple_TLL28-29	92	366781
183.398	0.0955	ripple_TLL22-23	87	366796
183.4245	0.171	ripple_TLL21-22	86	366849
183.456	0.053	ripple_TLL19-20	83	366912
183.4785	0.0395	ripple_TLL28-29	92	366957
183.483	0.068	ripple_TLL20-21	85	366966
183.485	0.0245	fr_TBPL1-2	4	366970
183.503	0.2055	ripple_TLL31-32	96	367006
183.507	0.045	ripple_TLL30-31	95	367014
183.5145	0.0735	ripple_TLL29-30	93	367029
183.5245	0.045	ripple_TLL1-2	74	367049
183.5325	0.106	ripple_TLL14-15	79	367065
183.535	0.0385	ripple_TLL15-16	80	367070
183.5825	0.0705	ripple_TLL7-8	100	367165
183.591	0.032	ripple_TLL18-19	82	367182
183.598	0.1065	ripple_TLL1-2	74	367196
183.598	0.2255	ripple_TLL20-21	85	367196
183.5995	0.1165	ripple_TLL13-14	78	367199
183.6145	0.054	ripple_TLL29-30	93	367229
183.6155	0.0735	ripple_TLL19-20	83	367231
183.6235	0.0485	ripple_TLL28-29	92	367247
183.6445	0.0365	ripple_TLL6-7	99	367289
183.6545	0.0375	ripple_TLL15-16	80	367309
183.6565	0.101	ripple_TLL23-24	88	367313
183.661	0.164	ripple_TLL30-31	95	367322
183.6975	0.0605	ripple_TLL7-8	100	367395
183.716	0.1055	ripple_TLL29-30	93	367432
183.745	0.056	ripple_TLL15-16	80	367490
183.7495	0.0175	fr_TLL9-10	34	367499
183.7585	0.1495	ripple_TLL6-7	99	367517
183.77	0.0425	ripple_TLL18-19	82	367540
183.778	0.0475	ripple_TLL31-32	96	367556
183.78	0.0705	ripple_TLL7-8	100	367560
183.7815	0.0355	ripple_TLL19-20	83	367563
183.83	0.093	ripple_TLL15-16	80	367660
183.8425	0.0355	ripple_TLL4-5	97	367685
183.8425	0.0435	ripple_TLL22-23	87	367685
183.8925	0.375	ripple_TBPL2-3	72	367785
183.8945	0.07	ripple_TLL11-12	76	367789
183.906	0.058	ripple_TLL19-20	83	367812
183.916	0.118	ripple_TLL30-31	95	367832
183.925	0.041	ripple_TLL14-15	79	367850
183.9305	0.083	ripple_TLL23-24	88	367861
183.9325	0.054	ripple_TLL22-23	87	367865
183.94	0.1175	ripple_TLL29-30	93	367880
183.956	0.101	ripple_TLL7-8	100	367912
183.956	0.249	ripple_TBPL1-2	71	367912
183.967	0.0565	ripple_TLL28-29	92	367934
183.969	0.151	ripple_TLL20-21	85	367938
183.971	0.0635	ripple_TLL1-2	74	367942
184.008	0.1195	ripple_TLL15-16	80	368016
184.0145	0.203	ripple_TLL21-22	86	368029
184.018	0.055	ripple_TLL27-28	91	368036
184.019	0.0405	ripple_TLL26-27	90	368038
184.0225	0.0365	ripple_TLL6-7	99	368045
184.032	0.05	ripple_TLL18-19	82	368064
184.042	0.074	ripple_TLL22-23	87	368084
184.0435	0.035	ripple_TLL31-32	96	368087
184.0595	0.079	ripple_TLL1-2	74	368119
184.06	0.043	ripple_TLL11-12	76	368120
184.0705	0.03	ripple_TLL9-10	101	368141
184.075	0.265	ripple_TLL30-31	95	368150
184.085	0.1695	ripple_TLL7-8	100	368170
184.1025	0.0335	ripple_TLL14-15	79	368205
184.1045	0.041	ripple_TLL26-27	90	368209
184.138	0.102	ripple_TLL23-24	88	368276
184.1725	0.074	ripple_TLL29-30	93	368345
184.1835	0.0585	ripple_TLL13-14	78	368367
184.192	0.2275	ripple_TLL19-20	83	368384
184.221	0.024	ripple_TLL14-15	79	368442
184.2265	0.517	ripple_TLL20-21	85	368453
184.24	0.108	ripple_TLL18-19	82	368480
184.2595	0.1035	ripple_TLL28-29	92	368519
184.2675	0.0355	ripple_TLL26-27	90	368535
184.271	0.092	ripple_TLL31-32	96	368542
184.2875	0.0595	ripple_TLL1-2	74	368575
184.303	0.0515	ripple_TLL29-30	93	368606
184.369	0.067	ripple_TLL1-2	74	368738
184.3725	0.0685	ripple_TLL30-31	95	368745
184.375	0.1985	ripple_TLL29-30	93	368750
184.381	0.067	ripple_TLL7-8	100	368762
184.388	0.0795	ripple_TLL21-22	86	368776
184.3985	0.0415	ripple_TBPL1-2	71	368797
184.4355	0.148	ripple_TBPL2-3	72	368871
184.4365	0.0445	ripple_TLL22-23	87	368873
184.4545	0.114	ripple_TLL28-29	92	368909
184.473	0.086	ripple_TLL18-19	82	368946
184.4815	0.0505	ripple_TLL1-2	74	368963
184.5095	0.064	ripple_TLL15-16	80	369019
184.5125	0.065	ripple_TLL6-7	99	369025
184.5195	0.113	ripple_TLL19-20	83	369039
184.5295	0.0825	ripple_TLL22-23	87	369059
184.533	0.3035	ripple_TLL30-31	95	369066
184.5415	0.0605	ripple_TLL2-3	84	369083
184.545	0.0865	ripple_TLL4-5	97	369090
184.553	0.0335	ripple_TBPL1-2	71	369106
184.556	0.034	ripple_TLL17-18	81	369112
184.5625	0.04	ripple_TLL21-22	86	369125
184.57	0.1	ripple_TLL23-24	88	369140
184.5985	0.338	ripple_TLL29-30	93	369197
184.6115	0.05	ripple_TLL5-6	98	369223
184.616	0.0315	ripple_TLL1-2	74	369232
184.627	0.042	ripple_TLL7-8	100	369254
184.6325	0.0365	ripple_TLL6-7	99	369265
184.639	0.0455	ripple_TLL14-15	79	369278
184.6745	0.149	ripple_TLL19-20	83	369349
184.6895	0.085	ripple_TLL18-19	82	369379
184.6915	0.0465	ripple_TLL23-24	88	369383
184.692	0.036	ripple_TLL1-2	74	369384
184.6955	0.077	ripple_TBPL1-2	71	369391
184.7205	0.067	ripple_TLL28-29	92	369441
184.7325	0.181	ripple_TLL31-32	96	369465
184.748	0.0855	ripple_TLL22-23	87	369496
184.7705	0.161	ripple_TLL20-21	85	369541
184.7765	0.052	ripple_TLL23-24	88	369553
184.781	0.054	ripple_TLL9-10	101	369562
184.7815	0.0435	ripple_TLL3-4	94	369563
184.797	0.0415	ripple_TLL6-7	99	369594
184.8055	0.361	ripple_TBPL2-3	72	369611
184.815	0.1045	ripple_TBPL1-2	71	369630
184.823	0.0405	ripple_TLL28-29	92	369646
184.8565	0.0475	ripple_TLL21-22	86	369713
184.8825	0.0495	ripple_TLL19-20	83	369765
184.895	0.071	ripple_TLL26-27	90	369790
184.903	0.449	ripple_TLL23-24	88	369806
184.912	0.05	ripple_TLL2-3	84	369824
184.9295	0.159	ripple_TLL14-15	79	369859
184.9305	0.032	ripple_TLL15-16	80	369861
184.935	0.1125	ripple_TLL1-2	74	369870
184.944	0.0405	ripple_TLL31-32	96	369888
184.956	0.06	ripple_TLL13-14	78	369912
185.0005	0.132	ripple_TLL7-8	100	370001
185.0155	0.0465	ripple_TLL28-29	92	370031
185.0205	0.155	ripple_TLL19-20	83	370041
185.048	0.054	ripple_TLL21-22	86	370096
185.057	0.0535	ripple_TLL31-32	96	370114
185.0575	0.064	ripple_TLL18-19	82	370115
185.0625	0.066	ripple_TLL6-7	99	370125
185.0775	0.1385	ripple_TLL22-23	87	370155
185.1155	0.0385	ripple_TLL27-28	91	370231
185.1275	0.136	ripple_TLL2-3	84	370255
185.156	0.039	ripple_TLL10-11	75	370312
185.1805	0.1165	ripple_TLL20-21	85	370361
185.1975	0.0775	ripple_TBPL2-3	72	370395
185.2245	0.0445	ripple_TLL31-32	96	370449
185.2515	0.05	ripple_TLL22-23	87	370503
185.255	0.0525	ripple_TLL3-4	94	370510
185.255	0.062	ripple_TLL15-16	80	370510
185.2835	0.064	ripple_TLL29-30	93	370567
185.2975	0.0615	ripple_TLL19-20	83	370595
185.3	0.1275	ripple_TBPL2-3	72	370600
185.312	0.0295	ripple_TLL31-32	96	370624
185.313	0.0835	ripple_TLL30-31	95	370626
185.316	0.0785	ripple_TLL14-15	79	370632
185.3395	0.0975	ripple_TLL15-16	80	370679
185.369	0.067	ripple_TLL20-21	85	370738
185.3855	0.0115	fr_TBPL1-2	4	370771
185.406	0.059	ripple_TLL1-2	74	370812
185.41	0.0765	ripple_TLL31-32	96	370820
185.4555	0.0535	ripple_TLL19-20	83	370911
185.472	0.1945	ripple_TLL23-24	88	370944
185.474	0.107	ripple_TLL6-7	99	370948
185.4825	0.0645	ripple_TLL21-22	86	370965
185.485	0.091	ripple_TLL29-30	93	370970
185.4875	0.0465	ripple_TLL2-3	84	370975
185.4915	0.0445	ripple_TLL26-27	90	370983
185.508	0.0595	ripple_TLL30-31	95	371016
185.539	0.048	ripple_TLL20-21	85	371078
185.5415	0.049	ripple_TLL19-20	83	371083
185.554	0.0495	ripple_TLL28-29	92	371108
185.5565	0.0565	ripple_TLL11-12	76	371113
185.5645	0.033	ripple_TLL18-19	82	371129
185.6005	0.142	ripple_TLL21-22	86	371201
185.601	0.041	ripple_TLL7-8	100	371202
185.601	0.0645	ripple_TLL31-32	96	371202
185.6085	0.0455	ripple_TLL14-15	79	371217
185.644	0.0975	ripple_TLL6-7	99	371288
185.664	0.0445	ripple_TLL19-20	83	371328
185.694	0.116	ripple_TLL22-23	87	371388
185.7105	0.099	ripple_TLL23-24	88	371421
185.7205	0.035	ripple_TLL18-19	82	371441
185.7455	0.036	ripple_TLL28-29	92	371491
185.78	0.0605	ripple_TLL3-4	94	371560
185.7875	0.06	ripple_TBPL3-4	73	371575
185.8	0.091	ripple_TLL1-2	74	371600
185.8015	0.084	ripple_TLL15-16	80	371603
185.8195	0.03	ripple_TLL6-7	99	371639
185.8215	0.05	ripple_TLL7-8	100	371643
185.828	0.062	ripple_TLL21-22	86	371656
185.829	0.097	ripple_TLL19-20	83	371658
185.829	0.097	fr_TLL19-20	16	371658
185.829	0.097	frandr_TLL19-20	50	371658
185.8375	0.0475	ripple_TLL26-27	90	371675
185.8415	0.097	ripple_TLL30-31	95	371683
185.85	0.0195	fr_TLL29-30	26	371700
185.873	0.092	ripple_TBPL2-3	72	371746
185.877	0.063	ripple_TLL6-7	99	371754
185.889	0.0845	ripple_TLL11-12	76	371778
185.889	0.144	ripple_TLL20-21	85	371778
185.9105	0.0505	ripple_TBPL1-2	71	371821
185.916	0.036	ripple_TLL1-2	74	371832
185.932	0.195	ripple_TLL21-22	86	371864
185.9715	0.053	ripple_TLL31-32	96	371943
185.9775	0.0555	ripple_TLL30-31	95	371955
185.98	0.055	ripple_TLL19-20	83	371960
185.9865	0.0435	ripple_TLL26-27	90	371973
185.9885	0.0465	ripple_TLL27-28	91	371977
186.005	0.0385	ripple_TLL11-12	76	372010
186.016	0.052	ripple_TLL22-23	87	372032
186.018	0.0405	ripple_TLL1-2	74	372036
186.019	0.048	ripple_TLL23-24	88	372038
186.02	0.1955	ripple_TLL29-30	93	372040
186.0615	0.0785	ripple_TLL31-32	96	372123
186.072	0.2265	ripple_TLL19-20	83	372144
186.076	0.044	ripple_TLL30-31	95	372152
186.092	0.083	ripple_TLL7-8	100	372184
186.095	0.0325	ripple_TLL28-29	92	372190
186.0995	0.0655	ripple_TLL23-24	88	372199
186.1005	0.0945	ripple_TLL22-23	87	372201
186.124	0.1255	ripple_TLL14-15	79	372248
186.144	0.038	ripple_TLL18-19	82	372288
186.184	0.0365	ripple_TLL20-21	85	372368
186.185	0.1795	ripple_TLL21-22	86	372370
186.207	0.241	ripple_TLL1-2	74	372414
186.2075	0.0675	ripple_TLL31-32	96	372415
186.2105	0.0425	ripple_TBPL2-3	72	372421
186.2375	0.038	ripple_TLL22-23	87	372475
186.287	0.0275	ripple_TLL20-21	85	372574
186.2915	0.0495	ripple_TLL30-31	95	372583
186.301	0.046	ripple_TLL14-15	79	372602
186.308	0.0585	ripple_TLL2-3	84	372616
186.3135	0.0645	ripple_TBPL2-3	72	372627
186.3205	0.0525	ripple_TLL26-27	90	372641
186.321	0.11	ripple_TLL27-28	91	372642
186.343	0.0795	ripple_TLL23-24	88	372686
186.3465	0.0445	ripple_TLL31-32	96	372693
186.3575	0.0685	ripple_TLL22-23	87	372715
186.388	0.078	ripple_TBPL3-4	73	372776
186.393	0.041	ripple_TLL7-8	100	372786
186.3945	0.045	ripple_TLL6-7	99	372789
186.395	0.1175	ripple_TLL21-22	86	372790
186.3975	0.0355	ripple_TLL2-3	84	372795
186.441	0.0835	ripple_TLL20-21	85	372882
186.473	0.04	ripple_TLL11-12	76	372946
186.4795	0.158	ripple_TBPL1-2	71	372959
186.482	0.053	ripple_TLL31-32	96	372964
186.505	0.067	ripple_TLL14-15	79	373010
186.5085	0.0925	ripple_TLL23-24	88	373017
186.51	0.0895	ripple_TLL22-23	87	373020
186.512	0.1	ripple_TLL30-31	95	373024
186.5265	0.038	ripple_TBPL3-4	73	373053
186.5325	0.0915	ripple_TLL1-2	74	373065
186.533	0.0905	ripple_TBPL2-3	72	373066
186.5575	0.054	ripple_TLL2-3	84	373115
186.561	0.067	ripple_TLL29-30	93	373122
186.6085	0.0495	ripple_TLL3-4	94	373217
186.614	0.071	ripple_TLL7-8	100	373228
186.6265	0.1675	ripple_TLL21-22	86	373253
186.6285	0.1205	ripple_TLL6-7	99	373257
186.6335	0.051	ripple_TBPL3-4	73	373267
186.635	0.035	ripple_TLL20-21	85	373270
186.6555	0.0515	ripple_TLL30-31	95	373311
186.66	0.031	ripple_TBAL1-2	68	373320
186.6735	0.029	ripple_TLL31-32	96	373347
186.6735	0.055	ripple_TLL19-20	83	373347
186.681	0.052	ripple_TLL2-3	84	373362
186.6865	0.059	ripple_TLL28-29	92	373373
186.69	0.057	ripple_TLL23-24	88	373380
186.703	0.0495	ripple_TBPL2-3	72	373406
186.711	0.041	ripple_TLL7-8	100	373422
186.7315	0.045	ripple_TLL29-30	93	373463
186.741	0.045	ripple_TBPL1-2	71	373482
186.744	0.0785	ripple_TLL18-19	82	373488
186.7565	0.0405	ripple_TLL17-18	81	373513
186.7605	0.057	ripple_TLL9-10	101	373521
186.7645	0.07	ripple_TLL31-32	96	373529
186.7665	0.0515	ripple_TLL19-20	83	373533
186.7775	0.0565	ripple_TLL6-7	99	373555
186.798	0.0805	ripple_TLL30-31	95	373596
186.8425	0.0445	ripple_TLL29-30	93	373685
186.8665	0.2135	ripple_TLL21-22	86	373733
186.881	0.0385	ripple_TLL15-16	80	373762
186.884	0.0935	ripple_TBPL2-3	72	373768
186.8855	0.066	ripple_TBPL1-2	71	373771
186.8965	0.058	ripple_TLL28-29	92	373793
186.902	0.0405	ripple_TLL11-12	76	373804
186.9145	0.167	ripple_TLL2-3	84	373829
186.919	0.071	ripple_TLL27-28	91	373838
186.924	0.036	ripple_TLL26-27	90	373848
186.9305	0.0715	ripple_TLL3-4	94	373861
186.934	0.1455	ripple_TLL23-24	88	373868
186.934	0.1455	fr_TLL23-24	21	373868
186.934	0.1455	frandr_TLL23-24	55	373868
186.942	0.13	ripple_TLL22-23	87	373884
186.9535	0.209	ripple_TLL31-32	96	373907
186.966	0.049	ripple_TLL12-13	77	373932
186.9765	0.03	ripple_TLL4-5	97	373953
186.9845	0.0305	ripple_TLL29-30	93	373969
187.0135	0.068	ripple_TLL20-21	85	374027
187.035	0.0385	ripple_TLL7-8	100	374070
187.039	0.029	ripple_TLL6-7	99	374078
187.0405	0.131	ripple_TLL14-15	79	374081
187.0685	0.036	ripple_TLL18-19	82	374137
187.0685	0.2145	ripple_TLL19-20	83	374137
187.0955	0.084	ripple_TLL30-31	95	374191
187.139	0.125	ripple_TLL22-23	87	374278
187.1645	0.1105	ripple_TBPL1-2	71	374329
187.1885	0.063	ripple_TLL31-32	96	374377
187.191	0.069	ripple_TLL23-24	88	374382
187.2085	0.111	ripple_TLL29-30	93	374417
187.2165	0.033	ripple_TLL18-19	82	374433
187.218	0.0835	ripple_TLL30-31	95	374436
187.219	0.055	ripple_TLL9-10	101	374438
187.2245	0.09	ripple_TLL20-21	85	374449
187.241	0.1295	ripple_TLL2-3	84	374482
187.248	0.025	ripple_TLL3-4	94	374496
187.2525	0.073	ripple_TLL1-2	74	374505
187.2575	0.0805	ripple_TLL7-8	100	374515
187.267	0.122	ripple_TLL14-15	79	374534
187.274	0.062	ripple_TLL17-18	81	374548
187.3095	0.07	ripple_TLL22-23	87	374619
187.318	0.0355	ripple_TLL18-19	82	374636
187.3195	0.0575	ripple_TLL26-27	90	374639
187.3495	0.0875	ripple_TLL6-7	99	374699
187.3605	0.0485	ripple_TLL31-32	96	374721
187.365	0.081	ripple_TLL19-20	83	374730
187.37	0.0755	ripple_TLL7-8	100	374740
187.3725	0.1405	ripple_TLL29-30	93	374745
187.377	0.0655	ripple_TLL18-19	82	374754
187.379	0.048	ripple_TLL10-11	75	374758
187.3815	0.2635	ripple_TLL20-21	85	374763
187.382	0.171	ripple_TBPL2-3	72	374764
187.3825	0.028	ripple_TLL23-24	88	374765
187.387	0.0515	ripple_TLL1-2	74	374774
187.4015	0.066	ripple_TLL28-29	92	374803
187.421	0.191	ripple_TLL22-23	87	374842
187.4625	0.0355	ripple_TLL31-32	96	374925
187.468	0.0365	ripple_TLL14-15	79	374936
187.473	0.149	ripple_TLL23-24	88	374946
187.4755	0.0495	ripple_TLL18-19	82	374951
187.4775	0.044	ripple_TLL2-3	84	374955
187.4855	0.039	ripple_TLL6-7	99	374971
187.4865	0.033	ripple_TLL21-22	86	374973
187.4975	0.0425	ripple_TLL1-2	74	374995
187.5105	0.0495	ripple_TLL19-20	83	375021
187.5395	0.0505	ripple_TLL27-28	91	375079
187.544	0.1255	ripple_TLL11-12	76	375088
187.555	0.0285	ripple_TLL30-31	95	375110
187.56	0.058	ripple_TLL1-2	74	375120
187.5805	0.059	ripple_TLL6-7	99	375161
187.586	0.0905	ripple_TBPL1-2	71	375172
187.5905	0.047	ripple_TLL14-15	79	375181
187.6035	0.033	ripple_TLL19-20	83	375207
187.6055	0.0455	ripple_TLL21-22	86	375211
187.6075	0.043	ripple_TLL10-11	75	375215
187.6165	0.05	ripple_TLL7-8	100	375233
187.617	0.0765	ripple_TLL30-31	95	375234
187.66	0.0325	ripple_TLL31-32	96	375320
187.68	0.074	ripple_TLL27-28	91	375360
187.712	0.0985	ripple_TLL28-29	92	375424
187.7185	0.0865	ripple_TLL30-31	95	375437
187.7235	0.2265	ripple_TLL22-23	87	375447
187.7295	0.058	ripple_TLL19-20	83	375459
187.73	0.115	ripple_TLL23-24	88	375460
187.7315	0.15	ripple_TLL20-21	85	375463
187.734	0.043	ripple_TLL10-11	75	375468
187.7565	0.0835	ripple_TLL31-32	96	375513
187.767	0.0375	ripple_TLL18-19	82	375534
187.792	0.031	ripple_TLL15-16	80	375584
187.8065	0.0315	ripple_TLL2-3	84	375613
187.81	0.0725	ripple_TBPL2-3	72	375620
187.8225	0.035	ripple_TLL21-22	86	375645
187.8385	0.0535	ripple_TLL1-2	74	375677
187.849	0.04	ripple_TLL30-31	95	375698
187.8545	0.043	ripple_TBPL1-2	71	375709
187.856	0.0785	ripple_TLL19-20	83	375712
187.8565	0.078	ripple_TLL14-15	79	375713
187.8615	0.0765	ripple_TLL18-19	82	375723
187.891	0.0415	ripple_TLL28-29	92	375782
187.9085	0.029	ripple_TBPL3-4	73	375817
187.9205	0.045	ripple_TLL4-5	97	375841
187.9225	0.0295	ripple_TLL23-24	88	375845
187.927	0.0435	ripple_TLL21-22	86	375854
187.9425	0.059	ripple_TLL3-4	94	375885
187.9515	0.049	ripple_TLL6-7	99	375903
187.952	0.211	ripple_TLL2-3	84	375904
187.9645	0.141	ripple_TLL19-20	83	375929
187.9705	0.0445	ripple_TLL30-31	95	375941
187.9925	0.0765	ripple_TLL20-21	85	375985
187.9955	0.037	ripple_TLL28-29	92	375991
187.997	0.0485	ripple_TLL21-22	86	375994
188.008	0.0455	ripple_TLL23-24	88	376016
188.0115	0.041	ripple_TLL22-23	87	376023
188.02	0.096	ripple_TLL15-16	80	376040
188.0205	0.096	ripple_TLL1-2	74	376041
188.0295	0.2095	ripple_TLL14-15	79	376059
188.0355	0.0555	ripple_TLL27-28	91	376071
188.0375	0.034	ripple_TLL10-11	75	376075
188.0425	0.0285	ripple_TLL18-19	82	376085
188.0445	0.04	ripple_TLL26-27	90	376089
188.05	0.119	ripple_TLL31-32	96	376100
188.061	0.0345	ripple_TLL9-10	101	376122
188.0795	0.0595	ripple_TBPL2-3	72	376159
188.086	0.2865	ripple_TLL22-23	87	376172
188.0955	0.188	ripple_TLL30-31	95	376191
188.099	0.13	ripple_TBPL1-2	71	376198
188.0995	0.035	ripple_TLL20-21	85	376199
188.1005	0.038	ripple_TLL7-8	100	376201
188.1145	0.1565	ripple_TLL29-30	93	376229
188.134	0.164	ripple_TLL23-24	88	376268
188.1375	0.043	ripple_TLL27-28	91	376275
188.1605	0.05	ripple_TBPL2-3	72	376321
188.163	0.0425	ripple_TLL15-16	80	376326
188.163	0.063	ripple_TLL7-8	100	376326
188.165	0.0975	ripple_TLL6-7	99	376330
188.167	0.0645	ripple_TLL20-21	85	376334
188.185	0.0475	ripple_TLL19-20	83	376370
188.2385	0.078	ripple_TLL1-2	74	376477
188.2385	0.078	fr_TLL1-2	7	376477
188.2385	0.078	frandr_TLL1-2	41	376477
188.2425	0.0555	ripple_TLL13-14	78	376485
188.265	0.213	ripple_TLL31-32	96	376530
188.267	0.1175	ripple_TLL19-20	83	376534
188.271	0.072	ripple_TLL20-21	85	376542
188.272	0.043	ripple_TLL21-22	86	376544
188.2995	0.0585	ripple_TLL2-3	84	376599
188.309	0.053	ripple_TLL7-8	100	376618
188.31	0.037	ripple_TLL17-18	81	376620
188.31	0.0445	ripple_TLL9-10	101	376620
188.316	0.056	ripple_TLL4-5	97	376632
188.3385	0.479	ripple_TLL29-30	93	376677
188.339	0.0555	ripple_TLL21-22	86	376678
188.347	0.063	ripple_TLL18-19	82	376694
188.376	0.037	ripple_TLL20-21	85	376752
188.384	0.06	ripple_TLL11-12	76	376768
188.389	0.0425	ripple_TLL14-15	79	376778
188.411	0.056	ripple_TLL7-8	100	376822
188.4125	0.2955	ripple_TLL19-20	83	376825
188.4125	0.2955	fr_TLL19-20	16	376825
188.4125	0.2955	frandr_TLL19-20	50	376825
188.419	0.155	ripple_TLL22-23	87	376838
188.4225	0.034	ripple_TLL30-31	95	376845
188.4305	0.035	ripple_TLL1-2	74	376861
188.4335	0.039	ripple_TLL2-3	84	376867
188.4385	0.0955	ripple_TLL18-19	82	376877
188.443	0.0345	ripple_TLL21-22	86	376886
188.444	0.0535	ripple_TLL20-21	85	376888
188.4485	0.03	ripple_TLL4-5	97	376897
188.462	0.04	ripple_TBPL3-4	73	376924
188.462	0.041	ripple_TLL13-14	78	376924
188.479	0.0395	ripple_TLL28-29	92	376958
188.492	0.085	ripple_TLL23-24	88	376984
188.5095	0.0355	ripple_TBPL2-3	72	377019
188.5175	0.0985	ripple_TLL31-32	96	377035
188.5295	0.08	ripple_TLL20-21	85	377059
188.5355	0.039	ripple_TLL7-8	100	377071
188.5365	0.0345	ripple_TLL6-7	99	377073
188.542	0.047	ripple_TLL28-29	92	377084
188.549	0.072	ripple_TLL1-2	74	377098
188.5655	0.191	ripple_TBPL1-2	71	377131
188.5835	0.037	ripple_TBPL3-4	73	377167
188.596	0.0275	ripple_TLL6-7	99	377192
188.603	0.0715	ripple_TLL18-19	82	377206
188.608	0.1055	ripple_TLL7-8	100	377216
188.6335	0.1035	ripple_TLL20-21	85	377267
188.669	0.074	ripple_TBPL3-4	73	377338
188.6845	0.0515	ripple_TLL21-22	86	377369
188.698	0.043	ripple_TLL3-4	94	377396
188.7025	0.071	ripple_TLL4-5	97	377405
188.709	0.0445	ripple_TLL31-32	96	377418
188.7165	0.0435	ripple_TLL10-11	75	377433
188.718	0.0815	ripple_TLL28-29	92	377436
188.72	0.0345	ripple_TLL11-12	76	377440
188.7225	0.169	ripple_TLL6-7	99	377445
188.7245	0.045	ripple_TLL14-15	79	377449
188.7275	0.0695	ripple_TLL1-2	74	377455
188.743	0.058	ripple_TLL30-31	95	377486
188.756	0.0585	ripple_TLL27-28	91	377512
188.7635	0.217	ripple_TBPL2-3	72	377527
188.767	0.034	ripple_TLL18-19	82	377534
188.7775	0.1565	ripple_TLL2-3	84	377555
188.778	0.039	ripple_TLL21-22	86	377556
188.778	0.048	ripple_TLL3-4	94	377556
188.7815	0.0975	ripple_TLL15-16	80	377563
188.7935	0.0435	ripple_TLL11-12	76	377587
188.795	0.048	ripple_TLL13-14	78	377590
188.8405	0.056	ripple_TLL10-11	75	377681
188.855	0.0755	ripple_TLL21-22	86	377710
188.857	0.0825	ripple_TLL19-20	83	377714
188.869	0.1075	ripple_TLL5-6	98	377738
188.8735	0.059	ripple_TLL18-19	82	377747
188.8735	0.059	fr_TLL18-19	15	377747
188.8735	0.059	frandr_TLL18-19	49	377747
188.8765	0.0495	ripple_TLL3-4	94	377753
188.8765	0.266	ripple_TLL29-30	93	377753
188.88	0.0725	ripple_TLL23-24	88	377760
188.881	0.0865	ripple_TLL22-23	87	377762
188.915	0.0375	ripple_TLL7-8	100	377830
188.922	0.0415	ripple_TLL28-29	92	377844
188.9295	0.2095	ripple_TLL31-32	96	377859
188.9305	0.0385	ripple_TLL20-21	85	377861
188.933	0.0375	ripple_TLL10-11	75	377866
188.9525	0.2975	ripple_TBPL1-2	71	377905
188.9525	0.2975	fr_TBPL1-2	4	377905
188.9525	0.2975	frandr_TBPL1-2	38	377905
188.96	0.139	ripple_TLL2-3	84	377920
188.977	0.134	ripple_TLL21-22	86	377954
188.9855	0.116	ripple_TLL1-2	74	377971
188.988	0.0355	ripple_TLL19-20	83	377976
188.9885	0.0755	ripple_TLL30-31	95	377977
188.9975	0.1015	ripple_TLL18-19	82	377995
189.049	0.038	ripple_TBPL3-4	73	378098
189.055	0.0685	ripple_TLL20-21	85	378110
189.0685	0.0435	ripple_TLL15-16	80	378137
189.121	0.05	ripple_TLL14-15	79	378242
189.1215	0.1295	ripple_TBPL2-3	72	378243
189.1225	0.121	ripple_TLL1-2	74	378245
189.13	0.059	ripple_TLL28-29	92	378260
189.1475	0.057	ripple_TLL26-27	90	378295
189.149	0.034	ripple_TLL22-23	87	378298
189.1505	0.153	ripple_TLL21-22	86	378301
189.1515	0.079	ripple_TLL2-3	84	378303
189.157	0.064	ripple_TLL27-28	91	378314
189.182	0.086	ripple_TLL20-21	85	378364
189.189	0.103	ripple_TLL30-31	95	378378
189.1965	0.22	ripple_TLL19-20	83	378393
189.2015	0.144	ripple_TLL29-30	93	378403
189.2195	0.109	ripple_TLL31-32	96	378439
189.2405	0.181	ripple_TLL7-8	100	378481
189.2595	0.041	ripple_TLL14-15	79	378519
189.277	0.132	ripple_TLL22-23	87	378554
189.2825	0.0295	ripple_TLL4-5	97	378565
189.3065	0.1585	ripple_TLL1-2	74	378613
189.3095	0.307	ripple_TLL2-3	84	378619
189.31	0.0955	ripple_TLL15-16	80	378620
189.3255	0.268	ripple_TLL20-21	85	378651
189.3355	0.0665	ripple_TLL14-15	79	378671
189.344	0.0355	ripple_TLL30-31	95	378688
189.349	0.0175	fr_TLL13-14	11	378698
189.35	0.0605	ripple_TBPL1-2	71	378700
189.361	0.079	ripple_TLL31-32	96	378722
189.3815	0.111	ripple_TBPL2-3	72	378763
189.383	0.088	ripple_TLL27-28	91	378766
189.418	0.082	ripple_TLL30-31	95	378836
189.432	0.083	ripple_TLL21-22	86	378864
189.436	0.036	ripple_TLL26-27	90	378872
189.462	0.039	ripple_TLL13-14	78	378924
189.464	0.014	fr_TLL9-10	34	378928
189.519	0.072	ripple_TLL19-20	83	379038
189.521	0.066	ripple_TLL7-8	100	379042
189.5625	0.0135	fr_TLL4-5	30	379125
189.57	0.0565	ripple_TLL13-14	78	379140
189.572	0.0855	ripple_TLL1-2	74	379144
189.586	0.069	ripple_TLL31-32	96	379172
189.598	0.028	ripple_TLL14-15	79	379196
189.6015	0.0435	ripple_TLL28-29	92	379203
189.608	0.066	ripple_TLL6-7	99	379216
189.61	0.034	ripple_TLL3-4	94	379220
189.616	0.0665	ripple_TLL7-8	100	379232
189.6185	0.0525	ripple_TLL19-20	83	379237
189.6455	0.0505	ripple_TLL18-19	82	379291
189.6645	0.04	ripple_TLL23-24	88	379329
189.6655	0.2135	ripple_TLL22-23	87	379331
189.675	0.046	ripple_TLL20-21	85	379350
189.676	0.071	ripple_TBPL2-3	72	379352
189.682	0.064	ripple_TLL31-32	96	379364
189.6855	0.0705	ripple_TLL1-2	74	379371
189.687	0.108	ripple_TLL5-6	98	379374
189.6895	0.0975	ripple_TLL29-30	93	379379
189.7055	0.0555	ripple_TLL14-15	79	379411
189.7185	0.1745	ripple_TLL2-3	84	379437
189.73	0.0535	ripple_TBPL3-4	73	379460
189.7305	0.0415	ripple_TLL28-29	92	379461
189.745	0.049	ripple_TLL20-21	85	379490
189.7495	0.1665	ripple_TBPL1-2	71	379499
189.7525	0.05	ripple_TLL30-31	95	379505
189.7555	0.046	ripple_TLL26-27	90	379511
189.757	0.0545	ripple_TLL18-19	82	379514
189.7805	0.0435	ripple_TLL19-20	83	379561
189.793	0.1275	ripple_TLL15-16	80	379586
189.806	0.0995	ripple_TLL31-32	96	379612
189.812	0.084	ripple_TLL1-2	74	379624
189.818	0.061	ripple_TBPL2-3	72	379636
189.828	0.0385	ripple_TLL30-31	95	379656
189.8295	0.0575	ripple_TLL14-15	79	379659
189.8635	0.188	ripple_TLL20-21	85	379727
189.8685	0.0715	ripple_TLL21-22	86	379737
189.8875	0.079	ripple_TLL18-19	82	379775
189.897	0.125	ripple_TLL27-28	91	379794
189.9005	0.035	ripple_TLL23-24	88	379801
189.9025	0.051	ripple_TLL19-20	83	379805
189.924	0.1355	ripple_TBPL2-3	72	379848
189.926	0.125	ripple_TLL2-3	84	379852
189.9315	0.117	ripple_TLL30-31	95	379863
189.933	0.1055	ripple_TLL29-30	93	379866
189.972	0.2605	ripple_TLL22-23	87	379944
189.976	0.08	ripple_TLL19-20	83	379952
189.9765	0.0365	ripple_TLL15-16	80	379953
189.9855	0.0345	ripple_TLL9-10	101	379971
189.9945	0.0515	ripple_TLL7-8	100	379989
189.995	0.0765	ripple_TLL6-7	99	379990
190.0375	0.076	ripple_TLL1-2	74	380075
190.082	0.2645	ripple_TLL29-30	93	380164
190.0865	0.052	ripple_TBPL2-3	72	380173
190.0915	0.057	ripple_TLL28-29	92	380183
190.095	0.0825	ripple_TLL20-21	85	380190
190.1105	0.1595	ripple_TLL23-24	88	380221
190.123	0.3825	ripple_TLL30-31	95	380246
190.1315	0.061	ripple_TLL6-7	99	380263
190.1575	0.087	ripple_TLL7-8	100	380315
190.1595	0.139	ripple_TLL13-14	78	380319
190.1615	0.0435	ripple_TLL14-15	79	380323
190.1875	0.058	ripple_TLL31-32	96	380375
190.203	0.059	ripple_TLL21-22	86	380406
190.204	0.0415	ripple_TLL18-19	82	380408
190.2075	0.3115	ripple_TLL19-20	83	380415
190.2125	0.05	ripple_TBPL2-3	72	380425
190.2255	0.448	ripple_TBPL1-2	71	380451
190.2475	0.046	ripple_TLL4-5	97	380495
190.2895	0.0425	ripple_TLL20-21	85	380579
190.2895	0.212	ripple_TBPL2-3	72	380579
190.2995	0.0305	ripple_TLL28-29	92	380599
190.3005	0.0125	fr_TLL22-23	20	380601
190.31	0.094	ripple_TLL1-2	74	380620
190.3405	0.0635	ripple_TLL2-3	84	380681
190.357	0.0575	ripple_TLL11-12	76	380714
190.357	0.061	ripple_TBAL2-3	69	380714
190.37	0.046	ripple_TLL4-5	97	380740
190.395	0.098	ripple_TLL29-30	93	380790
190.409	0.0455	ripple_TLL13-14	78	380818
190.415	0.1525	ripple_TLL31-32	96	380830
190.416	0.0815	ripple_TLL14-15	79	380832
190.461	0.056	ripple_TLL1-2	74	380922
190.4835	0.075	ripple_TLL15-16	80	380967
190.484	0.045	ripple_TLL22-23	87	380968
190.484	0.0935	ripple_TLL13-14	78	380968
190.488	0.0285	ripple_TBPL3-4	73	380976
190.4965	0.024	ripple_TLL28-29	92	380993
190.4995	0.075	ripple_TLL7-8	100	380999
190.5225	0.159	ripple_TLL6-7	99	381045
190.5275	0.048	ripple_TLL29-30	93	381055
190.532	0.035	ripple_TBAL1-2	68	381064
190.5325	0.038	ripple_TLL5-6	98	381065
190.534	0.0655	ripple_TBPL2-3	72	381068
190.5525	0.122	ripple_TLL1-2	74	381105
190.56	0.0875	ripple_TLL14-15	79	381120
190.5725	0.04	ripple_TLL23-24	88	381145
190.5805	0.0435	ripple_TLL27-28	91	381161
190.5835	0.0205	fr_TLL19-20	16	381167
190.5835	0.079	ripple_TLL21-22	86	381167
190.584	0.0695	ripple_TLL26-27	90	381168
190.5955	0.0505	ripple_TLL18-19	82	381191
190.6005	0.0675	ripple_TLL13-14	78	381201
190.608	0.1515	ripple_TLL31-32	96	381216
190.619	0.037	ripple_TBPL3-4	73	381238
190.623	0.0345	ripple_TLL28-29	92	381246
190.625	0.063	ripple_TLL29-30	93	381250
190.6405	0.0365	ripple_TLL7-8	100	381281
190.6495	0.23	ripple_TLL20-21	85	381299
190.659	0.0375	ripple_TLL2-3	84	381318
190.665	0.0295	ripple_TLL22-23	87	381330
190.6675	0.0885	ripple_TLL18-19	82	381335
190.6835	0.0435	ripple_TBPL2-3	72	381367
190.7115	0.047	ripple_TLL30-31	95	381423
190.7275	0.058	ripple_TLL2-3	84	381455
190.7305	0.0485	ripple_TLL1-2	74	381461
190.736	0.1155	ripple_TLL21-22	86	381472
190.7685	0.0565	ripple_TLL9-10	101	381537
190.78	0.036	ripple_TLL18-19	82	381560
190.8145	0.1285	ripple_TLL1-2	74	381629
190.8185	0.146	ripple_TLL6-7	99	381637
190.8205	0.2005	ripple_TBPL2-3	72	381641
190.8215	0.0415	ripple_TLL31-32	96	381643
190.8235	0.0325	ripple_TLL30-31	95	381647
190.84	0.058	ripple_TLL4-5	97	381680
190.851	0.0725	ripple_TLL14-15	79	381702
190.855	0.04	ripple_TLL15-16	80	381710
190.857	0.069	ripple_TLL17-18	81	381714
190.8665	0.1215	ripple_TLL2-3	84	381733
190.882	0.037	ripple_TLL13-14	78	381764
190.902	0.136	ripple_TLL31-32	96	381804
190.909	0.056	ripple_TLL7-8	100	381818
190.912	0.041	ripple_TBPL3-4	73	381824
190.9175	0.1005	ripple_TLL29-30	93	381835
190.92	0.0735	ripple_TLL30-31	95	381840
190.9235	0.04	ripple_TLL28-29	92	381847
190.9535	0.0945	ripple_TLL15-16	80	381907
190.959	0.098	ripple_TLL19-20	83	381918
190.965	0.014	fr_TBAL3-4	3	381930
190.965	0.05	ripple_TLL13-14	78	381930
190.9845	0.036	ripple_TBAL1-2	68	381969
191.013	0.0325	ripple_TBPL1-2	71	382026
191.0195	0.0325	ripple_TLL30-31	95	382039
191.034	0.164	ripple_TLL3-4	94	382068
191.0345	0.032	ripple_TLL17-18	81	382069
191.037	0.039	ripple_TLL18-19	82	382074
191.0585	0.1035	ripple_TLL14-15	79	382117
191.065	0.123	ripple_TLL31-32	96	382130
191.099	0.0375	ripple_TLL15-16	80	382198
191.0995	0.0515	ripple_TLL30-31	95	382199
191.1005	0.0535	ripple_TLL11-12	76	382201
191.1035	0.0555	ripple_TLL2-3	84	382207
191.1175	0.1965	ripple_TLL13-14	78	382235
191.1355	0.196	ripple_TLL21-22	86	382271
191.1505	0.054	ripple_TLL23-24	88	382301
191.1515	0.0145	fr_TLL17-18	14	382303
191.153	0.31	ripple_TBPL1-2	71	382306
191.164	0.0385	ripple_TLL5-6	98	382328
191.1685	0.1025	ripple_TLL6-7	99	382337
191.1705	0.0375	ripple_TLL15-16	80	382341
191.187	0.1135	ripple_TLL7-8	100	382374
191.1875	0.0465	ripple_TLL2-3	84	382375
191.1895	0.049	ripple_TLL1-2	74	382379
191.1945	0.732	ripple_TLL30-31	95	382389
191.227	0.0335	ripple_TLL26-27	90	382454
191.229	0.035	ripple_TLL4-5	97	382458
191.2295	0.1665	ripple_TLL20-21	85	382459
191.263	0.1625	ripple_TLL14-15	79	382526
191.2685	0.185	ripple_TLL1-2	74	382537
191.279	0.0855	ripple_TLL2-3	84	382558
191.3145	0.071	ripple_TLL29-30	93	382629
191.317	0.038	ripple_TLL3-4	94	382634
191.3345	0.046	ripple_TLL5-6	98	382669
191.3385	0.054	ripple_TLL6-7	99	382677
191.339	0.153	ripple_TLL18-19	82	382678
191.3405	0.0355	ripple_TLL13-14	78	382681
191.3495	0.059	ripple_TLL11-12	76	382699
191.358	0.034	ripple_TLL19-20	83	382716
191.387	0.053	ripple_TLL15-16	80	382774
191.4055	0.085	ripple_TLL29-30	93	382811
191.414	0.0925	ripple_TLL21-22	86	382828
191.415	0.0365	ripple_TLL12-13	77	382830
191.427	0.0315	ripple_TBPL2-3	72	382854
191.437	0.0495	ripple_TLL6-7	99	382874
191.4385	0.078	ripple_TLL22-23	87	382877
191.4505	0.055	ripple_TLL3-4	94	382901
191.46	0.26	ripple_TLL31-32	96	382920
191.4675	0.0705	ripple_TLL20-21	85	382935
191.4715	0.125	ripple_TLL7-8	100	382943
191.4785	0.084	ripple_TLL27-28	91	382957
191.4985	0.0955	ripple_TLL19-20	83	382997
191.5015	0.0515	ripple_TLL1-2	74	383003
191.504	0.042	ripple_TBPL1-2	71	383008
191.5055	0.034	ripple_TBPL2-3	72	383011
191.524	0.063	ripple_TLL2-3	84	383048
191.53	0.0635	ripple_TLL6-7	99	383060
191.531	0.1455	ripple_TLL14-15	79	383062
191.5325	0.0455	ripple_TLL21-22	86	383065
191.5335	0.0665	ripple_TLL3-4	94	383067
191.5425	0.04	ripple_TLL28-29	92	383085
191.5445	0.047	ripple_TLL4-5	97	383089
191.5715	0.1075	ripple_TLL15-16	80	383143
191.588	0.0785	ripple_TLL18-19	82	383176
191.612	0.068	ripple_TLL23-24	88	383224
191.6195	0.0685	ripple_TLL22-23	87	383239
191.6275	0.399	ripple_TLL20-21	85	383255
191.6365	0.282	ripple_TLL7-8	100	383273
191.64	0.3345	ripple_TBPL1-2	71	383280
191.648	0.2255	ripple_TLL29-30	93	383296
191.691	0.0315	ripple_TLL18-19	82	383382
191.695	0.036	ripple_TLL3-4	94	383390
191.7035	0.0815	ripple_TLL19-20	83	383407
191.707	0.054	ripple_TLL2-3	84	383414
191.707	0.145	ripple_TBPL2-3	72	383414
191.722	0.0675	ripple_TLL14-15	79	383444
191.7315	0.061	ripple_TLL15-16	80	383463
191.7385	0.0495	ripple_TLL12-13	77	383477
191.74	0.0435	ripple_TLL11-12	76	383480
191.77	0.039	ripple_TLL6-7	99	383540
191.79	0.043	ripple_TLL18-19	82	383580
191.8205	0.099	ripple_TLL15-16	80	383641
191.8425	0.045	ripple_TLL22-23	87	383685
191.8475	0.0415	ripple_TLL23-24	88	383695
191.8475	0.0765	ripple_TLL14-15	79	383695
191.8495	0.2135	ripple_TLL31-32	96	383699
191.856	0.0375	ripple_TLL4-5	97	383712
191.863	0.039	ripple_TLL6-7	99	383726
191.8735	0.182	ripple_TBPL2-3	72	383747
191.8785	0.099	ripple_TLL18-19	82	383757
191.882	0.012	fr_TLL5-6	31	383764
191.8975	0.035	ripple_TLL19-20	83	383795
191.912	0.1095	ripple_TLL21-22	86	383824
191.95	0.046	ripple_TLL30-31	95	383900
191.959	0.059	ripple_TLL22-23	87	383918
191.959	0.063	ripple_TLL23-24	88	383918
191.962	0.0185	fr_TBAL3-4	3	383924
191.9655	0.04	ripple_TLL1-2	74	383931
191.968	0.034	ripple_TLL17-18	81	383936
191.9985	0.046	ripple_TLL15-16	80	383997
192.0015	0.0475	ripple_TLL14-15	79	384003
192.023	0.0395	ripple_TBPL3-4	73	384046
192.039	0.055	ripple_TLL18-19	82	384078
192.0425	0.159	ripple_TLL22-23	87	384085
192.069	0.1315	ripple_TLL21-22	86	384138
192.074	0.0315	ripple_TLL15-16	80	384148
192.079	0.065	ripple_TLL29-30	93	384158
192.0935	0.058	ripple_TLL2-3	84	384187
192.109	0.146	ripple_TLL20-21	85	384218
192.1215	0.1765	ripple_TLL23-24	88	384243
192.123	0.0955	ripple_TBPL2-3	72	384246
192.1345	0.143	ripple_TLL1-2	74	384269
192.146	0.073	ripple_TLL19-20	83	384292
192.1865	0.264	ripple_TLL14-15	79	384373
192.2015	0.0455	ripple_TLL6-7	99	384403
192.2265	0.0575	ripple_TLL29-30	93	384453
192.2455	0.035	ripple_TLL2-3	84	384491
192.249	0.031	ripple_TLL7-8	100	384498
192.2495	0.0455	ripple_TLL13-14	78	384499
192.2605	0.038	ripple_TLL22-23	87	384521
192.289	0.14	ripple_TLL19-20	83	384578
192.3	0.1065	ripple_TLL15-16	80	384600
192.307	0.1615	ripple_TBPL3-4	73	384614
192.332	0.0515	ripple_TLL6-7	99	384664
192.3415	0.0625	ripple_TLL3-4	94	384683
192.342	0.069	ripple_TLL17-18	81	384684
192.345	0.1485	ripple_TLL20-21	85	384690
192.354	0.0305	ripple_TLL10-11	75	384708
192.356	0.0325	ripple_TLL1-2	74	384712
192.358	0.1015	ripple_TLL21-22	86	384716
192.36	0.0665	ripple_TBPL2-3	72	384720
192.3645	0.1125	ripple_TLL30-31	95	384729
192.373	0.0495	ripple_TLL31-32	96	384746
192.396	0.064	ripple_TLL7-8	100	384792
192.4095	0.063	ripple_TLL28-29	92	384819
192.415	0.034	ripple_TLL18-19	82	384830
192.4405	0.053	ripple_TLL23-24	88	384881
192.4445	0.2215	ripple_TLL22-23	87	384889
192.449	0.0335	ripple_TBAL1-2	68	384898
192.4495	0.07	ripple_TLL1-2	74	384899
192.4775	0.0545	ripple_TLL14-15	79	384955
192.482	0.05	ripple_TLL2-3	84	384964
192.495	0.104	ripple_TLL31-32	96	384990
192.4955	0.038	ripple_TLL19-20	83	384991
192.4955	0.0405	ripple_TLL15-16	80	384991
192.5015	0.054	ripple_TLL9-10	101	385003
192.504	0.0385	ripple_TBPL3-4	73	385008
192.525	0.1015	ripple_TLL29-30	93	385050
192.5265	0.061	ripple_TLL21-22	86	385053
192.537	0.1285	ripple_TLL18-19	82	385074
192.5535	0.0805	ripple_TBPL2-3	72	385107
192.5535	0.1925	ripple_TLL20-21	85	385107
192.574	0.0615	ripple_TLL23-24	88	385148
192.5765	0.0505	ripple_TLL1-2	74	385153
192.5945	0.0425	ripple_TBPL3-4	73	385189
192.597	0.065	ripple_TLL12-13	77	385194
192.6015	0.025	ripple_TLL30-31	95	385203
192.6085	0.178	ripple_TLL14-15	79	385217
192.6195	0.0465	ripple_TLL21-22	86	385239
192.6365	0.057	ripple_TLL19-20	83	385273
192.65	0.0975	ripple_TLL6-7	99	385300
192.6665	0.032	ripple_TLL2-3	84	385333
192.6725	0.031	ripple_TLL29-30	93	385345
192.687	0.014	fr_TBPL1-2	4	385374
192.6915	0.069	ripple_TLL10-11	75	385383
192.7025	0.1525	ripple_TLL31-32	96	385405
192.7045	0.124	ripple_TBPL3-4	73	385409
192.721	0.1345	ripple_TLL13-14	78	385442
192.7245	0.078	ripple_TLL15-16	80	385449
192.74	0.0405	ripple_TLL19-20	83	385480
192.7425	0.088	ripple_TLL30-31	95	385485
192.7675	0.083	ripple_TLL1-2	74	385535
192.778	0.0505	ripple_TLL21-22	86	385556
192.7995	0.0125	fr_TBPL1-2	4	385599
192.831	0.046	ripple_TLL29-30	93	385662
192.8655	0.2195	ripple_TLL21-22	86	385731
192.8675	0.0315	ripple_TLL5-6	98	385735
192.869	0.035	ripple_TLL19-20	83	385738
192.8695	0.051	ripple_TLL15-16	80	385739
192.8775	0.0635	ripple_TBPL3-4	73	385755
192.883	0.048	ripple_TLL11-12	76	385766
192.8885	0.08	ripple_TLL7-8	100	385777
192.8925	0.011	fr_TLL18-19	15	385785
192.893	0.0495	ripple_TLL6-7	99	385786
192.9285	0.176	ripple_TLL31-32	96	385857
192.929	0.073	ripple_TLL3-4	94	385858
192.929	0.074	ripple_TLL9-10	101	385858
192.9385	0.055	ripple_TLL30-31	95	385877
192.94	0.093	ripple_TLL23-24	88	385880
192.942	0.034	ripple_TLL1-2	74	385884
192.944	0.176	ripple_TLL15-16	80	385888
192.9445	0.1085	ripple_TLL14-15	79	385889
192.9465	0.042	ripple_TLL10-11	75	385893
192.9605	0.261	ripple_TLL20-21	85	385921
192.965	0.039	ripple_TLL18-19	82	385930
192.9705	0.0355	ripple_TLL11-12	76	385941
193.0175	0.103	ripple_TLL19-20	83	386035
193.028	0.051	ripple_TLL7-8	100	386056
193.031	0.0565	ripple_TLL28-29	92	386062
193.0515	0.031	ripple_TLL1-2	74	386103
193.0565	0.031	ripple_TLL29-30	93	386113
193.074	0.057	ripple_TLL18-19	82	386148
193.084	0.038	ripple_TLL14-15	79	386168
193.0975	0.045	ripple_TLL30-31	95	386195
193.103	0.1155	ripple_TLL11-12	76	386206
193.1115	0.0845	ripple_TLL22-23	87	386223
193.112	0.0375	ripple_TLL27-28	91	386224
193.115	0.1085	ripple_TLL17-18	81	386230
193.131	0.0895	ripple_TBPL2-3	72	386262
193.1345	0.0625	ripple_TLL21-22	86	386269
193.143	0.797	ripple_TLL7-8	100	386286
193.144	0.0525	ripple_TLL19-20	83	386288
193.149	0.0805	ripple_TLL1-2	74	386298
193.1605	0.0585	ripple_TLL13-14	78	386321
193.1635	0.095	ripple_TLL31-32	96	386327
193.1745	0.0565	ripple_TLL15-16	80	386349
193.1975	0.036	ripple_TLL2-3	84	386395
193.2095	0.037	ripple_TLL27-28	91	386419
193.2275	0.061	ripple_TLL18-19	82	386455
193.2295	0.077	ripple_TLL21-22	86	386459
193.2505	0.0125	fr_TLL22-23	20	386501
193.256	0.057	ripple_TLL29-30	93	386512
193.2615	0.0995	ripple_TLL14-15	79	386523
193.2685	0.059	ripple_TLL15-16	80	386537
193.271	0.0585	ripple_TLL9-10	101	386542
193.276	0.2245	ripple_TBPL2-3	72	386552
193.2785	0.038	ripple_TLL13-14	78	386557
193.283	0.05	ripple_TLL19-20	83	386566
193.2835	0.232	ripple_TLL30-31	95	386567
193.298	0.0305	ripple_TBPL3-4	73	386596
193.309	0.1045	ripple_TLL6-7	99	386618
193.314	0.054	ripple_TLL3-4	94	386628
193.3365	0.245	ripple_TLL20-21	85	386673
193.351	0.328	ripple_TLL29-30	93	386702
193.38	0.1555	ripple_TLL15-16	80	386760
193.3805	0.101	ripple_TLL13-14	78	386761
193.4015	0.052	ripple_TLL5-6	98	386803
193.406	0.1355	ripple_TBPL1-2	71	386812
193.42	0.24	ripple_TLL19-20	83	386840
193.4285	0.069	ripple_TLL31-32	96	386857
193.4435	0.0335	ripple_TLL6-7	99	386887
193.4655	0.0625	ripple_TLL1-2	74	386931
193.4815	0.11	ripple_TLL21-22	86	386963
193.5055	0.0705	ripple_TLL13-14	78	387011
193.506	0.0605	ripple_TLL14-15	79	387012
193.5245	0.0615	ripple_TLL31-32	96	387049
193.525	0.0255	ripple_TLL6-7	99	387050
193.543	0.055	ripple_TLL28-29	92	387086
193.55	0.019	fr_TBAL2-3	2	387100
193.564	0.2165	ripple_TLL30-31	95	387128
193.572	0.049	ripple_TLL1-2	74	387144
193.574	0.0755	ripple_TLL3-4	94	387148
193.6015	0.144	ripple_TBPL2-3	72	387203
193.6235	0.27	ripple_TLL15-16	80	387247
193.6255	0.0475	ripple_TBAL1-2	68	387251
193.71	0.0615	ripple_TLL12-13	77	387420
193.7175	0.039	ripple_TLL1-2	74	387435
193.7195	0.056	ripple_TLL19-20	83	387439
193.7215	0.093	ripple_TLL3-4	94	387443
193.726	0.076	ripple_TLL18-19	82	387452
193.7315	0.0475	ripple_TLL4-5	97	387463
193.7335	0.063	ripple_TLL20-21	85	387467
193.7495	0.087	ripple_TLL29-30	93	387499
193.7505	0.0635	ripple_TLL21-22	86	387501
193.753	0.1245	ripple_TLL6-7	99	387506
193.762	0.044	ripple_TLL5-6	98	387524
193.766	0.0525	ripple_TLL28-29	92	387532
193.7955	0.151	ripple_TBPL2-3	72	387591
193.8055	0.115	ripple_TLL1-2	74	387611
193.82	0.13	ripple_TLL4-5	97	387640
193.8335	0.2	ripple_TLL2-3	84	387667
193.8395	0.082	ripple_TLL18-19	82	387679
193.8395	0.0835	ripple_TLL19-20	83	387679
193.841	0.051	ripple_TLL5-6	98	387682
193.854	0.2165	ripple_TLL30-31	95	387708
193.8555	0.0795	ripple_TLL28-29	92	387711
193.858	0.089	ripple_TLL21-22	86	387716
193.863	0.111	ripple_TLL13-14	78	387726
193.865	0.04	ripple_TLL3-4	94	387730
193.874	0.0685	ripple_TLL20-21	85	387748
193.8795	0.1855	ripple_TLL29-30	93	387759
193.914	0.1205	ripple_TBPL1-2	71	387828
193.925	0.038	ripple_TBPL3-4	73	387850
193.9395	0.031	ripple_TLL26-27	90	387879
193.9435	0.229	ripple_TLL15-16	80	387887
193.9455	0.1015	ripple_TLL5-6	98	387891
193.968	0.268	ripple_TLL3-4	94	387936
193.969	0.138	ripple_TLL28-29	92	387938
193.9715	0.132	ripple_TLL1-2	74	387943
193.9965	0.0535	ripple_TLL19-20	83	387993
193.9985	0.278	ripple_TLL7-8	100	387997
193.9985	0.278	fr_TLL7-8	33	387997
193.9985	0.278	frandr_TLL7-8	66	387997
194.013	0.1735	ripple_TLL6-7	99	388026
194.03	0.1135	ripple_TLL21-22	86	388060
194.0315	0.152	ripple_TLL14-15	79	388063
194.039	0.0385	ripple_TLL4-5	97	388078
194.0465	0.046	ripple_TBPL2-3	72	388093
194.0515	0.079	ripple_TLL18-19	82	388103
194.06	0.14	ripple_TLL20-21	85	388120
194.0665	0.0375	ripple_TLL2-3	84	388133
194.1365	0.0565	ripple_TLL30-31	95	388273
194.147	0.1405	ripple_TBPL2-3	72	388294
194.1705	0.0505	ripple_TLL28-29	92	388341
194.174	0.029	ripple_TLL19-20	83	388348
194.199	0.2065	ripple_TLL1-2	74	388398
194.203	0.073	ripple_TLL13-14	78	388406
194.204	0.0905	ripple_TLL29-30	93	388408
194.204	0.0905	fr_TLL29-30	26	388408
194.204	0.0905	frandr_TLL29-30	60	388408
194.2065	0.064	ripple_TLL4-5	97	388413
194.2065	0.1205	ripple_TLL15-16	80	388413
194.2075	0.0855	ripple_TLL23-24	88	388415
194.215	0.077	ripple_TLL22-23	87	388430
194.228	0.1515	ripple_TLL6-7	99	388456
194.239	0.052	ripple_TLL2-3	84	388478
194.24	0.075	ripple_TLL11-12	76	388480
194.2505	0.122	ripple_TLL19-20	83	388501
194.2545	0.1005	ripple_TLL9-10	101	388509
194.2925	0.0365	ripple_TLL14-15	79	388585
194.299	0.039	ripple_TLL25-26	89	388598
194.308	0.0565	ripple_TBAL2-3	69	388616
194.308	0.0825	ripple_TLL20-21	85	388616
194.3225	0.0645	ripple_TLL21-22	86	388645
194.3315	0.279	ripple_TLL2-3	84	388663
194.3335	0.0435	ripple_TLL13-14	78	388667
194.335	0.1015	ripple_TLL7-8	100	388670
194.34	0.075	ripple_TLL10-11	75	388680
194.357	0.068	ripple_TLL26-27	90	388714
194.3595	0.309	ripple_TBPL2-3	72	388719
194.36	0.381	ripple_TLL4-5	97	388720
194.366	0.0735	ripple_TLL29-30	93	388732
194.3715	0.145	ripple_TLL3-4	94	388743
194.3775	0.0995	ripple_TLL11-12	76	388755
194.3805	0.046	ripple_TLL5-6	98	388761
194.384	0.2665	ripple_TBPL1-2	71	388768
194.388	0.098	ripple_TLL15-16	80	388776
194.4015	0.193	ripple_TLL31-32	96	388803
194.423	0.0535	ripple_TLL14-15	79	388846
194.429	0.084	ripple_TLL22-23	87	388858
194.4295	0.184	ripple_TLL6-7	99	388859
194.4625	0.0905	ripple_TLL7-8	100	388925
194.4795	0.031	ripple_TLL10-11	75	388959
194.4865	0.047	ripple_TBPL3-4	73	388973
194.5055	0.052	ripple_TLL21-22	86	389011
194.514	0.061	ripple_TLL5-6	98	389028
194.527	0.056	ripple_TLL30-31	95	389054
194.5275	0.051	ripple_TLL14-15	79	389055
194.528	0.0115	fr_TLL20-21	18	389056
194.535	0.068	ripple_TLL26-27	90	389070
194.5495	0.0435	ripple_TLL29-30	93	389099
194.5495	0.065	ripple_TLL23-24	88	389099
194.5525	0.063	ripple_TLL22-23	87	389105
194.56	0.076	ripple_TLL20-21	85	389120
194.566	0.0685	ripple_TLL18-19	82	389132
194.5735	0.1295	ripple_TLL7-8	100	389147
194.6205	0.094	ripple_TLL31-32	96	389241
194.6255	0.06	ripple_TLL30-31	95	389251
194.642	0.035	ripple_TLL2-3	84	389284
194.6485	0.0425	ripple_TLL5-6	98	389297
194.668	0.036	ripple_TLL14-15	79	389336
194.67	0.0375	ripple_TLL27-28	91	389340
194.67	0.044	ripple_TLL6-7	99	389340
194.6705	0.0775	ripple_TLL15-16	80	389341
194.676	0.18	ripple_TBPL1-2	71	389352
194.677	0.0975	ripple_TLL13-14	78	389354
194.6885	0.1185	ripple_TLL19-20	83	389377
194.6925	0.093	ripple_TLL22-23	87	389385
194.7125	0.085	ripple_TLL5-6	98	389425
194.7185	0.1825	ripple_TLL20-21	85	389437
194.724	0.047	ripple_TLL30-31	95	389448
194.726	0.3965	ripple_TLL7-8	100	389452
194.7305	0.1845	ripple_TBPL2-3	72	389461
194.7365	0.0415	ripple_TLL28-29	92	389473
194.7455	0.0315	ripple_TLL18-19	82	389491
194.75	0.1425	ripple_TLL21-22	86	389500
194.7925	0.04	ripple_TLL25-26	89	389585
194.797	0.254	ripple_TLL6-7	99	389594
194.8025	0.1045	ripple_TLL30-31	95	389605
194.8305	0.09	ripple_TLL29-30	93	389661
194.8325	0.01	fr_TLL1-2	7	389665
194.8325	0.178	ripple_TLL22-23	87	389665
194.8385	0.227	ripple_TLL19-20	83	389677
194.8425	0.2015	ripple_TLL15-16	80	389685
194.856	0.049	ripple_TLL26-27	90	389712
194.883	0.1085	ripple_TLL1-2	74	389766
194.8925	0.113	ripple_TLL23-24	88	389785
194.893	0.073	ripple_TLL9-10	101	389786
194.9115	0.121	ripple_TLL2-3	84	389823
194.9485	0.073	ripple_TBPL2-3	72	389897
194.9565	0.037	ripple_TLL31-32	96	389913
194.971	0.224	ripple_TBPL1-2	71	389942
194.9955	0.034	ripple_TBPL3-4	73	389991
194.996	0.0785	ripple_TLL13-14	78	389992
195.0	0.0545	ripple_TLL27-28	91	390000
195.015	0.038	ripple_TLL3-4	94	390030
195.022	0.072	ripple_TLL29-30	93	390044
195.0305	0.065	ripple_TLL21-22	86	390061
195.0425	0.04	ripple_TLL1-2	74	390085
195.05	0.102	ripple_TLL22-23	87	390100
195.055	0.0345	ripple_TBPL2-3	72	390110
195.0645	0.082	ripple_TLL18-19	82	390129
195.0845	0.15	ripple_TLL23-24	88	390169
195.1095	0.1195	ripple_TLL20-21	85	390219
195.118	0.043	ripple_TLL29-30	93	390236
195.12	0.051	ripple_TLL30-31	95	390240
195.1205	0.1975	ripple_TLL31-32	96	390241
195.139	0.0345	ripple_TLL14-15	79	390278
195.15	0.1405	ripple_TLL1-2	74	390300
195.16	0.1265	ripple_TLL7-8	100	390320
195.1605	0.275	ripple_TLL6-7	99	390321
195.1865	0.1235	ripple_TLL19-20	83	390373
195.208	0.036	ripple_TLL15-16	80	390416
195.2125	0.0865	ripple_TLL29-30	93	390425
195.2125	0.139	ripple_TLL30-31	95	390425
195.2325	0.0775	ripple_TLL18-19	82	390465
195.2525	0.0465	ripple_TLL2-3	84	390505
195.267	0.087	ripple_TLL22-23	87	390534
195.2965	0.0365	ripple_TBPL2-3	72	390593
195.316	0.1305	ripple_TLL15-16	80	390632
195.3365	0.037	ripple_TLL21-22	86	390673
195.3405	0.052	ripple_TLL9-10	101	390681
195.373	0.0425	ripple_TLL30-31	95	390746
195.3865	0.0315	ripple_TLL7-8	100	390773
195.399	0.1895	ripple_TLL31-32	96	390798
195.3995	0.033	ripple_TBPL2-3	72	390799
195.401	0.069	ripple_TLL22-23	87	390802
195.4055	0.068	ripple_TLL23-24	88	390811
195.4235	0.2795	ripple_TLL19-20	83	390847
195.4435	0.074	ripple_TLL3-4	94	390887
195.4525	0.0835	ripple_TLL30-31	95	390905
195.465	0.165	ripple_TLL20-21	85	390930
195.471	0.0685	ripple_TLL29-30	93	390942
195.483	0.038	ripple_TLL11-12	76	390966
195.4845	0.1175	ripple_TLL21-22	86	390969
195.4955	0.079	ripple_TLL15-16	80	390991
195.537	0.034	ripple_TLL6-7	99	391074
195.539	0.139	ripple_TLL1-2	74	391078
195.5395	0.0825	ripple_TBPL3-4	73	391079
195.564	0.037	ripple_TLL27-28	91	391128
195.589	0.0385	ripple_TLL14-15	79	391178
195.5965	0.0545	ripple_TLL6-7	99	391193
195.6	0.0615	ripple_TLL7-8	100	391200
195.6055	0.091	ripple_TBPL2-3	72	391211
195.606	0.047	ripple_TLL9-10	101	391212
195.609	0.0785	ripple_TLL30-31	95	391218
195.611	0.148	ripple_TLL29-30	93	391222
195.615	0.14	ripple_TLL28-29	92	391230
195.626	0.17	ripple_TLL15-16	80	391252
195.6705	0.033	ripple_TBPL1-2	71	391341
195.678	0.0825	ripple_TLL22-23	87	391356
195.678	0.092	ripple_TLL23-24	88	391356
195.6835	0.0785	ripple_TLL3-4	94	391367
195.7095	0.125	ripple_TLL7-8	100	391419
195.7125	0.0585	ripple_TLL14-15	79	391425
195.717	0.039	ripple_TLL10-11	75	391434
195.7195	0.0895	ripple_TBPL2-3	72	391439
195.721	0.0515	ripple_TLL4-5	97	391442
195.73	0.0505	ripple_TBPL3-4	73	391460
195.7305	0.162	ripple_TLL30-31	95	391461
195.7355	0.0885	ripple_TLL21-22	86	391471
195.7385	0.068	ripple_TLL13-14	78	391477
195.76	0.037	ripple_TLL31-32	96	391520
195.782	0.1175	ripple_TLL29-30	93	391564
195.7845	0.066	ripple_TLL28-29	92	391569
195.786	0.056	ripple_TLL2-3	84	391572
195.795	0.0565	ripple_TLL1-2	74	391590
195.8095	0.1095	ripple_TLL11-12	76	391619
195.818	0.031	ripple_TLL31-32	96	391636
195.8345	0.05	ripple_TLL14-15	79	391669
195.871	0.1845	ripple_TLL23-24	88	391742
195.878	0.1355	ripple_TLL20-21	85	391756
195.882	0.0685	ripple_TLL28-29	92	391764
195.887	0.0455	ripple_TLL5-6	98	391774
195.8875	0.1735	ripple_TLL22-23	87	391775
195.898	0.0575	ripple_TLL31-32	96	391796
195.9035	0.1235	ripple_TLL21-22	86	391807
195.9105	0.0465	ripple_TLL19-20	83	391821
195.933	0.0325	ripple_TLL7-8	100	391866
195.951	0.096	ripple_TLL14-15	79	391902
195.9545	0.064	ripple_TLL29-30	93	391909
195.962	0.063	ripple_TLL30-31	95	391924
195.9675	0.122	ripple_TLL6-7	99	391935
195.978	0.168	ripple_TLL15-16	80	391956
195.9865	0.108	ripple_TLL7-8	100	391973
196.002	0.0385	ripple_TLL19-20	83	392004
196.0085	0.116	ripple_TLL3-4	94	392017
196.009	0.1225	ripple_TLL4-5	97	392018
196.018	0.2585	ripple_TBPL2-3	72	392036
196.0625	0.0395	ripple_TLL31-32	96	392125
196.08	0.072	ripple_TLL2-3	84	392160
196.0875	0.037	ripple_TLL13-14	78	392175
196.089	0.045	ripple_TLL14-15	79	392178
196.09	0.1175	ripple_TLL22-23	87	392180
196.1005	0.1255	ripple_TLL1-2	74	392201
196.1055	0.032	ripple_TLL23-24	88	392211
196.1085	0.014	fr_TLL10-11	8	392217
196.126	0.0835	ripple_TLL28-29	92	392252
196.1365	0.1995	ripple_TLL29-30	93	392273
196.139	0.1265	ripple_TLL19-20	83	392278
196.1405	0.189	ripple_TLL21-22	86	392281
196.149	0.464	ripple_TLL30-31	95	392298
196.171	0.042	ripple_TLL4-5	97	392342
196.177	0.069	ripple_TLL3-4	94	392354
196.1805	0.047	ripple_TLL27-28	91	392361
196.181	0.1235	ripple_TLL2-3	84	392362
196.191	0.0365	ripple_TLL26-27	90	392382
196.214	0.029	ripple_TLL15-16	80	392428
196.214	0.0905	ripple_TLL14-15	79	392428
196.2155	0.0295	ripple_TBPL3-4	73	392431
196.234	0.046	ripple_TLL6-7	99	392468
196.2365	0.069	ripple_TLL13-14	78	392473
196.241	0.0475	ripple_TLL7-8	100	392482
196.242	0.0445	ripple_TLL31-32	96	392484
196.2855	0.0425	ripple_TLL3-4	94	392571
196.295	0.037	ripple_TLL19-20	83	392590
196.297	0.036	ripple_TLL20-21	85	392594
196.299	0.0335	ripple_TLL27-28	91	392598
196.3035	0.066	ripple_TLL6-7	99	392607
196.3065	0.0415	ripple_TLL28-29	92	392613
196.329	0.0455	ripple_TLL14-15	79	392658
196.343	0.041	ripple_TLL7-8	100	392686
196.3565	0.074	ripple_TLL29-30	93	392713
196.363	0.031	ripple_TLL20-21	85	392726
196.3775	0.092	ripple_TLL15-16	80	392755
196.382	0.041	ripple_TLL21-22	86	392764
196.4235	0.2285	ripple_TBPL2-3	72	392847
196.4265	0.202	ripple_TLL31-32	96	392853
196.432	0.0545	ripple_TLL19-20	83	392864
196.433	0.05	ripple_TLL20-21	85	392866
196.438	0.0385	ripple_TBPL3-4	73	392876
196.4415	0.042	ripple_TLL7-8	100	392883
196.4495	0.034	ripple_TLL13-14	78	392899
196.462	0.0485	ripple_TLL14-15	79	392924
196.482	0.2175	ripple_TLL6-7	99	392964
196.49	0.241	ripple_TLL23-24	88	392980
196.516	0.0545	ripple_TLL20-21	85	393032
196.516	0.056	ripple_TLL18-19	82	393032
196.5195	0.038	ripple_TLL15-16	80	393039
196.539	0.039	ripple_TLL21-22	86	393078
196.59	0.197	ripple_TLL19-20	83	393180
196.613	0.06	ripple_TLL28-29	92	393226
196.632	0.039	ripple_TLL2-3	84	393264
196.635	0.041	ripple_TLL18-19	82	393270
196.6415	0.039	ripple_TLL29-30	93	393283
196.644	0.057	ripple_TLL10-11	75	393288
196.6725	0.063	ripple_TLL1-2	74	393345
196.6975	0.0895	ripple_TLL15-16	80	393395
196.699	0.059	ripple_TLL14-15	79	393398
196.701	0.204	ripple_TLL31-32	96	393402
196.705	0.038	ripple_TLL2-3	84	393410
196.7095	0.076	ripple_TLL7-8	100	393419
196.7155	0.2505	ripple_TLL21-22	86	393431
196.727	0.1055	ripple_TBPL2-3	72	393454
196.7345	0.232	ripple_TLL30-31	95	393469
196.7415	0.0395	ripple_TBPL3-4	73	393483
196.749	0.0835	ripple_TLL28-29	92	393498
196.7775	0.061	ripple_TLL2-3	84	393555
196.7885	0.0515	ripple_TLL1-2	74	393577
196.7915	0.0725	ripple_TLL20-21	85	393583
196.8185	0.037	ripple_TLL5-6	98	393637
196.8355	0.0865	ripple_TLL13-14	78	393671
196.851	0.1105	ripple_TLL22-23	87	393702
196.8535	0.108	ripple_TLL23-24	88	393707
196.858	0.035	ripple_TLL7-8	100	393716
196.865	0.041	ripple_TLL28-29	92	393730
196.8745	0.046	ripple_TLL4-5	97	393749
196.887	0.184	ripple_TLL15-16	80	393774
196.9095	0.179	ripple_TBPL1-2	71	393819
196.9155	0.0435	ripple_TBPL2-3	72	393831
196.9195	0.164	ripple_TLL20-21	85	393839
196.935	0.0665	ripple_TLL14-15	79	393870
196.9355	0.076	ripple_TLL19-20	83	393871
196.977	0.0435	ripple_TLL31-32	96	393954
197.004	0.231	ripple_TLL7-8	100	394008
197.01	0.0905	ripple_TLL2-3	84	394020
197.011	0.0745	ripple_TLL1-2	74	394022
197.014	0.109	ripple_TLL22-23	87	394028
197.014	0.1105	ripple_TLL23-24	88	394028
197.017	0.0355	ripple_TBAL2-3	69	394034
197.023	0.157	ripple_TLL30-31	95	394046
197.033	0.1125	ripple_TLL19-20	83	394066
197.056	0.0925	ripple_TLL13-14	78	394112
197.068	0.0765	ripple_TLL5-6	98	394136
197.0705	0.3905	ripple_TBPL2-3	72	394141
197.091	0.08	ripple_TLL14-15	79	394182
197.103	0.136	ripple_TLL6-7	99	394206
197.1135	0.087	ripple_TLL31-32	96	394227
197.134	0.0385	ripple_TLL27-28	91	394268
197.138	0.027	ripple_TLL29-30	93	394276
197.162	0.016	fr_TLL18-19	15	394324
197.166	0.0435	ripple_TLL28-29	92	394332
197.1725	0.1335	ripple_TLL21-22	86	394345
197.1845	0.18	ripple_TLL20-21	85	394369
197.196	0.0305	ripple_TLL19-20	83	394392
197.2045	0.031	ripple_TLL14-15	79	394409
197.2145	0.0995	ripple_TLL27-28	91	394429
197.2225	0.0735	ripple_TLL26-27	90	394445
197.2275	0.078	ripple_TLL29-30	93	394455
197.2345	0.0765	ripple_TLL28-29	92	394469
197.242	0.068	ripple_TLL23-24	88	394484
197.264	0.037	ripple_TLL7-8	100	394528
197.268	0.012	fr_TLL19-20	16	394536
197.27	0.0525	ripple_TLL18-19	82	394540
197.271	0.1755	ripple_TLL14-15	79	394542
197.2785	0.072	ripple_TLL1-2	74	394557
197.2885	0.1245	ripple_TLL13-14	78	394577
197.2885	0.1245	fr_TLL13-14	11	394577
197.2885	0.1245	frandr_TLL13-14	45	394577
197.299	0.049	ripple_TLL15-16	80	394598
197.3085	0.178	ripple_TBPL1-2	71	394617
197.3115	0.0275	ripple_TLL2-3	84	394623
197.314	0.22	ripple_TLL6-7	99	394628
197.3365	0.0515	ripple_TLL30-31	95	394673
197.3455	0.342	ripple_TLL7-8	100	394691
197.352	0.1085	ripple_TLL23-24	88	394704
197.3595	0.178	ripple_TLL22-23	87	394719
197.365	0.081	ripple_TLL28-29	92	394730
197.37	0.143	ripple_TLL19-20	83	394740
197.39	0.0345	ripple_TLL4-5	97	394780
197.395	0.1145	ripple_TLL1-2	74	394790
197.3995	0.0995	ripple_TLL20-21	85	394799
197.4205	0.052	ripple_TLL30-31	95	394841
197.423	0.34	ripple_TLL29-30	93	394846
197.4265	0.214	ripple_TLL21-22	86	394853
197.4485	0.0325	ripple_TLL31-32	96	394897
197.473	0.0385	ripple_TLL27-28	91	394946
197.494	0.151	ripple_TLL3-4	94	394988
197.5035	0.0315	ripple_TLL14-15	79	395007
197.5195	0.086	ripple_TLL2-3	84	395039
197.5215	0.206	ripple_TLL30-31	95	395043
197.529	0.053	ripple_TLL4-5	97	395058
197.54	0.014	fr_TLL20-21	18	395080
197.541	0.0785	ripple_TLL9-10	101	395082
197.5455	0.1185	ripple_TLL28-29	92	395091
197.5565	0.1575	ripple_TLL14-15	79	395113
197.5635	0.058	ripple_TLL27-28	91	395127
197.5665	0.055	ripple_TLL22-23	87	395133
197.5685	0.038	ripple_TLL1-2	74	395137
197.57	0.2125	ripple_TLL31-32	96	395140
197.6105	0.077	ripple_TLL13-14	78	395221
197.6365	0.0485	ripple_TLL19-20	83	395273
197.6385	0.036	ripple_TLL18-19	82	395277
197.666	0.039	ripple_TLL6-7	99	395332
197.668	0.0835	ripple_TLL1-2	74	395336
197.67	0.108	ripple_TLL22-23	87	395340
197.6765	0.0795	ripple_TLL21-22	86	395353
197.6765	0.099	ripple_TLL23-24	88	395353
197.7275	0.036	ripple_TLL15-16	80	395455
197.752	0.0495	ripple_TLL18-19	82	395504
197.765	0.19	ripple_TLL3-4	94	395530
197.7685	0.0405	ripple_TLL13-14	78	395537
197.7745	0.041	ripple_TLL30-31	95	395549
197.776	0.0385	ripple_TLL2-3	84	395552
197.778	0.04	ripple_TLL1-2	74	395556
197.7985	0.0505	ripple_TLL21-22	86	395597
197.814	0.184	ripple_TLL19-20	83	395628
197.8275	0.043	ripple_TLL23-24	88	395655
197.859	0.123	ripple_TLL30-31	95	395718
197.8665	0.0875	ripple_TLL4-5	97	395733
197.8725	0.041	ripple_TLL28-29	92	395745
197.8805	0.1135	ripple_TLL31-32	96	395761
197.883	0.13	ripple_TLL1-2	74	395766
197.885	0.123	ripple_TLL2-3	84	395770
197.8935	0.0615	ripple_TLL20-21	85	395787
197.9165	0.0545	ripple_TLL10-11	75	395833
197.918	0.03	ripple_TLL11-12	76	395836
197.9315	0.012	fr_TLL22-23	20	395863
197.9355	0.048	ripple_TLL21-22	86	395871
197.966	0.154	ripple_TLL14-15	79	395932
197.99	0.0615	ripple_TLL3-4	94	395980
198.0285	0.048	ripple_TLL5-6	98	396057
198.0285	0.048	ripple_TLL6-7	99	396057
198.045	0.0475	ripple_TBPL1-2	71	396090
198.0545	0.0575	ripple_TLL4-5	97	396109
198.0625	0.079	ripple_TLL20-21	85	396125
198.0675	0.2235	ripple_TLL19-20	83	396135
198.07	0.123	ripple_TLL1-2	74	396140
198.073	0.0585	ripple_TBAL3-4	70	396146
198.077	0.1925	ripple_TLL2-3	84	396154
198.0825	0.0435	ripple_TLL29-30	93	396165
198.089	0.053	ripple_TLL15-16	80	396178
198.096	0.0395	ripple_TLL27-28	91	396192
198.104	0.075	ripple_TLL30-31	95	396208
198.116	0.0335	ripple_TBPL1-2	71	396232
198.132	0.067	ripple_TBPL2-3	72	396264
198.134	0.068	ripple_TLL28-29	92	396268
198.165	0.0895	ripple_TLL29-30	93	396330
198.168	0.035	ripple_TLL31-32	96	396336
198.1825	0.0585	ripple_TLL14-15	79	396365
198.199	0.14	ripple_TLL23-24	88	396398
198.208	0.163	ripple_TLL30-31	95	396416
198.2185	0.072	ripple_TLL6-7	99	396437
198.2295	0.0435	ripple_TLL18-19	82	396459
198.2305	0.0615	ripple_TLL20-21	85	396461
198.2435	0.036	ripple_TLL27-28	91	396487
198.247	0.0615	ripple_TLL28-29	92	396494
198.2715	0.0555	ripple_TBPL2-3	72	396543
198.2745	0.0115	fr_TLL11-12	9	396549
198.2785	0.056	ripple_TLL21-22	86	396557
198.304	0.0375	ripple_TLL7-8	100	396608
198.316	0.1215	ripple_TLL31-32	96	396632
198.3165	0.0335	ripple_TLL4-5	97	396633
198.3365	0.109	ripple_TLL6-7	99	396673
198.3625	0.119	ripple_TLL19-20	83	396725
198.3765	0.0775	ripple_TBPL3-4	73	396753
198.3795	0.135	ripple_TLL14-15	79	396759
198.39	0.0925	ripple_TLL20-21	85	396780
198.396	0.043	ripple_TLL7-8	100	396792
198.407	0.055	ripple_TLL13-14	78	396814
198.4075	0.036	ripple_TLL5-6	98	396815
198.412	0.0445	ripple_TLL15-16	80	396824
198.433	0.0395	ripple_TLL11-12	76	396866
198.437	0.096	ripple_TLL27-28	91	396874
198.4495	0.0455	ripple_TLL26-27	90	396899
198.459	0.0495	ripple_TLL21-22	86	396918
198.465	0.0155	fr_TLL17-18	14	396930
198.486	0.0365	ripple_TLL25-26	89	396972
198.487	0.0115	fr_TBAL3-4	3	396974
198.4885	0.055	ripple_TLL15-16	80	396977
198.497	0.052	ripple_TLL29-30	93	396994
198.498	0.0525	ripple_TLL28-29	92	396996
198.504	0.2665	ripple_TLL31-32	96	397008
198.5085	0.0515	ripple_TLL20-21	85	397017
198.5195	0.101	ripple_TBPL2-3	72	397039
198.5275	0.093	ripple_TLL4-5	97	397055
198.528	0.036	ripple_TLL19-20	83	397056
198.53	0.1355	ripple_TLL1-2	74	397060
198.5315	0.066	ripple_TLL5-6	98	397063
198.5315	0.18	ripple_TLL30-31	95	397063
198.54	0.1125	ripple_TLL21-22	86	397080
198.566	0.0465	ripple_TLL15-16	80	397132
198.604	0.06	ripple_TLL22-23	87	397208
198.615	0.042	ripple_TLL6-7	99	397230
198.6255	0.043	ripple_TLL29-30	93	397251
198.6305	0.057	ripple_TBPL1-2	71	397261
198.6315	0.1115	ripple_TLL14-15	79	397263
198.637	0.194	ripple_TLL20-21	85	397274
198.6405	0.035	ripple_TLL12-13	77	397281
198.65	0.1265	ripple_TLL13-14	78	397300
198.676	0.086	ripple_TLL21-22	86	397352
198.682	0.0895	ripple_TLL7-8	100	397364
198.692	0.1735	ripple_TLL6-7	99	397384
198.702	0.0565	ripple_TLL5-6	98	397404
198.725	0.077	ripple_TLL18-19	82	397450
198.7625	0.0375	ripple_TLL19-20	83	397525
198.7715	0.058	ripple_TLL1-2	74	397543
198.782	0.034	ripple_TLL27-28	91	397564
198.7895	0.0475	ripple_TBPL2-3	72	397579
198.802	0.0345	ripple_TLL30-31	95	397604
198.829	0.0325	ripple_TLL13-14	78	397658
198.8365	0.1665	ripple_TLL31-32	96	397673
198.838	0.157	ripple_TLL29-30	93	397676
198.8695	0.032	ripple_TLL20-21	85	397739
198.8705	0.0915	ripple_TLL21-22	86	397741
198.885	0.0545	ripple_TLL5-6	98	397770
198.8935	0.0535	ripple_TLL23-24	88	397787
198.895	0.0745	ripple_TLL22-23	87	397790
198.9055	0.035	ripple_TLL7-8	100	397811
198.9055	0.062	ripple_TLL1-2	74	397811
198.9055	0.0775	ripple_TLL19-20	83	397811
198.9145	0.0835	ripple_TLL30-31	95	397829
198.917	0.036	ripple_TLL15-16	80	397834
198.918	0.094	ripple_TLL14-15	79	397836
198.9195	0.1215	ripple_TLL6-7	99	397839
198.9495	0.128	ripple_TLL28-29	92	397899
198.9895	0.0385	ripple_TBPL2-3	72	397979
199.003	0.044	ripple_TLL1-2	74	398006
199.011	0.0345	ripple_TLL27-28	91	398022
199.0205	0.031	ripple_TLL7-8	100	398041
199.026	0.083	ripple_TLL13-14	78	398052
199.0605	0.0425	ripple_TLL9-10	101	398121
199.069	0.099	ripple_TBPL2-3	72	398138
199.071	0.2395	ripple_TLL29-30	93	398142
199.0805	0.35	ripple_TLL14-15	79	398161
199.082	0.2295	ripple_TLL15-16	80	398164
199.092	0.0905	ripple_TLL7-8	100	398184
199.101	0.185	ripple_TLL21-22	86	398202
199.102	0.145	ripple_TLL6-7	99	398204
199.126	0.189	ripple_TLL30-31	95	398252
199.1265	0.0665	ripple_TLL4-5	97	398253
199.1315	0.1855	ripple_TLL19-20	83	398263
199.137	0.0745	ripple_TLL2-3	84	398274
199.137	0.156	ripple_TLL1-2	74	398274
199.141	0.1755	ripple_TLL20-21	85	398282
199.1595	0.0505	ripple_TBPL1-2	71	398319
199.198	0.039	ripple_TLL31-32	96	398396
199.204	0.034	ripple_TLL7-8	100	398408
199.2465	0.0435	ripple_TLL18-19	82	398493
199.25	0.0485	ripple_TLL2-3	84	398500
199.258	0.264	ripple_TLL13-14	78	398516
199.267	0.049	ripple_TLL22-23	87	398534
199.267	0.1	ripple_TLL7-8	100	398534
199.269	0.0505	ripple_TLL6-7	99	398538
199.2795	0.0385	ripple_TLL28-29	92	398559
199.287	0.065	ripple_TLL3-4	94	398574
199.2895	0.066	ripple_TLL4-5	97	398579
199.2935	0.0515	ripple_TBPL2-3	72	398587
199.318	0.053	ripple_TLL21-22	86	398636
199.328	0.068	ripple_TLL5-6	98	398656
199.341	0.0605	ripple_TLL15-16	80	398682
199.3445	0.052	ripple_TLL2-3	84	398689
199.3655	0.035	ripple_TLL11-12	76	398731
199.391	0.0515	ripple_TLL6-7	99	398782
199.395	0.1475	ripple_TLL21-22	86	398790
199.408	0.0565	ripple_TBPL2-3	72	398816
199.4095	0.049	ripple_TLL28-29	92	398819
199.4095	0.182	ripple_TLL7-8	100	398819
199.411	0.0955	ripple_TLL20-21	85	398822
199.4115	0.0445	ripple_TBPL3-4	73	398823
199.4215	0.076	ripple_TLL27-28	91	398843
199.433	0.042	ripple_TLL9-10	101	398866
199.439	0.1155	ripple_TLL4-5	97	398878
199.4515	0.0835	ripple_TLL10-11	75	398903
199.4725	0.0535	ripple_TBPL1-2	71	398945
199.4775	0.3035	ripple_TLL14-15	79	398955
199.48	0.0705	ripple_TLL11-12	76	398960
199.497	0.127	ripple_TLL19-20	83	398994
199.5005	0.039	ripple_TLL9-10	101	399001
199.5115	0.174	ripple_TLL2-3	84	399023
199.512	0.1265	ripple_TLL1-2	74	399024
199.5165	0.0435	ripple_TLL5-6	98	399033
199.528	0.0475	ripple_TLL27-28	91	399056
199.5295	0.1835	ripple_TLL6-7	99	399059
199.535	0.081	ripple_TLL22-23	87	399070
199.5395	0.0775	ripple_TLL15-16	80	399079
199.5435	0.0335	ripple_TLL30-31	95	399087
199.552	0.0575	ripple_TLL26-27	90	399104
199.5585	0.041	ripple_TLL10-11	75	399117
199.56	0.1545	ripple_TLL3-4	94	399120
199.5715	0.0545	ripple_TBAL2-3	69	399143
199.579	0.095	ripple_TLL29-30	93	399158
199.5805	0.218	ripple_TLL28-29	92	399161
199.619	0.0725	ripple_TLL7-8	100	399238
199.6355	0.049	ripple_TLL13-14	78	399271
199.644	0.121	ripple_TLL20-21	85	399288
199.646	0.0575	ripple_TLL21-22	86	399292
199.6475	0.0395	ripple_TLL19-20	83	399295
199.659	0.116	ripple_TLL31-32	96	399318
199.686	0.0415	ripple_TBPL1-2	71	399372
199.7025	0.141	ripple_TLL18-19	82	399405
199.713	0.0445	ripple_TBPL2-3	72	399426
199.713	0.1665	ripple_TLL15-16	80	399426
199.72	0.0945	ripple_TLL29-30	93	399440
199.724	0.035	ripple_TLL13-14	78	399448
199.734	0.2605	ripple_TLL30-31	95	399468
199.7375	0.054	ripple_TLL5-6	98	399475
199.742	0.0865	ripple_TLL21-22	86	399484
199.752	0.3035	ripple_TLL19-20	83	399504
199.7575	0.077	ripple_TLL3-4	94	399515
199.76	0.123	ripple_TLL7-8	100	399520
199.7855	0.317	ripple_TBPL2-3	72	399571
199.814	0.057	ripple_TLL14-15	79	399628
199.824	0.085	ripple_TLL31-32	96	399648
199.834	0.037	ripple_TLL2-3	84	399668
199.8345	0.0555	ripple_TLL1-2	74	399669
199.8445	0.032	ripple_TBPL3-4	73	399689
199.8465	0.03	ripple_TLL29-30	93	399693
199.868	0.04	ripple_TLL21-22	86	399736
199.8705	0.0325	ripple_TLL11-12	76	399741
199.875	0.054	ripple_TLL3-4	94	399750
199.8835	0.0395	ripple_TLL4-5	97	399767
199.8965	0.059	ripple_TLL14-15	79	399793
199.9065	0.0405	ripple_TLL27-28	91	399813
199.9105	0.0395	ripple_TLL5-6	98	399821
199.925	0.0975	ripple_TLL29-30	93	399850
199.9315	0.0355	ripple_TLL28-29	92	399863
199.939	0.079	ripple_TLL1-2	74	399878
199.9535	0.043	ripple_TLL18-19	82	399907
199.9645	0.035	ripple_TLL17-18	81	399929
200.0075	0.19	ripple_TLL20-21	85	400015
200.015	0.058	ripple_TLL3-4	94	400030
200.0175	0.0455	ripple_TLL15-16	80	400035
200.023	0.063	ripple_TLL14-15	79	400046
200.0375	0.1215	ripple_TLL7-8	100	400075
200.038	0.0505	ripple_TLL13-14	78	400076
200.056	0.0565	ripple_TLL28-29	92	400112
200.058	0.0445	ripple_TLL29-30	93	400116
200.0875	0.0955	ripple_TLL22-23	87	400175
200.0905	0.122	ripple_TLL15-16	80	400181
200.0935	0.19	ripple_TLL31-32	96	400187
200.1055	0.114	ripple_TLL19-20	83	400211
200.121	0.055	ripple_TLL6-7	99	400242
200.1255	0.07	ripple_TLL14-15	79	400251
200.1315	0.134	ripple_TLL30-31	95	400263
200.1385	0.036	ripple_TLL2-3	84	400277
200.1405	0.04	ripple_TLL29-30	93	400281
200.158	0.076	ripple_TLL13-14	78	400316
200.18	0.0775	ripple_TLL1-2	74	400360
200.1805	0.045	ripple_TBPL2-3	72	400361
200.1825	0.245	ripple_TLL28-29	92	400365
200.208	0.0385	ripple_TLL2-3	84	400416
200.208	0.065	ripple_TLL3-4	94	400416
200.2125	0.047	ripple_TLL4-5	97	400425
200.225	0.1055	ripple_TLL29-30	93	400450
200.254	0.183	ripple_TLL15-16	80	400508
200.2685	0.2165	ripple_TLL13-14	78	400537
200.2695	0.3425	ripple_TLL19-20	83	400539
200.2715	0.1805	ripple_TLL6-7	99	400543
200.2805	0.0345	ripple_TBPL3-4	73	400561
200.282	0.312	ripple_TLL7-8	100	400564
200.302	0.1045	ripple_TLL5-6	98	400604
200.304	0.034	ripple_TLL31-32	96	400608
200.309	0.0475	ripple_TLL30-31	95	400618
200.3135	0.1825	ripple_TBPL2-3	72	400627
200.3195	0.014	fr_TLL3-4	27	400639
200.3385	0.0755	ripple_TLL14-15	79	400677
200.3535	0.131	ripple_TLL3-4	94	400707
200.358	0.1165	ripple_TLL18-19	82	400716
200.367	0.136	ripple_TLL29-30	93	400734
200.368	0.0595	ripple_TLL2-3	84	400736
200.3695	0.054	ripple_TLL1-2	74	400739
200.4045	0.074	ripple_TLL4-5	97	400809
200.424	0.0935	ripple_TLL30-31	95	400848
200.4295	0.057	ripple_TLL26-27	90	400859
200.4425	0.059	ripple_TLL21-22	86	400885
200.4705	0.0505	ripple_TLL28-29	92	400941
200.5005	0.051	ripple_TLL4-5	97	401001
200.5105	0.104	ripple_TLL14-15	79	401021
200.5115	0.1165	ripple_TLL6-7	99	401023
200.515	0.0525	ripple_TBPL1-2	71	401030
200.522	0.036	ripple_TBPL2-3	72	401044
200.5305	0.0785	ripple_TLL13-14	78	401061
200.5405	0.038	ripple_TLL11-12	76	401081
200.541	0.173	ripple_TLL29-30	93	401082
200.5515	0.104	ripple_TLL15-16	80	401103
200.5595	0.0645	ripple_TLL5-6	98	401119
200.5615	0.0445	ripple_TLL31-32	96	401123
200.5785	0.1355	ripple_TLL30-31	95	401157
200.58	0.093	ripple_TLL2-3	84	401160
200.592	0.0865	ripple_TLL21-22	86	401184
200.6205	0.049	ripple_TLL28-29	92	401241
200.66	0.0515	ripple_TLL6-7	99	401320
200.662	0.144	ripple_TLL7-8	100	401324
200.667	0.038	ripple_TLL18-19	82	401334
200.6705	0.116	ripple_TLL5-6	98	401341
200.68	0.096	ripple_TLL13-14	78	401360
200.6895	0.09	ripple_TLL14-15	79	401379
200.7025	0.0325	ripple_TBPL3-4	73	401405
200.7145	0.159	ripple_TLL20-21	85	401429
200.7205	0.5645	ripple_TLL19-20	83	401441
200.722	0.033	ripple_TLL4-5	97	401444
200.745	0.04	ripple_TLL18-19	82	401490
200.797	0.1285	ripple_TLL30-31	95	401594
200.798	0.036	ripple_TLL27-28	91	401596
200.8195	0.132	ripple_TLL21-22	86	401639
200.824	0.0285	ripple_TLL31-32	96	401648
200.8245	0.0605	ripple_TLL11-12	76	401649
200.829	0.0375	ripple_TLL5-6	98	401658
200.8385	0.091	ripple_TLL6-7	99	401677
200.8465	0.074	ripple_TLL1-2	74	401693
200.861	0.101	ripple_TBPL2-3	72	401722
200.866	0.1135	ripple_TLL27-28	91	401732
200.871	0.06	ripple_TLL29-30	93	401742
200.875	0.0865	ripple_TLL18-19	82	401750
200.879	0.0305	ripple_TLL14-15	79	401758
200.881	0.073	ripple_TLL15-16	80	401762
200.892	0.079	ripple_TLL7-8	100	401784
200.892	0.199	ripple_TLL4-5	97	401784
200.9265	0.01	fr_TLL3-4	27	401853
200.937	0.195	ripple_TLL20-21	85	401874
200.94	0.588	ripple_TBPL1-2	71	401880
200.9445	0.051	ripple_TLL28-29	92	401889
200.948	0.0855	ripple_TLL2-3	84	401896
200.957	0.08	ripple_TLL1-2	74	401914
200.9995	0.2675	ripple_TLL7-8	100	401999
201.001	0.065	ripple_TBPL2-3	72	402002
201.0225	0.0505	ripple_TLL5-6	98	402045
201.0355	0.073	ripple_TLL28-29	92	402071
201.0415	0.161	ripple_TLL14-15	79	402083
201.0555	0.0115	fr_TLL22-23	20	402111
201.0955	0.162	ripple_TLL6-7	99	402191
201.0965	0.052	ripple_TBAL1-2	68	402193
201.111	0.0575	ripple_TLL4-5	97	402222
201.1375	0.077	ripple_TLL30-31	95	402275
201.153	0.035	ripple_TBPL2-3	72	402306
201.1535	0.158	ripple_TLL2-3	84	402307
201.155	0.0485	ripple_TLL18-19	82	402310
201.1595	0.0935	ripple_TLL20-21	85	402319
201.164	0.07	ripple_TLL28-29	92	402328
201.166	0.1975	ripple_TLL1-2	74	402332
201.169	0.3095	ripple_TLL31-32	96	402338
201.1875	0.0605	ripple_TLL21-22	86	402375
201.2175	0.1345	ripple_TLL27-28	91	402435
201.233	0.1215	ripple_TLL26-27	90	402466
201.28	0.0715	ripple_TLL6-7	99	402560
201.2835	0.0475	ripple_TBPL2-3	72	402567
201.29	0.198	ripple_TLL20-21	85	402580
201.3095	0.1145	ripple_TLL15-16	80	402619
201.312	0.1585	ripple_TLL30-31	95	402624
201.3145	0.0485	ripple_TLL29-30	93	402629
201.3315	0.2255	ripple_TLL28-29	92	402663
201.34	0.137	ripple_TLL21-22	86	402680
201.354	0.0365	ripple_TLL13-14	78	402708
201.355	0.4115	ripple_TLL7-8	100	402710
201.3715	0.038	ripple_TLL19-20	83	402743
201.377	0.2255	ripple_TLL2-3	84	402754
201.3815	0.317	ripple_TLL6-7	99	402763
201.405	0.055	ripple_TLL18-19	82	402810
201.4085	0.083	ripple_TLL1-2	74	402817
201.44	0.0375	ripple_TLL9-10	101	402880
201.451	0.1135	ripple_TLL14-15	79	402902
201.4515	0.012	fr_TLL22-23	20	402903
201.4525	0.052	ripple_TBPL3-4	73	402905
201.4545	0.0885	ripple_TLL15-16	80	402909
201.4555	0.258	ripple_TBPL2-3	72	402911
201.4885	0.054	ripple_TLL23-24	88	402977
201.5055	0.1765	ripple_TLL13-14	78	403011
201.5115	0.086	ripple_TLL19-20	83	403023
201.52	0.038	ripple_TLL21-22	86	403040
201.546	0.0515	ripple_TLL3-4	94	403092
201.5525	0.0615	ripple_TLL12-13	77	403105
201.5755	0.2355	ripple_TLL29-30	93	403151
201.5785	0.1665	ripple_TLL31-32	96	403157
201.58	0.2145	ripple_TLL30-31	95	403160
201.6135	0.0235	fr_TLL22-23	20	403227
201.614	0.038	ripple_TLL18-19	82	403228
201.6475	0.0555	ripple_TLL11-12	76	403295
201.6605	0.172	ripple_TLL21-22	86	403321
201.6825	0.0955	ripple_TLL2-3	84	403365
201.6895	0.1245	ripple_TLL10-11	75	403379
201.6945	0.047	ripple_TLL9-10	101	403389
201.7095	0.051	ripple_TLL18-19	82	403419
201.733	0.1375	ripple_TBPL1-2	71	403466
201.746	0.284	ripple_TLL1-2	74	403492
201.759	0.0525	ripple_TLL4-5	97	403518
201.76	0.128	ripple_TLL19-20	83	403520
201.7615	0.076	ripple_TLL11-12	76	403523
201.8055	0.061	ripple_TLL31-32	96	403611
201.813	0.047	ripple_TLL14-15	79	403626
201.814	0.231	ripple_TLL2-3	84	403628
201.822	0.049	ripple_TBPL2-3	72	403644
201.822	0.062	ripple_TBPL3-4	73	403644
201.826	0.126	ripple_TLL18-19	82	403652
201.8285	0.1295	ripple_TLL28-29	92	403657
201.84	0.2095	ripple_TLL29-30	93	403680
201.846	0.06	ripple_TLL20-21	85	403692
201.8525	0.3275	ripple_TLL30-31	95	403705
201.8575	0.0695	ripple_TLL11-12	76	403715
201.874	0.0695	ripple_TLL9-10	101	403748
201.911	0.0375	ripple_TLL4-5	97	403822
201.914	0.037	ripple_TLL3-4	94	403828
201.926	0.043	ripple_TLL6-7	99	403852
201.947	0.0735	ripple_TLL19-20	83	403894
201.952	0.0885	ripple_TLL20-21	85	403904
201.9525	0.052	ripple_TLL21-22	86	403905
201.9545	0.0325	ripple_TLL13-14	78	403909
201.9605	0.0745	ripple_TLL15-16	80	403921
201.969	0.047	ripple_TBPL2-3	72	403938
201.9925	0.1025	ripple_TLL14-15	79	403985
201.994	0.0935	ripple_TLL31-32	96	403988
202.0165	0.066	ripple_TLL3-4	94	404033
202.025	0.039	ripple_TLL11-12	76	404050
202.044	0.0585	ripple_TLL10-11	75	404088
202.059	0.037	ripple_TLL15-16	80	404118
202.0715	0.1425	ripple_TLL20-21	85	404143
202.0775	0.034	ripple_TLL17-18	81	404155
202.08	0.068	ripple_TLL1-2	74	404160
202.086	0.045	ripple_TBPL2-3	72	404172
202.098	0.0475	ripple_TLL27-28	91	404196
202.129	0.069	ripple_TLL14-15	79	404258
202.1315	0.167	ripple_TLL31-32	96	404263
202.1355	0.051	ripple_TLL28-29	92	404271
202.143	0.0395	ripple_TLL9-10	101	404286
202.145	0.164	ripple_TLL15-16	80	404290
202.1615	0.0705	ripple_TLL13-14	78	404323
202.1695	0.0565	ripple_TLL21-22	86	404339
202.1745	0.056	ripple_TLL2-3	84	404349
202.1805	0.0375	ripple_TLL10-11	75	404361
202.194	0.0955	ripple_TBPL2-3	72	404388
202.203	0.2815	ripple_TLL30-31	95	404406
202.216	0.0445	ripple_TLL12-13	77	404432
202.2245	0.057	ripple_TBPL3-4	73	404449
202.237	0.0475	ripple_TLL5-6	98	404474
202.2375	0.0995	ripple_TLL18-19	82	404475
202.243	0.071	ripple_TLL10-11	75	404486
202.2545	0.222	ripple_TLL14-15	79	404509
202.256	0.206	ripple_TLL13-14	78	404512
202.2615	0.225	ripple_TLL29-30	93	404523
202.2635	0.059	ripple_TLL27-28	91	404527
202.266	0.344	ripple_TLL6-7	99	404532
202.266	0.344	fr_TLL6-7	32	404532
202.266	0.344	frandr_TLL6-7	65	404532
202.268	0.118	ripple_TLL7-8	100	404536
202.2735	0.272	ripple_TLL28-29	92	404547
202.293	0.0575	ripple_TLL17-18	81	404586
202.316	0.1035	ripple_TLL12-13	77	404632
202.322	0.0395	ripple_TLL31-32	96	404644
202.324	0.0385	ripple_TLL2-3	84	404648
202.3425	0.0315	ripple_TLL5-6	98	404685
202.3485	0.036	ripple_TLL15-16	80	404697
202.353	0.1435	ripple_TLL21-22	86	404706
202.3605	0.1195	ripple_TLL18-19	82	404721
202.391	0.048	ripple_TLL9-10	101	404782
202.413	0.073	ripple_TLL31-32	96	404826
202.4195	0.0755	ripple_TLL3-4	94	404839
202.428	0.085	ripple_TLL7-8	100	404856
202.434	0.1415	ripple_TBPL2-3	72	404868
202.4385	0.054	ripple_TLL1-2	74	404877
202.442	0.0885	ripple_TLL4-5	97	404884
202.4445	0.0475	ripple_TLL5-6	98	404889
202.453	0.055	ripple_TLL15-16	80	404906
202.455	0.038	ripple_TLL11-12	76	404910
202.503	0.161	ripple_TLL18-19	82	405006
202.5085	0.156	ripple_TLL30-31	95	405017
202.558	0.0725	ripple_TLL14-15	79	405116
202.5675	0.0315	ripple_TLL19-20	83	405135
202.575	0.118	ripple_TLL11-12	76	405150
202.5795	0.07	ripple_TLL20-21	85	405159
202.586	0.0395	ripple_TLL7-8	100	405172
202.595	0.1375	ripple_TLL28-29	92	405190
202.607	0.2515	ripple_TLL13-14	78	405214
202.6265	0.1575	ripple_TLL1-2	74	405253
202.6395	0.1025	ripple_TLL19-20	83	405279
202.6485	0.1015	ripple_TLL2-3	84	405297
202.6515	0.048	ripple_TLL12-13	77	405303
202.6515	0.0805	ripple_TLL6-7	99	405303
202.653	0.0275	ripple_TLL5-6	98	405306
202.6655	0.729	ripple_TLL31-32	96	405331
202.6715	0.1475	ripple_TLL29-30	93	405343
202.679	0.1015	ripple_TLL22-23	87	405358
202.6995	0.1165	ripple_TLL15-16	80	405399
202.707	0.059	ripple_TLL5-6	98	405414
202.7085	0.062	ripple_TLL7-8	100	405417
202.7175	0.04	ripple_TLL9-10	101	405435
202.744	0.221	ripple_TLL20-21	85	405488
202.75	0.0975	ripple_TLL18-19	82	405500
202.7585	0.077	ripple_TBPL2-3	72	405517
202.7615	0.5375	ripple_TLL21-22	86	405523
202.805	0.054	ripple_TLL6-7	99	405610
202.8065	0.0525	ripple_TLL22-23	87	405613
202.8145	0.0445	ripple_TLL14-15	79	405629
202.824	0.099	ripple_TLL28-29	92	405648
202.8415	0.0455	ripple_TBAL1-2	68	405683
202.8435	0.1515	ripple_TLL7-8	100	405687
202.847	0.053	ripple_TLL19-20	83	405694
202.852	0.0505	ripple_TBPL3-4	73	405704
202.8555	0.1155	ripple_TBPL2-3	72	405711
202.864	0.065	ripple_TLL15-16	80	405728
202.87	0.0345	ripple_TLL12-13	77	405740
202.871	0.0975	ripple_TLL18-19	82	405742
202.8795	0.06	ripple_TLL14-15	79	405759
202.9045	0.1365	ripple_TLL13-14	78	405809
202.913	0.0765	ripple_TLL6-7	99	405826
202.967	0.0535	ripple_TLL5-6	98	405934
202.968	0.038	ripple_TLL10-11	75	405936
202.969	0.113	ripple_TLL28-29	92	405938
202.9695	0.034	ripple_TLL11-12	76	405939
203.0165	0.083	ripple_TBPL2-3	72	406033
203.021	0.19	ripple_TLL2-3	84	406042
203.0255	0.0755	ripple_TLL27-28	91	406051
203.037	0.1375	ripple_TLL6-7	99	406074
203.051	0.199	ripple_TLL7-8	100	406102
203.0665	0.076	ripple_TLL18-19	82	406133
203.092	0.033	ripple_TLL15-16	80	406184
203.1015	0.064	ripple_TBPL3-4	73	406203
203.111	0.0575	ripple_TLL9-10	101	406222
203.14	0.1905	ripple_TLL22-23	87	406280
203.1415	0.1855	ripple_TLL23-24	88	406283
203.1455	0.1545	ripple_TBPL2-3	72	406291
203.163	0.1165	ripple_TLL18-19	82	406326
203.168	0.042	ripple_TLL29-30	93	406336
203.171	0.039	ripple_TLL1-2	74	406342
203.173	0.031	ripple_TLL11-12	76	406346
203.174	0.034	ripple_TBPL1-2	71	406348
203.184	0.0285	ripple_TLL20-21	85	406368
203.2	0.04	ripple_TLL28-29	92	406400
203.2175	0.0455	ripple_TLL6-7	99	406435
203.232	0.048	ripple_TLL19-20	83	406464
203.242	0.038	ripple_TLL1-2	74	406484
203.245	0.039	ripple_TLL2-3	84	406490
203.289	0.043	ripple_TLL3-4	94	406578
203.307	0.279	ripple_TLL30-31	95	406614
203.3185	0.0685	ripple_TLL13-14	78	406637
203.323	0.091	ripple_TLL1-2	74	406646
203.3245	0.094	ripple_TLL19-20	83	406649
203.3265	0.0885	ripple_TLL5-6	98	406653
203.333	0.2255	ripple_TLL20-21	85	406666
203.385	0.057	ripple_TBPL1-2	71	406770
203.4035	0.1345	ripple_TLL28-29	92	406807
203.419	0.148	ripple_TLL29-30	93	406838
203.4195	0.0675	ripple_TLL13-14	78	406839
203.426	0.062	ripple_TLL14-15	79	406852
203.429	0.2275	ripple_TLL21-22	86	406858
203.4415	0.1975	ripple_TLL19-20	83	406883
203.4655	0.104	ripple_TLL7-8	100	406931
203.474	0.1185	ripple_TBPL1-2	71	406948
203.475	0.032	ripple_TLL5-6	98	406950
203.4865	0.2495	ripple_TLL1-2	74	406973
203.508	0.088	ripple_TBAL1-2	68	407016
203.509	0.049	ripple_TLL2-3	84	407018
203.5375	0.0465	ripple_TLL4-5	97	407075
203.5625	0.073	ripple_TLL12-13	77	407125
203.5755	0.094	ripple_TLL18-19	82	407151
203.577	0.173	ripple_TLL14-15	79	407154
203.5885	0.044	ripple_TLL20-21	85	407177
203.601	0.0925	ripple_TLL15-16	80	407202
203.608	0.0365	ripple_TLL11-12	76	407216
203.616	0.061	ripple_TLL30-31	95	407232
203.626	0.266	ripple_TLL7-8	100	407252
203.628	0.243	ripple_TLL6-7	99	407256
203.649	0.0485	ripple_TLL3-4	94	407298
203.654	0.094	ripple_TLL20-21	85	407308
203.6605	0.0485	ripple_TLL31-32	96	407321
203.663	0.036	ripple_TLL2-3	84	407326
203.6705	0.0395	ripple_TLL23-24	88	407341
203.672	0.0405	ripple_TLL22-23	87	407344
203.7025	0.25	ripple_TBPL2-3	72	407405
203.7075	0.032	ripple_TLL21-22	86	407415
203.712	0.0565	ripple_TLL29-30	93	407424
203.7175	0.031	ripple_TLL15-16	80	407435
203.7335	0.039	ripple_TLL17-18	81	407467
203.741	0.4535	ripple_TLL23-24	88	407482
203.7575	0.0285	ripple_TLL1-2	74	407515
203.7575	0.0395	ripple_TLL18-19	82	407515
203.7595	0.0365	ripple_TLL2-3	84	407519
203.774	0.147	ripple_TLL30-31	95	407548
203.7935	0.044	ripple_TLL19-20	83	407587
203.7985	0.1225	ripple_TLL14-15	79	407597
203.8125	0.036	ripple_TLL26-27	90	407625
203.8125	0.2775	ripple_TLL22-23	87	407625
203.828	0.0735	ripple_TBPL1-2	71	407656
203.828	0.1165	ripple_TLL29-30	93	407656
203.8325	0.1385	ripple_TLL13-14	78	407665
203.8395	0.0375	ripple_TLL12-13	77	407679
203.851	0.2615	ripple_TLL2-3	84	407702
203.8525	0.1985	ripple_TLL1-2	74	407705
203.856	0.073	ripple_TLL27-28	91	407712
203.89	0.034	ripple_TLL10-11	75	407780
203.917	0.0945	ripple_TLL6-7	99	407834
203.9205	0.18	ripple_TLL7-8	100	407841
203.933	0.0595	ripple_TLL11-12	76	407866
203.957	0.153	ripple_TLL30-31	95	407914
203.961	0.0585	ripple_TLL21-22	86	407922
203.965	0.0835	ripple_TLL15-16	80	407930
203.968	0.075	ripple_TLL27-28	91	407936
203.9715	0.057	ripple_TLL26-27	90	407943
203.974	0.087	ripple_TLL14-15	79	407948
204.022	0.108	ripple_TBPL2-3	72	408044
204.029	0.0745	ripple_TLL13-14	78	408058
204.033	0.0375	ripple_TLL11-12	76	408066
204.0415	0.108	ripple_TLL29-30	93	408083
204.071	0.0555	ripple_TLL21-22	86	408142
204.1025	0.0595	ripple_TLL12-13	77	408205
204.1065	0.5955	ripple_TLL15-16	80	408213
204.11	0.058	ripple_TLL14-15	79	408220
204.111	0.184	ripple_TLL6-7	99	408222
204.13	0.0705	ripple_TLL20-21	85	408260
204.136	0.037	ripple_TLL18-19	82	408272
204.1365	0.0935	ripple_TLL7-8	100	408273
204.1435	0.0825	ripple_TLL13-14	78	408287
204.154	0.0345	ripple_TLL30-31	95	408308
204.1545	0.043	ripple_TLL31-32	96	408309
204.164	0.1615	ripple_TBPL2-3	72	408328
204.167	0.0455	ripple_TLL28-29	92	408334
204.1795	0.076	ripple_TLL29-30	93	408359
204.2015	0.1	ripple_TLL14-15	79	408403
204.216	0.0545	ripple_TLL4-5	97	408432
204.2215	0.048	ripple_TLL31-32	96	408443
204.227	0.084	ripple_TLL19-20	83	408454
204.2355	0.099	ripple_TLL21-22	86	408471
204.2445	0.039	ripple_TLL27-28	91	408489
204.2525	0.049	ripple_TLL28-29	92	408505
204.267	0.0465	ripple_TLL22-23	87	408534
204.268	0.0645	ripple_TLL23-24	88	408536
204.275	0.0475	ripple_TBPL3-4	73	408550
204.298	0.064	ripple_TLL18-19	82	408596
204.3085	0.048	ripple_TLL7-8	100	408617
204.3135	0.043	ripple_TLL1-2	74	408627
204.3175	0.111	ripple_TLL6-7	99	408635
204.329	0.173	ripple_TLL14-15	79	408658
204.33	0.099	ripple_TLL31-32	96	408660
204.3495	0.0575	ripple_TLL28-29	92	408699
204.354	0.052	ripple_TLL23-24	88	408708
204.3555	0.0365	ripple_TLL22-23	87	408711
204.364	0.0345	ripple_TLL5-6	98	408728
204.3715	0.051	ripple_TLL3-4	94	408743
204.3775	0.11	ripple_TLL1-2	74	408755
204.3845	0.032	ripple_TLL7-8	100	408769
204.4215	0.139	ripple_TLL21-22	86	408843
204.4325	0.137	ripple_TBPL1-2	71	408865
204.4335	0.3845	ripple_TLL30-31	95	408867
204.4435	0.072	ripple_TLL23-24	88	408887
204.447	0.405	ripple_TBPL2-3	72	408894
204.4515	0.036	ripple_TLL19-20	83	408903
204.4645	0.1015	ripple_TLL6-7	99	408929
204.486	0.0475	ripple_TLL26-27	90	408972
204.4895	0.1305	ripple_TLL28-29	92	408979
204.501	0.1085	ripple_TLL7-8	100	409002
204.5065	0.0345	ripple_TLL10-11	75	409013
204.509	0.0365	ripple_TLL9-10	101	409018
204.511	0.0575	ripple_TBPL3-4	73	409022
204.529	0.1795	ripple_TLL19-20	83	409058
204.5325	0.1215	ripple_TLL1-2	74	409065
204.541	0.086	ripple_TLL29-30	93	409082
204.553	0.1505	ripple_TLL13-14	78	409106
204.5965	0.164	ripple_TLL14-15	79	409193
204.6005	0.0185	fr_TLL22-23	20	409201
204.617	0.114	ripple_TLL20-21	85	409234
204.6175	0.065	ripple_TBPL1-2	71	409235
204.628	0.033	ripple_TBPL3-4	73	409256
204.6385	0.0175	fr_TLL23-24	21	409277
204.639	0.017	fr_TLL22-23	20	409278
204.658	0.116	ripple_TLL29-30	93	409316
204.6665	0.1025	ripple_TLL28-29	92	409333
204.695	0.1785	ripple_TLL21-22	86	409390
204.7	0.0565	ripple_TLL27-28	91	409400
204.704	0.0685	ripple_TLL26-27	90	409408
204.705	0.0595	ripple_TBPL3-4	73	409410
204.7125	0.1065	ripple_TBPL1-2	71	409425
204.739	0.135	ripple_TLL18-19	82	409478
204.7805	0.093	ripple_TLL15-16	80	409561
204.811	0.0325	ripple_TLL6-7	99	409622
204.8135	0.1505	ripple_TLL13-14	78	409627
204.814	0.1235	ripple_TLL14-15	79	409628
204.8145	0.1825	ripple_TLL1-2	74	409629
204.828	0.1505	ripple_TLL19-20	83	409656
204.83	0.059	ripple_TLL5-6	98	409660
204.8325	0.1045	ripple_TLL2-3	84	409665
204.8745	0.0855	ripple_TLL29-30	93	409749
204.8875	0.121	ripple_TLL6-7	99	409775
204.9125	0.237	ripple_TLL28-29	92	409825
204.918	0.1185	ripple_TLL15-16	80	409836
204.919	0.256	ripple_TLL30-31	95	409838
204.92	0.0355	ripple_TLL4-5	97	409840
204.9255	0.0115	fr_TBPL2-3	5	409851
204.9345	0.0365	ripple_TLL20-21	85	409869
204.9385	0.0605	ripple_TLL18-19	82	409877
204.9645	0.0525	ripple_TLL31-32	96	409929
205.0005	0.1505	ripple_TLL20-21	85	410001
205.0055	0.072	ripple_TLL19-20	83	410011
205.0085	0.0715	ripple_TLL3-4	94	410017
205.0245	0.063	ripple_TLL7-8	100	410049
205.0315	0.037	ripple_TLL6-7	99	410063
205.038	0.072	ripple_TLL1-2	74	410076
205.0625	0.3095	ripple_TLL15-16	80	410125
205.064	0.1565	ripple_TLL18-19	82	410128
205.0695	0.0595	ripple_TLL4-5	97	410139
205.0835	0.074	ripple_TLL21-22	86	410167
205.096	0.1035	ripple_TLL31-32	96	410192
205.0965	0.0475	ripple_TLL26-27	90	410193
205.1105	0.0655	ripple_TLL6-7	99	410221
205.1105	0.1	ripple_TLL7-8	100	410221
205.1165	0.1085	ripple_TLL19-20	83	410233
205.117	0.05	ripple_TLL25-26	89	410234
205.1325	0.054	ripple_TLL1-2	74	410265
205.1365	0.066	ripple_TLL2-3	84	410273
205.1485	0.0385	ripple_TBPL3-4	73	410297
205.151	0.0335	ripple_TLL9-10	101	410302
205.16	0.073	ripple_TLL27-28	91	410320
205.167	0.066	ripple_TLL26-27	90	410334
205.171	0.0475	ripple_TLL4-5	97	410342
205.174	0.0575	ripple_TLL28-29	92	410348
205.2285	0.05	ripple_TLL6-7	99	410457
205.246	0.0445	ripple_TBPL3-4	73	410492
205.253	0.182	ripple_TLL13-14	78	410506
205.258	0.0885	ripple_TLL20-21	85	410516
205.2645	0.0415	ripple_TLL29-30	93	410529
205.281	0.146	ripple_TLL28-29	92	410562
205.2855	0.039	ripple_TLL26-27	90	410571
205.288	0.057	ripple_TLL9-10	101	410576
205.2925	0.0415	ripple_TLL18-19	82	410585
205.293	0.0365	ripple_TLL3-4	94	410586
205.3095	0.063	ripple_TLL2-3	84	410619
205.3165	0.1695	ripple_TLL14-15	79	410633
205.317	0.059	ripple_TLL1-2	74	410634
205.348	0.0825	ripple_TBPL2-3	72	410696
205.3605	0.0725	ripple_TBPL1-2	71	410721
205.3805	0.182	ripple_TLL20-21	85	410761
205.383	0.0985	ripple_TLL19-20	83	410766
205.3845	0.0425	ripple_TLL4-5	97	410769
205.385	0.1985	ripple_TLL30-31	95	410770
205.389	0.0325	ripple_TLL21-22	86	410778
205.3935	0.04	ripple_TLL27-28	91	410787
205.403	0.1325	ripple_TLL7-8	100	410806
205.42	0.0925	ripple_TLL31-32	96	410840
205.428	0.0115	fr_TLL6-7	32	410856
205.4355	0.1115	ripple_TLL15-16	80	410871
205.4485	0.195	ripple_TLL28-29	92	410897
205.4515	0.055	ripple_TLL5-6	98	410903
205.461	0.037	ripple_TLL1-2	74	410922
205.463	0.056	ripple_TBPL1-2	71	410926
205.4805	0.0455	ripple_TLL21-22	86	410961
205.4895	0.194	ripple_TLL2-3	84	410979
205.506	0.128	ripple_TLL22-23	87	411012
205.5225	0.0725	ripple_TLL19-20	83	411045
205.5255	0.0565	ripple_TBAL1-2	68	411051
205.529	0.074	ripple_TBPL2-3	72	411058
205.5325	0.334	ripple_TLL31-32	96	411065
205.534	0.061	ripple_TBAL2-3	69	411068
205.547	0.037	ripple_TBPL1-2	71	411094
205.5685	0.0855	ripple_TLL15-16	80	411137
205.578	0.037	ripple_TBPL3-4	73	411156
205.5825	0.043	ripple_TLL11-12	76	411165
205.5855	0.106	ripple_TLL14-15	79	411171
205.607	0.0405	ripple_TLL7-8	100	411214
205.6195	0.215	ripple_TLL29-30	93	411239
205.621	0.038	ripple_TLL1-2	74	411242
205.6255	0.055	ripple_TBPL2-3	72	411251
205.6275	0.0395	ripple_TLL6-7	99	411255
205.6355	0.0665	ripple_TBPL1-2	71	411271
205.644	0.0395	ripple_TLL13-14	78	411288
205.669	0.0305	ripple_TLL23-24	88	411338
205.6925	0.2115	ripple_TLL21-22	86	411385
205.7225	0.0645	ripple_TLL7-8	100	411445
205.736	0.051	ripple_TLL19-20	83	411472
205.7375	0.266	ripple_TBPL1-2	71	411475
205.7465	0.0395	ripple_TLL18-19	82	411493
205.7515	0.066	ripple_TLL15-16	80	411503
205.757	0.105	ripple_TLL6-7	99	411514
205.769	0.057	ripple_TLL20-21	85	411538
205.7765	0.043	ripple_TLL28-29	92	411553
205.78	0.0775	ripple_TLL22-23	87	411560
205.781	0.0825	ripple_TLL23-24	88	411562
205.7875	0.083	ripple_TBPL2-3	72	411575
205.8425	0.0395	ripple_TLL7-8	100	411685
205.8565	0.0545	ripple_TLL17-18	81	411713
205.8715	0.0465	ripple_TLL2-3	84	411743
205.8725	0.136	ripple_TLL28-29	92	411745
205.8815	0.104	ripple_TLL20-21	85	411763
205.8835	0.1595	ripple_TLL23-24	88	411767
205.888	0.133	ripple_TLL29-30	93	411776
205.9005	0.0575	ripple_TLL31-32	96	411801
205.9085	0.043	ripple_TLL9-10	101	411817
205.93	0.0395	ripple_TLL4-5	97	411860
205.935	0.082	ripple_TLL3-4	94	411870
205.9445	0.253	ripple_TLL19-20	83	411889
205.947	0.062	ripple_TBPL2-3	72	411894
205.9865	0.1615	ripple_TLL21-22	86	411973
205.9885	0.1005	ripple_TLL30-31	95	411977
205.9935	0.056	ripple_TLL15-16	80	411987
206.0045	0.057	ripple_TLL2-3	84	412009
206.007	0.051	ripple_TLL1-2	74	412014
206.017	0.057	ripple_TLL6-7	99	412034
206.0185	0.058	ripple_TLL10-11	75	412037
206.0335	0.048	ripple_TLL27-28	91	412067
206.0475	0.0525	ripple_TLL17-18	81	412095
206.049	0.061	ripple_TLL28-29	92	412098
206.0505	0.0375	ripple_TLL4-5	97	412101
206.059	0.019	fr_TBAL2-3	2	412118
206.064	0.0405	ripple_TLL31-32	96	412128
206.066	0.0485	ripple_TLL12-13	77	412132
206.069	0.2305	ripple_TLL23-24	88	412138
206.099	0.0595	ripple_TLL1-2	74	412198
206.1015	0.034	ripple_TLL9-10	101	412203
206.124	0.1025	ripple_TLL29-30	93	412248
206.131	0.1505	ripple_TBPL2-3	72	412262
206.1435	0.0505	ripple_TLL20-21	85	412287
206.147	0.0745	ripple_TLL2-3	84	412294
206.1515	0.0595	ripple_TLL7-8	100	412303
206.16	0.0705	ripple_TLL30-31	95	412320
206.165	0.0485	ripple_TLL28-29	92	412330
206.1765	0.036	ripple_TLL6-7	99	412353
206.247	0.1345	ripple_TLL20-21	85	412494
206.248	0.0625	ripple_TLL19-20	83	412496
206.2505	0.2905	ripple_TLL29-30	93	412501
206.266	0.05	ripple_TLL13-14	78	412532
206.273	0.053	ripple_TLL14-15	79	412546
206.2965	0.1025	ripple_TLL28-29	92	412593
206.308	0.044	ripple_TLL6-7	99	412616
206.3105	0.087	ripple_TLL31-32	96	412621
206.3165	0.088	ripple_TBPL2-3	72	412633
206.3175	0.135	ripple_TLL1-2	74	412635
206.3315	0.0735	ripple_TBPL1-2	71	412663
206.3325	0.0565	ripple_TLL2-3	84	412665
206.366	0.059	ripple_TLL15-16	80	412732
206.379	0.0535	ripple_TLL13-14	78	412758
206.403	0.043	ripple_TLL18-19	82	412806
206.423	0.049	ripple_TLL28-29	92	412846
206.438	0.0415	ripple_TLL19-20	83	412876
206.4385	0.115	ripple_TBPL2-3	72	412877
206.442	0.273	ripple_TLL2-3	84	412884
206.458	0.308	ripple_TLL6-7	99	412916
206.474	0.062	ripple_TBPL1-2	71	412948
206.4965	0.056	ripple_TLL30-31	95	412993
206.507	0.1135	ripple_TLL31-32	96	413014
206.5115	0.2235	ripple_TLL15-16	80	413023
206.513	0.2265	ripple_TLL21-22	86	413026
206.517	0.0615	ripple_TLL19-20	83	413034
206.5215	0.2815	ripple_TLL7-8	100	413043
206.5225	0.032	ripple_TLL1-2	74	413045
206.5385	0.033	ripple_TLL4-5	97	413077
206.54	0.204	ripple_TLL14-15	79	413080
206.549	0.203	ripple_TLL28-29	92	413098
206.595	0.053	ripple_TBPL2-3	72	413190
206.596	0.0385	ripple_TLL30-31	95	413192
206.5975	0.125	ripple_TLL29-30	93	413195
206.602	0.052	ripple_TLL19-20	83	413204
206.604	0.0535	ripple_TLL18-19	82	413208
206.637	0.119	ripple_TLL1-2	74	413274
206.655	0.0495	ripple_TLL22-23	87	413310
206.6585	0.239	ripple_TLL30-31	95	413317
206.6625	0.0495	ripple_TLL13-14	78	413325
206.664	0.0925	ripple_TLL20-21	85	413328
206.7045	0.1685	ripple_TLL23-24	88	413409
206.719	0.0395	ripple_TLL18-19	82	413438
206.726	0.147	ripple_TLL22-23	87	413452
206.7355	0.031	ripple_TLL11-12	76	413471
206.756	0.191	ripple_TBPL2-3	72	413512
206.761	0.0495	ripple_TLL2-3	84	413522
206.7645	0.1845	ripple_TLL29-30	93	413529
206.765	0.1095	ripple_TLL19-20	83	413530
206.7695	0.0395	ripple_TLL3-4	94	413539
206.7905	0.0495	ripple_TLL28-29	92	413581
206.796	0.041	ripple_TLL15-16	80	413592
206.797	0.054	ripple_TLL14-15	79	413594
206.813	0.0395	ripple_TLL6-7	99	413626
206.835	0.0325	ripple_TLL2-3	84	413670
206.8765	0.0475	ripple_TLL26-27	90	413753
206.8785	0.038	ripple_TLL18-19	82	413757
206.891	0.064	ripple_TBPL3-4	73	413782
206.8945	0.0505	ripple_TBPL1-2	71	413789
206.8975	0.1025	ripple_TLL21-22	86	413795
206.902	0.0615	ripple_TLL6-7	99	413804
206.9085	0.0365	ripple_TLL12-13	77	413817
206.9265	0.077	ripple_TLL2-3	84	413853
206.936	0.0855	ripple_TLL27-28	91	413872
206.9365	0.0995	ripple_TLL1-2	74	413873
206.9565	0.119	ripple_TLL20-21	85	413913
206.9655	0.079	ripple_TLL19-20	83	413931
206.97	0.2265	ripple_TLL29-30	93	413940
206.973	0.054	ripple_TLL7-8	100	413946
206.977	0.1035	ripple_TLL15-16	80	413954
206.987	0.317	ripple_TLL28-29	92	413974
206.988	0.091	ripple_TBPL2-3	72	413976
206.997	0.128	ripple_TLL18-19	82	413994
207.0405	0.0555	ripple_TLL14-15	79	414081
207.055	0.055	ripple_TBPL3-4	73	414110
207.0605	0.0465	ripple_TLL3-4	94	414121
207.0635	0.1505	ripple_TLL6-7	99	414127
207.078	0.0415	ripple_TLL19-20	83	414156
207.0805	0.1115	ripple_TLL30-31	95	414161
207.091	0.1465	ripple_TLL7-8	100	414182
207.1005	0.3345	ripple_TLL20-21	85	414201
207.1055	0.1215	ripple_TLL1-2	74	414211
207.1185	0.0455	ripple_TLL26-27	90	414237
207.1215	0.1145	ripple_TBPL1-2	71	414243
207.1225	0.04	ripple_TLL27-28	91	414245
207.1285	0.193	ripple_TLL14-15	79	414257
207.158	0.1145	ripple_TLL21-22	86	414316
207.1675	0.032	ripple_TLL11-12	76	414335
207.171	0.0555	ripple_TLL15-16	80	414342
207.1715	0.047	ripple_TLL2-3	84	414343
207.193	0.131	ripple_TLL31-32	96	414386
207.2205	0.058	ripple_TLL30-31	95	414441
207.2215	0.14	ripple_TBPL2-3	72	414443
207.2395	0.1035	ripple_TLL29-30	93	414479
207.2555	0.124	ripple_TLL1-2	74	414511
207.278	0.1185	ripple_TLL22-23	87	414556
207.278	0.1185	fr_TLL22-23	20	414556
207.278	0.1185	frandr_TLL22-23	54	414556
207.291	0.075	ripple_TLL7-8	100	414582
207.306	0.0825	ripple_TLL19-20	83	414612
207.3255	0.0355	ripple_TLL23-24	88	414651
207.3265	0.0475	ripple_TLL6-7	99	414653
207.385	0.056	ripple_TLL21-22	86	414770
207.395	0.073	ripple_TLL29-30	93	414790
207.4105	0.1055	ripple_TLL23-24	88	414821
207.414	0.0405	ripple_TLL28-29	92	414828
207.416	0.057	ripple_TLL1-2	74	414832
207.4165	0.043	ripple_TLL4-5	97	414833
207.428	0.064	ripple_TLL18-19	82	414856
207.431	0.0415	ripple_TLL22-23	87	414862
207.4425	0.048	ripple_TLL26-27	90	414885
207.444	0.04	ripple_TLL27-28	91	414888
207.445	0.044	ripple_TLL19-20	83	414890
207.4475	0.0495	ripple_TLL30-31	95	414895
207.4695	0.057	ripple_TLL15-16	80	414939
207.4795	0.039	ripple_TLL20-21	85	414959
207.494	0.09	ripple_TLL28-29	92	414988
207.4945	0.049	ripple_TBPL3-4	73	414989
207.51	0.135	ripple_TLL19-20	83	415020
207.5175	0.0875	ripple_TLL18-19	82	415035
207.5755	0.093	ripple_TBPL2-3	72	415151
207.581	0.076	ripple_TLL23-24	88	415162
207.588	0.038	ripple_TLL31-32	96	415176
207.607	0.046	ripple_TBPL1-2	71	415214
207.6075	0.0565	ripple_TLL28-29	92	415215
207.6335	0.0565	ripple_TLL22-23	87	415267
207.6425	0.0505	ripple_TLL30-31	95	415285
207.6425	0.104	ripple_TBPL3-4	73	415285
207.656	0.079	ripple_TLL21-22	86	415312
207.662	0.036	ripple_TLL7-8	100	415324
207.6725	0.055	ripple_TLL19-20	83	415345
207.6735	0.0755	ripple_TLL18-19	82	415347
207.6805	0.08	ripple_TLL31-32	96	415361
207.683	0.2165	ripple_TLL23-24	88	415366
207.692	0.0395	ripple_TLL6-7	99	415384
207.6925	0.039	ripple_TLL5-6	98	415385
207.7305	0.097	ripple_TLL30-31	95	415461
207.7315	0.165	ripple_TLL22-23	87	415463
207.74	0.035	ripple_TLL15-16	80	415480
207.763	0.1135	ripple_TLL19-20	83	415526
207.777	0.066	ripple_TLL29-30	93	415554
207.7885	0.0385	ripple_TLL21-22	86	415577
207.791	0.0525	ripple_TLL20-21	85	415582
207.792	0.064	ripple_TLL1-2	74	415584
207.802	0.047	ripple_TLL31-32	96	415604
207.815	0.0375	ripple_TLL5-6	98	415630
207.8225	0.075	ripple_TLL4-5	97	415645
207.833	0.069	ripple_TLL3-4	94	415666
207.837	0.061	ripple_TLL15-16	80	415674
207.8605	0.031	ripple_TLL18-19	82	415721
207.868	0.0445	ripple_TLL6-7	99	415736
207.8765	0.049	ripple_TLL14-15	79	415753
207.8815	0.0705	ripple_TLL13-14	78	415763
207.884	0.059	ripple_TLL31-32	96	415768
207.897	0.0415	ripple_TLL2-3	84	415794
207.9	0.0685	ripple_TBPL1-2	71	415800
207.911	0.0305	ripple_TLL29-30	93	415822
207.9135	0.037	ripple_TLL21-22	86	415827
207.937	0.2225	ripple_TLL1-2	74	415874
207.9475	0.165	ripple_TLL30-31	95	415895
207.9775	0.048	ripple_TLL2-3	84	415955
207.9835	0.029	ripple_TLL28-29	92	415967
207.994	0.0925	ripple_TLL14-15	79	415988
208.018	0.01	fr_TLL11-12	9	416036
208.0225	0.0485	ripple_TLL21-22	86	416045
208.0245	0.046	ripple_TLL20-21	85	416049
208.053	0.054	ripple_TBPL2-3	72	416106
208.0825	0.06	ripple_TLL2-3	84	416165
208.0885	0.016	fr_TLL4-5	30	416177
208.1065	0.062	ripple_TLL21-22	86	416213
208.147	0.0315	ripple_TLL19-20	83	416294
208.149	0.0335	ripple_TLL20-21	85	416298
208.1735	0.044	ripple_TLL14-15	79	416347
208.1815	0.04	ripple_TLL5-6	98	416363
208.187	0.0365	ripple_TLL13-14	78	416374
208.193	0.071	ripple_TLL30-31	95	416386
208.1995	0.0655	ripple_TLL21-22	86	416399
208.2125	0.037	ripple_TBAL1-2	68	416425
208.22	0.0485	ripple_TLL29-30	93	416440
208.255	0.0945	ripple_TLL15-16	80	416510
208.2585	0.0695	ripple_TLL13-14	78	416517
208.2735	0.0625	ripple_TLL27-28	91	416547
208.2865	0.1405	ripple_TLL28-29	92	416573
208.2985	0.077	ripple_TLL14-15	79	416597
208.305	0.0545	ripple_TLL29-30	93	416610
208.305	0.057	ripple_TBPL1-2	71	416610
208.31	0.082	ripple_TLL21-22	86	416620
208.3105	0.047	ripple_TLL19-20	83	416621
208.3225	0.1205	ripple_TBPL2-3	72	416645
208.348	0.0365	ripple_TLL26-27	90	416696
208.351	0.1195	ripple_TLL31-32	96	416702
208.3515	0.064	ripple_TLL1-2	74	416703
208.363	0.0345	ripple_TLL27-28	91	416726
208.3695	0.0685	ripple_TLL20-21	85	416739
208.3785	0.1705	ripple_TLL7-8	100	416757
208.3835	0.042	ripple_TLL13-14	78	416767
208.393	0.0315	ripple_TLL22-23	87	416786
208.395	0.038	ripple_TLL23-24	88	416790
208.4085	0.0605	ripple_TLL18-19	82	416817
208.4365	0.072	ripple_TLL29-30	93	416873
208.449	0.104	ripple_TLL21-22	86	416898
208.466	0.036	ripple_TLL4-5	97	416932
208.4795	0.0325	ripple_TLL30-31	95	416959
208.492	0.0565	ripple_TLL1-2	74	416984
208.5005	0.0365	ripple_TLL23-24	88	417001
208.51	0.0515	ripple_TLL31-32	96	417020
208.5145	0.0955	ripple_TBPL1-2	71	417029
208.5165	0.0425	ripple_TLL20-21	85	417033
208.518	0.0325	ripple_TLL2-3	84	417036
208.545	0.0795	ripple_TLL18-19	82	417090
208.559	0.0465	ripple_TLL29-30	93	417118
208.5675	0.039	ripple_TBPL2-3	72	417135
208.575	0.0495	ripple_TLL2-3	84	417150
208.5775	0.0545	ripple_TLL19-20	83	417155
208.5785	0.042	ripple_TLL21-22	86	417157
208.5825	0.036	ripple_TLL7-8	100	417165
208.6	0.0835	ripple_TLL22-23	87	417200
208.6045	0.0615	ripple_TLL23-24	88	417209
208.6085	0.054	ripple_TLL4-5	97	417217
208.6095	0.04	ripple_TLL3-4	94	417219
208.6405	0.067	ripple_TLL6-7	99	417281
208.648	0.044	ripple_TLL30-31	95	417296
208.667	0.19	ripple_TLL28-29	92	417334
208.6805	0.0635	ripple_TLL20-21	85	417361
208.6815	0.061	ripple_TLL21-22	86	417363
208.7045	0.0865	ripple_TLL17-18	81	417409
208.7125	0.06	ripple_TLL4-5	97	417425
208.714	0.1035	ripple_TLL29-30	93	417428
208.723	0.0485	ripple_TLL3-4	94	417446
208.7285	0.1105	ripple_TLL30-31	95	417457
208.736	0.123	ripple_TLL15-16	80	417472
208.738	0.055	ripple_TLL18-19	82	417476
208.7565	0.265	ripple_TLL19-20	83	417513
208.7925	0.045	ripple_TLL5-6	98	417585
208.799	0.0905	ripple_TLL20-21	85	417598
208.8045	0.05	ripple_TLL2-3	84	417609
208.8455	0.0405	ripple_TLL21-22	86	417691
208.8495	0.038	ripple_TLL6-7	99	417699
208.852	0.0435	ripple_TLL7-8	100	417704
208.863	0.106	ripple_TLL1-2	74	417726
208.883	0.1115	ripple_TLL30-31	95	417766
208.884	0.04	ripple_TLL23-24	88	417768
208.885	0.136	ripple_TLL22-23	87	417770
208.899	0.1555	ripple_TBPL2-3	72	417798
208.9125	0.069	ripple_TLL2-3	84	417825
208.9135	0.0825	ripple_TLL29-30	93	417827
208.9145	0.0445	ripple_TLL3-4	94	417829
208.916	0.0355	ripple_TLL5-6	98	417832
208.917	0.2185	ripple_TLL21-22	86	417834
208.9265	0.1205	ripple_TLL15-16	80	417853
208.9425	0.043	ripple_TLL26-27	90	417885
208.946	0.063	ripple_TLL13-14	78	417892
208.947	0.0705	ripple_TLL27-28	91	417894
208.9535	0.0385	ripple_TBPL3-4	73	417907
208.9615	0.06	ripple_TLL28-29	92	417923
208.968	0.0435	ripple_TLL14-15	79	417936
209.0115	0.0495	ripple_TLL31-32	96	418023
209.0285	0.039	ripple_TLL7-8	100	418057
209.031	0.048	ripple_TLL6-7	99	418062
209.033	0.0505	ripple_TLL13-14	78	418066
209.0415	0.0555	ripple_TLL14-15	79	418083
209.0505	0.078	ripple_TLL29-30	93	418101
209.059	0.1395	ripple_TLL20-21	85	418118
209.081	0.179	ripple_TLL28-29	92	418162
209.1015	0.073	ripple_TBPL2-3	72	418203
209.1025	0.107	ripple_TLL22-23	87	418205
209.111	0.0535	ripple_TLL18-19	82	418222
209.1195	0.104	ripple_TBPL1-2	71	418239
209.1195	0.104	fr_TBPL1-2	4	418239
209.1195	0.104	frandr_TBPL1-2	38	418239
209.1365	0.0405	ripple_TLL1-2	74	418273
209.1425	0.125	ripple_TLL31-32	96	418285
209.1725	0.109	ripple_TLL21-22	86	418345
209.186	0.1435	ripple_TLL29-30	93	418372
209.2005	0.056	ripple_TLL19-20	83	418401
209.2035	0.0355	ripple_TLL10-11	75	418407
209.2325	0.0425	ripple_TLL14-15	79	418465
209.244	0.0685	ripple_TBPL2-3	72	418488
209.262	0.0395	ripple_TLL15-16	80	418524
209.2785	0.0825	ripple_TLL20-21	85	418557
209.2845	0.042	ripple_TLL11-12	76	418569
209.299	0.0105	fr_TLL19-20	16	418598
209.3005	0.0345	ripple_TLL26-27	90	418601
209.315	0.0485	ripple_TLL6-7	99	418630
209.3305	0.042	ripple_TLL18-19	82	418661
209.337	0.0425	ripple_TLL3-4	94	418674
209.3385	0.101	ripple_TLL1-2	74	418677
209.351	0.091	ripple_TLL28-29	92	418702
209.3595	0.027	ripple_TLL2-3	84	418719
209.367	0.035	ripple_TLL7-8	100	418734
209.3915	0.163	ripple_TBPL1-2	71	418783
209.4245	0.2845	ripple_TLL31-32	96	418849
209.427	0.067	ripple_TLL15-16	80	418854
209.4425	0.067	ripple_TBPL2-3	72	418885
209.4455	0.042	ripple_TLL6-7	99	418891
209.4485	0.048	ripple_TLL4-5	97	418897
209.454	0.1075	ripple_TLL30-31	95	418908
209.4615	0.035	ripple_TLL14-15	79	418923
209.4705	0.2615	ripple_TLL20-21	85	418941
209.4745	0.0485	ripple_TLL2-3	84	418949
209.475	0.065	ripple_TLL27-28	91	418950
209.49	0.0305	ripple_TLL1-2	74	418980
209.494	0.095	ripple_TLL22-23	87	418988
209.5005	0.034	ripple_TLL28-29	92	419001
209.514	0.0315	ripple_TLL15-16	80	419028
209.5185	0.0385	ripple_TLL21-22	86	419037
209.5185	0.06	ripple_TLL18-19	82	419037
209.539	0.033	ripple_TLL26-27	90	419078
209.565	0.037	ripple_TBPL2-3	72	419130
209.5705	0.2975	ripple_TLL29-30	93	419141
209.5895	0.052	ripple_TLL21-22	86	419179
209.598	0.0675	ripple_TLL14-15	79	419196
209.598	0.0675	fr_TLL14-15	12	419196
209.598	0.0675	frandr_TLL14-15	46	419196
209.6195	0.0395	ripple_TLL2-3	84	419239
209.621	0.057	ripple_TBPL1-2	71	419242
209.638	0.094	ripple_TLL23-24	88	419276
209.6625	0.2595	ripple_TLL30-31	95	419325
209.6805	0.0385	ripple_TLL18-19	82	419361
209.6995	0.045	ripple_TLL1-2	74	419399
209.7065	0.0805	ripple_TLL27-28	91	419413
209.714	0.1845	ripple_TBPL1-2	71	419428
209.715	0.038	ripple_TBPL2-3	72	419430
209.7225	0.051	ripple_TLL6-7	99	419445
209.754	0.1455	ripple_TLL14-15	79	419508
209.787	0.0475	ripple_TLL21-22	86	419574
209.7885	0.039	ripple_TLL11-12	76	419577
209.789	0.2115	ripple_TLL23-24	88	419578
209.7895	0.1245	ripple_TLL22-23	87	419579
209.8	0.0245	ripple_TLL31-32	96	419600
209.809	0.0375	ripple_TLL4-5	97	419618
209.822	0.0445	ripple_TBPL2-3	72	419644
209.824	0.121	ripple_TLL20-21	85	419648
209.8615	0.058	ripple_TLL15-16	80	419723
209.8655	0.101	ripple_TLL1-2	74	419731
209.8665	0.0345	ripple_TLL17-18	81	419733
209.8705	0.0355	ripple_TLL6-7	99	419741
209.89	0.044	ripple_TLL31-32	96	419780
209.8925	0.027	ripple_TLL5-6	98	419785
209.896	0.0605	ripple_TLL2-3	84	419792
209.897	0.082	ripple_TLL19-20	83	419794
209.9045	0.0605	ripple_TBPL2-3	72	419809
209.9175	0.0375	ripple_TLL18-19	82	419835
209.9335	0.0305	ripple_TLL3-4	94	419867
209.942	0.033	ripple_TLL7-8	100	419884
209.942	0.0335	ripple_TLL6-7	99	419884
209.9455	0.053	ripple_TLL22-23	87	419891
209.964	0.143	ripple_TBPL1-2	71	419928
209.9815	0.1185	ripple_TLL29-30	93	419963
209.9835	0.037	ripple_TLL31-32	96	419967
209.998	0.0405	ripple_TLL30-31	95	419996
210.003	0.067	ripple_TBAL3-4	70	420006
210.01	0.1105	ripple_TLL26-27	90	420020
210.0115	0.107	ripple_TBPL3-4	73	420023
210.0175	0.0795	ripple_TLL19-20	83	420035
210.0215	0.0505	ripple_TBAL2-3	69	420043
210.0245	0.0935	ripple_TBPL2-3	72	420049
210.028	0.0505	ripple_TLL23-24	88	420056
210.038	0.039	ripple_TLL22-23	87	420076
210.044	0.091	ripple_TLL31-32	96	420088
210.044	0.091	fr_TLL31-32	29	420088
210.044	0.091	frandr_TLL31-32	62	420088
210.057	0.049	ripple_TLL1-2	74	420114
210.0655	0.05	ripple_TLL18-19	82	420131
210.0805	0.2115	ripple_TLL21-22	86	420161
210.0845	0.1205	ripple_TLL20-21	85	420169
210.0875	0.0505	ripple_TLL7-8	100	420175
210.0885	0.053	ripple_TLL30-31	95	420177
210.1215	0.0495	ripple_TLL23-24	88	420243
210.177	0.362	ripple_TBPL2-3	72	420354
210.1825	0.036	ripple_TBPL3-4	73	420365
210.1915	0.165	ripple_TLL22-23	87	420383
210.1985	0.078	ripple_TLL28-29	92	420397
210.1995	0.061	ripple_TLL23-24	88	420399
210.1995	0.087	ripple_TLL26-27	90	420399
210.201	0.083	ripple_TLL29-30	93	420402
210.202	0.081	ripple_TLL27-28	91	420404
210.2115	0.297	ripple_TBPL1-2	71	420423
210.2165	0.0905	ripple_TBAL3-4	70	420433
210.222	0.0475	ripple_TBAL1-2	68	420444
210.225	0.086	ripple_TBAL2-3	69	420450
210.2335	0.044	ripple_TLL2-3	84	420467
210.238	0.0845	ripple_TLL1-2	74	420476
210.2445	0.039	ripple_TLL31-32	96	420489
210.251	0.0485	ripple_TLL20-21	85	420502
210.2525	0.071	ripple_TLL10-11	75	420505
210.255	0.2375	ripple_TLL19-20	83	420510
210.2925	0.065	ripple_TLL7-8	100	420585
210.305	0.0735	ripple_TLL31-32	96	420610
210.313	0.179	ripple_TLL30-31	95	420626
210.319	0.0395	ripple_TLL14-15	79	420638
210.3235	0.0435	ripple_TLL20-21	85	420647
210.329	0.0525	ripple_TLL21-22	86	420658
210.364	0.0375	ripple_TLL26-27	90	420728
210.3825	0.1995	ripple_TLL6-7	99	420765
210.3885	0.0315	ripple_TLL20-21	85	420777
210.395	0.013	fr_TLL12-13	10	420790
210.395	0.063	ripple_TLL28-29	92	420790
210.4205	0.1115	ripple_TLL1-2	74	420841
210.4505	0.08	ripple_TBAL1-2	68	420901
210.459	0.083	ripple_TLL2-3	84	420918
210.467	0.088	ripple_TLL23-24	88	420934
210.4695	0.087	ripple_TLL22-23	87	420939
210.4735	0.0435	ripple_TLL21-22	86	420947
210.4745	0.18	ripple_TLL31-32	96	420949
210.503	0.1035	ripple_TLL29-30	93	421006
210.5285	0.0375	ripple_TLL7-8	100	421057
210.5325	0.1385	ripple_TLL19-20	83	421065
210.5525	0.0295	ripple_TLL1-2	74	421105
210.577	0.01	fr_TLL12-13	10	421154
210.59	0.0465	ripple_TLL20-21	85	421180
210.593	0.051	ripple_TLL30-31	95	421186
210.6045	0.216	ripple_TLL22-23	87	421209
210.6125	0.047	ripple_TLL7-8	100	421225
210.618	0.1945	ripple_TLL1-2	74	421236
210.6255	0.093	ripple_TLL2-3	84	421251
210.646	0.1815	ripple_TLL23-24	88	421292
210.65	0.1615	ripple_TBPL1-2	71	421300
210.703	0.0455	ripple_TLL4-5	97	421406
210.7135	0.059	ripple_TLL6-7	99	421427
210.716	0.202	ripple_TLL28-29	92	421432
210.717	0.052	ripple_TLL7-8	100	421434
210.7175	0.051	ripple_TLL27-28	91	421435
210.7215	0.0685	ripple_TLL29-30	93	421443
210.7355	0.0545	ripple_TLL31-32	96	421471
210.736	0.038	ripple_TLL26-27	90	421472
210.7435	0.0495	ripple_TLL30-31	95	421487
210.7505	0.168	ripple_TLL20-21	85	421501
210.7585	0.1495	ripple_TLL21-22	86	421517
210.793	0.0435	ripple_TLL19-20	83	421586
210.813	0.0375	ripple_TLL7-8	100	421626
210.8255	0.0365	ripple_TLL29-30	93	421651
210.826	0.069	ripple_TLL14-15	79	421652
210.8415	0.0265	ripple_TLL1-2	74	421683
210.8555	0.1035	ripple_TBPL2-3	72	421711
210.8725	0.049	ripple_TLL15-16	80	421745
210.892	0.0375	ripple_TBPL1-2	71	421784
210.8985	0.031	ripple_TLL19-20	83	421797
210.9045	0.053	ripple_TLL18-19	82	421809
210.905	0.029	ripple_TLL30-31	95	421810
210.923	0.0455	ripple_TLL6-7	99	421846
210.939	0.0715	ripple_TLL27-28	91	421878
210.9455	0.0675	ripple_TLL26-27	90	421891
210.9525	0.0605	ripple_TLL31-32	96	421905
210.954	0.0975	ripple_TLL1-2	74	421908
210.9595	0.066	ripple_TLL15-16	80	421919
210.969	0.3055	ripple_TBPL1-2	71	421938
210.982	0.134	ripple_TLL19-20	83	421964
210.9925	0.101	ripple_TLL22-23	87	421985
211.0245	0.0565	ripple_TLL10-11	75	422049
211.0275	0.0535	ripple_TLL2-3	84	422055
211.0345	0.051	ripple_TLL14-15	79	422069
211.04	0.263	ripple_TLL29-30	93	422080
211.0525	0.0695	ripple_TLL27-28	91	422105
211.0525	0.076	ripple_TLL23-24	88	422105
211.0545	0.041	ripple_TLL28-29	92	422109
211.057	0.071	ripple_TLL20-21	85	422114
211.0915	0.1005	ripple_TBPL2-3	72	422183
211.1175	0.1375	ripple_TLL30-31	95	422235
211.135	0.112	ripple_TLL31-32	96	422270
211.141	0.0375	ripple_TLL18-19	82	422282
211.1495	0.078	ripple_TLL20-21	85	422299
211.1665	0.1085	ripple_TLL1-2	74	422333
211.208	0.068	ripple_TLL2-3	84	422416
211.216	0.156	ripple_TLL19-20	83	422432
211.224	0.16	ripple_TLL22-23	87	422448
211.2375	0.055	ripple_TLL14-15	79	422475
211.2385	0.0725	ripple_TLL15-16	80	422477
211.259	0.0305	ripple_TLL7-8	100	422518
211.266	0.042	ripple_TLL17-18	81	422532
211.285	0.106	ripple_TLL4-5	97	422570
211.285	0.106	fr_TLL4-5	30	422570
211.285	0.106	frandr_TLL4-5	63	422570
211.293	0.056	ripple_TLL21-22	86	422586
211.301	0.03	ripple_TBPL1-2	71	422602
211.3035	0.079	ripple_TBPL2-3	72	422607
211.3115	0.048	ripple_TLL6-7	99	422623
211.319	0.048	ripple_TLL31-32	96	422638
211.3295	0.0435	ripple_TLL2-3	84	422659
211.333	0.0355	ripple_TLL11-12	76	422666
211.3465	0.0435	ripple_TLL30-31	95	422693
211.382	0.038	ripple_TLL28-29	92	422764
211.3825	0.08	ripple_TLL6-7	99	422765
211.389	0.0525	ripple_TBPL1-2	71	422778
211.392	0.0755	ripple_TLL29-30	93	422784
211.3965	0.066	ripple_TLL7-8	100	422793
211.432	0.1515	ripple_TLL20-21	85	422864
211.4385	0.1025	ripple_TLL21-22	86	422877
211.4395	0.0425	ripple_TLL22-23	87	422879
211.448	0.05	ripple_TLL2-3	84	422896
211.4545	0.1535	ripple_TLL1-2	74	422909
211.4635	0.034	ripple_TLL15-16	80	422927
211.4705	0.16	ripple_TLL30-31	95	422941
211.472	0.052	ripple_TLL27-28	91	422944
211.494	0.0365	ripple_TLL19-20	83	422988
211.514	0.0525	ripple_TLL23-24	88	423028
211.5165	0.0465	ripple_TLL22-23	87	423033
211.526	0.041	ripple_TLL29-30	93	423052
211.529	0.042	ripple_TLL7-8	100	423058
211.5305	0.034	ripple_TLL28-29	92	423061
211.533	0.04	ripple_TLL2-3	84	423066
211.5345	0.149	ripple_TLL31-32	96	423069
211.564	0.0615	ripple_TLL6-7	99	423128
211.576	0.0405	ripple_TLL3-4	94	423152
211.6	0.0485	ripple_TBPL2-3	72	423200
211.6075	0.041	ripple_TBPL1-2	71	423215
211.6105	0.04	ripple_TLL28-29	92	423221
211.615	0.0965	ripple_TLL2-3	84	423230
211.6185	0.038	ripple_TLL7-8	100	423237
211.6555	0.1925	ripple_TLL29-30	93	423311
211.669	0.0585	ripple_TLL20-21	85	423338
211.7025	0.0655	ripple_TLL3-4	94	423405
211.704	0.0385	ripple_TBPL1-2	71	423408
211.7045	0.065	ripple_TBPL2-3	72	423409
211.7045	0.265	ripple_TLL30-31	95	423409
211.7105	0.035	ripple_TLL7-8	100	423421
211.723	0.037	ripple_TLL31-32	96	423446
211.732	0.198	ripple_TLL22-23	87	423464
211.7325	0.0285	ripple_TLL15-16	80	423465
211.738	0.1345	ripple_TLL1-2	74	423476
211.752	0.1285	ripple_TLL23-24	88	423504
211.786	0.0385	ripple_TLL14-15	79	423572
211.7865	0.0475	ripple_TLL2-3	84	423573
211.8065	0.053	ripple_TLL5-6	98	423613
211.8085	0.0355	ripple_TLL27-28	91	423617
211.809	0.056	ripple_TLL28-29	92	423618
211.818	0.1005	ripple_TLL6-7	99	423636
211.8185	0.046	ripple_TLL19-20	83	423637
211.8195	0.063	ripple_TLL31-32	96	423639
211.833	0.053	ripple_TLL21-22	86	423666
211.8345	0.0595	ripple_TBPL1-2	71	423669
211.836	0.1035	ripple_TLL20-21	85	423672
211.841	0.0435	ripple_TBPL2-3	72	423682
211.8545	0.057	ripple_TLL9-10	101	423709
211.871	0.1075	ripple_TLL14-15	79	423742
211.878	0.03	ripple_TLL7-8	100	423756
211.8805	0.183	ripple_TLL10-11	75	423761
211.9115	0.0355	ripple_TLL28-29	92	423823
211.9165	0.0555	ripple_TLL15-16	80	423833
211.9435	0.1175	ripple_TLL3-4	94	423887
211.9555	0.046	ripple_TLL23-24	88	423911
211.9565	0.1145	ripple_TLL31-32	96	423913
211.9625	0.0695	ripple_TLL26-27	90	423925
211.977	0.0635	ripple_TLL7-8	100	423954
211.992	0.1465	ripple_TBPL1-2	71	423984
212.0005	0.013	fr_TLL6-7	32	424001
212.004	0.057	ripple_TLL19-20	83	424008
212.006	0.0345	ripple_TLL11-12	76	424012
212.0095	0.033	ripple_TLL29-30	93	424019
212.0105	0.1	ripple_TLL21-22	86	424021
212.0125	0.046	ripple_TLL30-31	95	424025
212.015	0.1	ripple_TLL4-5	97	424030
212.0525	0.121	ripple_TLL6-7	99	424105
212.072	0.037	ripple_TLL20-21	85	424144
212.0785	0.1295	ripple_TBPL2-3	72	424157
212.0895	0.108	ripple_TLL7-8	100	424179
212.1045	0.0675	ripple_TLL2-3	84	424209
212.112	0.0855	ripple_TLL29-30	93	424224
212.113	0.06	ripple_TLL27-28	91	424226
212.115	0.1175	ripple_TLL28-29	92	424230
212.1205	0.1155	ripple_TLL30-31	95	424241
212.1255	0.0475	ripple_TLL1-2	74	424251
212.141	0.116	ripple_TBPL3-4	73	424282
212.147	0.2815	ripple_TLL21-22	86	424294
212.1555	0.115	ripple_TLL23-24	88	424311
212.156	0.057	ripple_TLL22-23	87	424312
212.1595	0.1285	ripple_TLL26-27	90	424319
212.16	0.0895	ripple_TLL10-11	75	424320
212.16	0.0895	fr_TLL10-11	8	424320
212.16	0.0895	frandr_TLL10-11	42	424320
212.1635	0.0385	ripple_TLL18-19	82	424327
212.1645	0.0245	fr_TLL9-10	34	424329
212.1875	0.115	ripple_TLL20-21	85	424375
212.207	0.047	ripple_TLL14-15	79	424414
212.227	0.0585	ripple_TBPL1-2	71	424454
212.237	0.0265	ripple_TLL31-32	96	424474
212.2405	0.2035	ripple_TLL18-19	82	424481
212.2515	0.1005	ripple_TBPL2-3	72	424503
212.2695	0.066	ripple_TLL9-10	101	424539
212.291	0.0565	ripple_TLL10-11	75	424582
212.2955	0.053	ripple_TLL1-2	74	424591
212.299	0.201	ripple_TLL31-32	96	424598
212.345	0.15	ripple_TLL20-21	85	424690
212.359	0.136	ripple_TLL15-16	80	424718
212.3755	0.1615	ripple_TLL2-3	84	424751
212.385	0.053	ripple_TBPL2-3	72	424770
212.397	0.057	ripple_TLL4-5	97	424794
212.408	0.109	ripple_TLL19-20	83	424816
212.413	0.039	ripple_TLL23-24	88	424826
212.434	0.038	ripple_TLL9-10	101	424868
212.434	0.062	ripple_TLL12-13	77	424868
212.4445	0.087	ripple_TLL14-15	79	424889
212.4565	0.0385	ripple_TLL11-12	76	424913
212.457	0.1575	ripple_TLL22-23	87	424914
212.4575	0.163	ripple_TLL30-31	95	424915
212.4595	0.075	ripple_TLL29-30	93	424919
212.46	0.0595	ripple_TLL17-18	81	424920
212.464	0.038	ripple_TLL28-29	92	424928
212.4665	0.0525	ripple_TLL18-19	82	424933
212.473	0.093	ripple_TLL1-2	74	424946
212.5405	0.074	ripple_TBPL2-3	72	425081
212.545	0.0335	ripple_TLL19-20	83	425090
212.5595	0.0465	ripple_TLL18-19	82	425119
212.563	0.034	ripple_TLL21-22	86	425126
212.5745	0.046	ripple_TLL6-7	99	425149
212.593	0.0335	ripple_TLL1-2	74	425186
212.639	0.0725	ripple_TBPL2-3	72	425278
212.6485	0.032	ripple_TLL21-22	86	425297
212.6885	0.087	ripple_TBPL1-2	71	425377
212.6895	0.0545	ripple_TLL7-8	100	425379
212.698	0.0415	ripple_TLL28-29	92	425396
212.7	0.0535	ripple_TLL31-32	96	425400
212.7245	0.0525	ripple_TLL23-24	88	425449
212.732	0.0365	ripple_TLL22-23	87	425464
212.747	0.0315	ripple_TLL15-16	80	425494
212.759	0.061	ripple_TLL2-3	84	425518
212.774	0.0945	ripple_TLL1-2	74	425548
212.782	0.126	ripple_TLL14-15	79	425564
212.7835	0.0325	ripple_TBPL2-3	72	425567
212.789	0.1385	ripple_TLL31-32	96	425578
212.79	0.033	ripple_TLL30-31	95	425580
212.792	0.0315	ripple_TLL29-30	93	425584
212.8095	0.0415	ripple_TBPL3-4	73	425619
212.8405	0.0585	ripple_TLL15-16	80	425681
212.8415	0.0365	ripple_TLL20-21	85	425683
212.847	0.1375	ripple_TBPL2-3	72	425694
212.8485	0.1055	ripple_TLL22-23	87	425697
212.8495	0.0435	ripple_TLL21-22	86	425699
212.861	0.0665	ripple_TLL30-31	95	425722
212.8645	0.0445	ripple_TLL5-6	98	425729
212.874	0.0715	ripple_TLL23-24	88	425748
212.8815	0.125	ripple_TLL19-20	83	425763
212.917	0.076	ripple_TLL6-7	99	425834
212.919	0.047	ripple_TLL7-8	100	425838
212.9385	0.083	ripple_TLL18-19	82	425877
212.941	0.0855	ripple_TLL20-21	85	425882
212.9545	0.1155	ripple_TLL1-2	74	425909
212.97	0.0715	ripple_TLL15-16	80	425940
212.9755	0.131	ripple_TLL22-23	87	425951
212.976	0.035	ripple_TLL31-32	96	425952
213.002	0.055	ripple_TLL13-14	78	426004
213.043	0.0345	ripple_TLL4-5	97	426086
213.064	0.044	ripple_TLL23-24	88	426128
213.068	0.081	ripple_TBPL2-3	72	426136
213.09	0.049	ripple_TLL14-15	79	426180
213.0925	0.084	ripple_TLL7-8	100	426185
213.1045	0.05	ripple_TLL21-22	86	426209
213.1065	0.0315	ripple_TLL15-16	80	426213
213.1225	0.0355	ripple_TLL31-32	96	426245
213.1415	0.048	ripple_TLL18-19	82	426283
213.1425	0.1075	ripple_TLL22-23	87	426285
213.143	0.2815	ripple_TLL23-24	88	426286
213.146	0.032	ripple_TLL28-29	92	426292
213.1495	0.0645	ripple_TBPL1-2	71	426299
213.174	0.0885	ripple_TLL29-30	93	426348
213.1815	0.1135	ripple_TLL19-20	83	426363
213.1955	0.0545	ripple_TLL20-21	85	426391
213.2065	0.0655	ripple_TLL9-10	101	426413
213.2385	0.0495	ripple_TLL26-27	90	426477
213.239	0.0965	ripple_TLL31-32	96	426478
213.2575	0.037	ripple_TLL1-2	74	426515
213.2575	0.088	ripple_TLL15-16	80	426515
213.263	0.039	ripple_TLL4-5	97	426526
213.2705	0.079	ripple_TLL3-4	94	426541
213.2715	0.0845	ripple_TLL14-15	79	426543
213.3015	0.04	ripple_TBPL1-2	71	426603
213.308	0.0425	ripple_TLL29-30	93	426616
213.309	0.017	fr_TLL17-18	14	426618
213.3145	0.185	ripple_TLL22-23	87	426629
213.3275	0.043	ripple_TLL1-2	74	426655
213.3305	0.0475	ripple_TLL7-8	100	426661
213.3455	0.164	ripple_TLL30-31	95	426691
213.3485	0.2005	ripple_TBPL2-3	72	426697
213.3735	0.036	ripple_TBPL3-4	73	426747
213.396	0.033	ripple_TLL1-2	74	426792
213.408	0.175	ripple_TLL21-22	86	426816
213.4185	0.055	ripple_TLL5-6	98	426837
213.4235	0.064	ripple_TLL28-29	92	426847
213.431	0.0705	ripple_TLL7-8	100	426862
213.433	0.051	ripple_TBAL2-3	69	426866
213.4335	0.0705	ripple_TLL31-32	96	426867
213.4375	0.04	ripple_TBPL3-4	73	426875
213.449	0.0835	ripple_TLL1-2	74	426898
213.4555	0.046	ripple_TLL23-24	88	426911
213.46	0.0305	ripple_TLL15-16	80	426920
213.46	0.1205	ripple_TLL20-21	85	426920
213.5195	0.0375	ripple_TLL5-6	98	427039
213.522	0.062	ripple_TLL6-7	99	427044
213.5255	0.1525	ripple_TLL19-20	83	427051
213.5315	0.057	ripple_TLL30-31	95	427063
213.5465	0.095	ripple_TLL15-16	80	427093
213.557	0.041	ripple_TBPL1-2	71	427114
213.574	0.034	ripple_TLL3-4	94	427148
213.613	0.044	ripple_TLL5-6	98	427226
213.615	0.0385	ripple_TLL14-15	79	427230
213.618	0.05	ripple_TLL6-7	99	427236
213.6235	0.0365	ripple_TLL2-3	84	427247
213.627	0.1155	ripple_TLL27-28	91	427254
213.6305	0.0415	ripple_TLL29-30	93	427261
213.6345	0.0355	ripple_TLL21-22	86	427269
213.6485	0.207	ripple_TLL31-32	96	427297
213.67	0.038	ripple_TBPL2-3	72	427340
213.6745	0.183	ripple_TLL30-31	95	427349
213.6855	0.0505	ripple_TLL28-29	92	427371
213.6895	0.095	ripple_TLL1-2	74	427379
213.7005	0.051	ripple_TLL22-23	87	427401
213.7165	0.0365	ripple_TLL10-11	75	427433
213.7225	0.0415	ripple_TLL7-8	100	427445
213.7325	0.0385	ripple_TLL11-12	76	427465
213.7395	0.084	ripple_TBAL2-3	69	427479
213.754	0.0725	ripple_TBPL1-2	71	427508
213.7625	0.0725	ripple_TLL9-10	101	427525
213.764	0.1045	ripple_TLL29-30	93	427528
213.7695	0.0625	ripple_TLL20-21	85	427539
213.78	0.0185	fr_TLL27-28	24	427560
213.781	0.014	fr_TBAL3-4	3	427562
213.781	0.018	fr_TLL28-29	25	427562
213.8095	0.0565	ripple_TLL7-8	100	427619
213.8105	0.0735	ripple_TLL13-14	78	427621
213.814	0.073	ripple_TLL15-16	80	427628
213.8145	0.129	ripple_TLL18-19	82	427629
213.831	0.041	ripple_TLL1-2	74	427662
213.8335	0.039	ripple_TLL12-13	77	427667
213.8525	0.062	ripple_TBPL2-3	72	427705
213.859	0.2	ripple_TLL19-20	83	427718
213.866	0.0695	ripple_TBPL1-2	71	427732
213.872	0.0605	ripple_TLL21-22	86	427744
213.914	0.055	ripple_TLL1-2	74	427828
213.9275	0.0475	ripple_TLL29-30	93	427855
213.9285	0.08	ripple_TLL30-31	95	427857
213.9425	0.147	ripple_TLL14-15	79	427885
213.943	0.0875	ripple_TLL15-16	80	427886
213.9555	0.1835	ripple_TLL28-29	92	427911
213.9565	0.144	ripple_TBAL2-3	69	427913
213.96	0.1055	ripple_TLL31-32	96	427920
213.978	0.066	ripple_TLL3-4	94	427956
213.986	0.047	ripple_TLL13-14	78	427972
213.987	0.0855	ripple_TBPL2-3	72	427974
213.989	0.0685	ripple_TLL11-12	76	427978
213.9925	0.0575	ripple_TLL6-7	99	427985
213.9945	0.065	ripple_TLL20-21	85	427989
213.9985	0.0525	ripple_TLL4-5	97	427997
214.0015	0.0505	ripple_TLL9-10	101	428003
214.0015	0.3355	ripple_TLL1-2	74	428003
214.011	0.1345	ripple_TLL29-30	93	428022
214.0275	0.1175	ripple_TBPL1-2	71	428055
214.0295	0.0425	ripple_TLL18-19	82	428059
214.036	0.0275	ripple_TLL23-24	88	428072
214.047	0.088	ripple_TLL21-22	86	428094
214.075	0.032	ripple_TLL9-10	101	428150
214.077	0.0445	ripple_TLL30-31	95	428154
214.0795	0.04	ripple_TLL20-21	85	428159
214.098	0.101	ripple_TLL19-20	83	428196
214.102	0.08	ripple_TLL2-3	84	428204
214.109	0.043	ripple_TLL31-32	96	428218
214.113	0.0725	ripple_TLL5-6	98	428226
214.114	0.044	ripple_TLL14-15	79	428228
214.125	0.063	ripple_TLL18-19	82	428250
214.133	0.0475	ripple_TLL13-14	78	428266
214.1395	0.035	ripple_TLL23-24	88	428279
214.1445	0.033	ripple_TLL20-21	85	428289
214.145	0.0425	ripple_TLL22-23	87	428290
214.1505	0.047	ripple_TLL6-7	99	428301
214.1775	0.041	ripple_TBPL1-2	71	428355
214.1775	0.0525	ripple_TLL21-22	86	428355
214.178	0.047	ripple_TLL7-8	100	428356
214.205	0.0475	ripple_TLL20-21	85	428410
214.207	0.054	ripple_TLL29-30	93	428414
214.208	0.054	ripple_TLL9-10	101	428416
214.2205	0.034	ripple_TBPL2-3	72	428441
214.2525	0.0755	ripple_TLL23-24	88	428505
214.255	0.0415	ripple_TLL19-20	83	428510
214.2565	0.06	ripple_TLL22-23	87	428513
214.266	0.0665	ripple_TLL21-22	86	428532
214.269	0.071	ripple_TLL5-6	98	428538
214.2835	0.046	ripple_TLL29-30	93	428567
214.2855	0.056	ripple_TLL30-31	95	428571
214.2895	0.136	ripple_TLL28-29	92	428579
214.297	0.0355	ripple_TBPL2-3	72	428594
214.302	0.0345	ripple_TLL3-4	94	428604
214.3125	0.156	ripple_TLL20-21	85	428625
214.3235	0.036	ripple_TLL13-14	78	428647
214.325	0.077	ripple_TLL27-28	91	428650
214.3255	0.0575	ripple_TBPL1-2	71	428651
214.3345	0.033	ripple_TLL14-15	79	428669
214.3485	0.0405	ripple_TLL6-7	99	428697
214.3485	0.115	ripple_TLL15-16	80	428697
214.3565	0.049	ripple_TLL19-20	83	428713
214.3585	0.0615	ripple_TLL22-23	87	428717
214.3825	0.059	ripple_TLL29-30	93	428765
214.3835	0.074	ripple_TLL30-31	95	428767
214.391	0.0565	ripple_TLL1-2	74	428782
214.402	0.07	ripple_TLL14-15	79	428804
214.4055	0.1735	ripple_TBPL1-2	71	428811
214.408	0.2605	ripple_TBPL2-3	72	428816
214.4215	0.0525	ripple_TLL31-32	96	428843
214.4635	0.127	ripple_TLL7-8	100	428927
214.4695	0.142	ripple_TLL22-23	87	428939
214.47	0.0535	ripple_TLL23-24	88	428940
214.4895	0.0345	ripple_TBPL3-4	73	428979
214.497	0.067	ripple_TLL14-15	79	428994
214.508	0.0395	ripple_TLL2-3	84	429016
214.513	0.1025	ripple_TLL13-14	78	429026
214.519	0.052	ripple_TLL21-22	86	429038
214.521	0.0385	ripple_TLL6-7	99	429042
214.532	0.136	ripple_TLL19-20	83	429064
214.5445	0.038	ripple_TLL5-6	98	429089
214.553	0.035	ripple_TLL1-2	74	429106
214.5615	0.087	ripple_TLL18-19	82	429123
214.5615	0.087	fr_TLL18-19	15	429123
214.5615	0.087	frandr_TLL18-19	49	429123
214.578	0.1725	ripple_TLL29-30	93	429156
214.581	0.144	ripple_TLL31-32	96	429162
214.583	0.011	fr_TBAL3-4	3	429166
214.6085	0.1455	ripple_TBPL1-2	71	429217
214.6115	0.1175	ripple_TLL20-21	85	429223
214.616	0.0505	ripple_TLL14-15	79	429232
214.621	0.0365	ripple_TLL2-3	84	429242
214.668	0.0405	ripple_TLL15-16	80	429336
214.671	0.039	ripple_TLL10-11	75	429342
214.6775	0.0755	ripple_TLL1-2	74	429355
214.685	0.0385	ripple_TBAL3-4	70	429370
214.726	0.055	ripple_TLL2-3	84	429452
214.7265	0.1435	ripple_TLL13-14	78	429453
214.734	0.0725	ripple_TLL19-20	83	429468
214.735	0.14	ripple_TLL14-15	79	429470
214.744	0.05	ripple_TLL17-18	81	429488
214.7465	0.031	ripple_TLL4-5	97	429493
214.7605	0.054	ripple_TLL31-32	96	429521
214.7695	0.098	ripple_TLL20-21	85	429539
214.7895	0.052	ripple_TLL26-27	90	429579
214.795	0.0495	ripple_TLL10-11	75	429590
214.807	0.037	ripple_TLL11-12	76	429614
214.8195	0.059	ripple_TLL30-31	95	429639
214.842	0.0755	ripple_TLL23-24	88	429684
214.8445	0.039	ripple_TLL17-18	81	429689
214.8495	0.049	ripple_TLL6-7	99	429699
214.85	0.0625	ripple_TLL1-2	74	429700
214.853	0.06	ripple_TBPL1-2	71	429706
214.8615	0.112	ripple_TLL3-4	94	429723
214.8685	0.07	ripple_TLL7-8	100	429737
214.8835	0.043	ripple_TLL22-23	87	429767
214.884	0.287	ripple_TLL18-19	82	429768
214.887	0.192	ripple_TLL19-20	83	429774
214.903	0.1315	ripple_TLL4-5	97	429806
214.905	0.062	ripple_TLL30-31	95	429810
214.9315	0.044	ripple_TLL14-15	79	429863
214.9555	0.03	ripple_TLL11-12	76	429911
214.967	0.037	ripple_TBPL2-3	72	429934
214.982	0.1345	ripple_TLL29-30	93	429964
214.988	0.12	ripple_TLL21-22	86	429976
214.99	0.0505	ripple_TLL20-21	85	429980
214.993	0.038	ripple_TLL31-32	96	429986
215.0165	0.0825	ripple_TLL23-24	88	430033
215.019	0.126	ripple_TBPL1-2	71	430038
215.0195	0.049	ripple_TLL22-23	87	430039
215.036	0.081	ripple_TLL28-29	92	430072
215.047	0.0355	ripple_TLL30-31	95	430094
215.0515	0.1005	ripple_TBPL2-3	72	430103
215.0545	0.226	ripple_TLL1-2	74	430109
215.061	0.044	ripple_TLL27-28	91	430122
215.062	0.041	ripple_TLL7-8	100	430124
215.102	0.04	ripple_TLL3-4	94	430204
215.115	0.052	ripple_TLL17-18	81	430230
215.1185	0.127	ripple_TLL19-20	83	430237
215.12	0.0465	ripple_TLL6-7	99	430240
215.147	0.0445	ripple_TLL7-8	100	430294
215.148	0.0345	ripple_TLL28-29	92	430296
215.164	0.0695	ripple_TLL15-16	80	430328
215.184	0.0465	ripple_TLL29-30	93	430368
215.1875	0.0725	ripple_TLL21-22	86	430375
215.191	0.4595	ripple_TLL18-19	82	430382
215.193	0.0555	ripple_TLL5-6	98	430386
215.208	0.0455	ripple_TLL4-5	97	430416
215.209	0.0505	ripple_TLL31-32	96	430418
215.2355	0.0465	ripple_TLL7-8	100	430471
215.2415	0.0445	ripple_TLL13-14	78	430483
215.243	0.044	ripple_TLL27-28	91	430486
215.2465	0.107	ripple_TLL22-23	87	430493
215.2575	0.0385	ripple_TLL28-29	92	430515
215.2695	0.248	ripple_TLL29-30	93	430539
215.271	0.0425	ripple_TLL30-31	95	430542
215.285	0.1235	ripple_TLL21-22	86	430570
215.3015	0.0565	ripple_TLL14-15	79	430603
215.3315	0.056	ripple_TLL2-3	84	430663
215.336	0.0805	ripple_TLL30-31	95	430672
215.344	0.1525	ripple_TLL7-8	100	430688
215.356	0.0325	ripple_TLL1-2	74	430712
215.3745	0.07	ripple_TLL31-32	96	430749
215.3815	0.0895	ripple_TLL23-24	88	430763
215.3835	0.075	ripple_TLL22-23	87	430767
215.3865	0.246	ripple_TLL20-21	85	430773
215.407	0.0575	ripple_TLL27-28	91	430814
215.4125	0.069	ripple_TLL6-7	99	430825
215.421	0.0855	ripple_TBPL1-2	71	430842
215.4305	0.0295	ripple_TLL3-4	94	430861
215.4475	0.093	ripple_TLL13-14	78	430895
215.451	0.1245	ripple_TLL14-15	79	430902
215.4535	0.0695	ripple_TLL21-22	86	430907
215.4635	0.0665	ripple_TLL30-31	95	430927
215.474	0.0845	ripple_TBPL2-3	72	430948
215.474	0.121	ripple_TLL31-32	96	430948
215.528	0.195	ripple_TLL1-2	74	431056
215.545	0.0745	ripple_TLL15-16	80	431090
215.548	0.0305	ripple_TLL10-11	75	431096
215.554	0.217	ripple_TLL29-30	93	431108
215.5725	0.1115	ripple_TLL30-31	95	431145
215.5755	0.2235	ripple_TLL2-3	84	431151
215.5835	0.1195	ripple_TLL19-20	83	431167
215.588	0.047	ripple_TLL21-22	86	431176
215.594	0.084	ripple_TLL7-8	100	431188
215.605	0.146	ripple_TBPL2-3	72	431210
215.627	0.231	ripple_TLL31-32	96	431254
215.629	0.0885	ripple_TLL5-6	98	431258
215.6295	0.0375	ripple_TLL28-29	92	431259
215.6335	0.0775	ripple_TLL6-7	99	431267
215.6545	0.0895	ripple_TLL20-21	85	431309
215.681	0.0785	ripple_TLL11-12	76	431362
215.687	0.044	ripple_TLL27-28	91	431374
215.6885	0.0555	ripple_TLL28-29	92	431377
215.689	0.0435	ripple_TLL14-15	79	431378
215.689	0.2325	ripple_TLL15-16	80	431378
215.6935	0.241	ripple_TLL21-22	86	431387
215.712	0.1345	ripple_TLL30-31	95	431424
215.7165	0.1255	ripple_TLL23-24	88	431433
215.75	0.111	ripple_TLL17-18	81	431500
215.7555	0.609	ripple_TLL19-20	83	431511
215.764	0.1685	ripple_TLL20-21	85	431528
215.7725	0.052	ripple_TLL5-6	98	431545
215.7725	0.052	fr_TLL5-6	31	431545
215.7725	0.052	frandr_TLL5-6	64	431545
215.799	0.045	ripple_TLL6-7	99	431598
215.8015	0.118	ripple_TBPL3-4	73	431603
215.8035	0.0405	ripple_TLL7-8	100	431607
215.807	0.063	ripple_TLL27-28	91	431614
215.838	0.0385	ripple_TLL1-2	74	431676
215.847	0.0395	ripple_TLL5-6	98	431694
215.88	0.0625	ripple_TLL22-23	87	431760
215.8925	0.109	ripple_TLL14-15	79	431785
215.9035	0.0375	ripple_TLL26-27	90	431807
215.916	0.04	ripple_TLL30-31	95	431832
215.9215	0.067	ripple_TLL6-7	99	431843
215.931	0.1735	ripple_TLL31-32	96	431862
215.9325	0.107	ripple_TLL28-29	92	431865
215.9375	0.155	ripple_TLL1-2	74	431875
215.9425	0.047	ripple_TLL7-8	100	431885
215.946	0.233	ripple_TLL27-28	91	431892
215.9605	0.044	ripple_TLL29-30	93	431921
215.9765	0.0405	ripple_TLL20-21	85	431953
215.984	0.036	ripple_TLL21-22	86	431968
215.985	0.043	ripple_TLL22-23	87	431970
215.997	0.087	ripple_TLL18-19	82	431994
216.007	0.1035	ripple_TBPL2-3	72	432014
216.0075	0.0475	ripple_TLL3-4	94	432015
216.008	0.048	ripple_TLL4-5	97	432016
216.0095	0.0775	ripple_TLL26-27	90	432019
216.015	0.054	ripple_TLL15-16	80	432030
216.0235	0.0815	ripple_TLL7-8	100	432047
216.037	0.0385	ripple_TLL2-3	84	432074
216.059	0.0525	ripple_TLL20-21	85	432118
216.0725	0.0765	ripple_TLL23-24	88	432145
216.1075	0.0595	ripple_TLL28-29	92	432215
216.1125	0.0815	ripple_TLL2-3	84	432225
216.1175	0.0465	ripple_TLL15-16	80	432235
216.1275	0.04	ripple_TLL31-32	96	432255
216.13	0.0475	ripple_TLL26-27	90	432260
216.153	0.072	ripple_TLL20-21	85	432306
216.159	0.097	ripple_TLL1-2	74	432318
216.162	0.0595	ripple_TLL22-23	87	432324
216.1745	0.171	ripple_TBPL2-3	72	432349
216.1895	0.039	ripple_TLL12-13	77	432379
216.1965	0.0555	ripple_TBPL3-4	73	432393
216.2005	0.0455	ripple_TLL5-6	98	432401
216.218	0.0345	ripple_TLL6-7	99	432436
216.22	0.053	ripple_TLL27-28	91	432440
216.239	0.034	ripple_TLL3-4	94	432478
216.2575	0.13	ripple_TLL29-30	93	432515
216.297	0.148	ripple_TLL6-7	99	432594
216.338	0.0395	ripple_TLL28-29	92	432676
216.3395	0.0455	ripple_TBAL3-4	70	432679
216.3545	0.049	ripple_TLL26-27	90	432709
216.3605	0.0485	ripple_TLL15-16	80	432721
216.392	0.105	ripple_TLL31-32	96	432784
216.4105	0.118	ripple_TBPL2-3	72	432821
216.425	0.106	ripple_TLL23-24	88	432850
216.4385	0.1095	ripple_TLL3-4	94	432877
216.44	0.089	ripple_TLL1-2	74	432880
216.4535	0.036	ripple_TLL29-30	93	432907
216.4845	0.0765	ripple_TBPL1-2	71	432969
216.496	0.095	ripple_TLL28-29	92	432992
216.5	0.0355	ripple_TLL21-22	86	433000
216.502	0.0485	ripple_TLL19-20	83	433004
216.51	0.0435	ripple_TLL27-28	91	433020
216.5225	0.0915	ripple_TLL29-30	93	433045
216.5505	0.0455	ripple_TBPL3-4	73	433101
216.567	0.0705	ripple_TLL20-21	85	433134
216.5825	0.0305	ripple_TLL27-28	91	433165
216.5825	0.033	ripple_TLL26-27	90	433165
216.583	0.22	ripple_TBPL2-3	72	433166
216.59	0.048	ripple_TLL2-3	84	433180
216.5905	0.048	ripple_TLL4-5	97	433181
216.594	0.1275	ripple_TLL22-23	87	433188
216.602	0.0615	ripple_TLL1-2	74	433204
216.6025	0.2145	ripple_TLL31-32	96	433205
216.609	0.052	ripple_TLL9-10	101	433218
216.612	0.1945	ripple_TLL28-29	92	433224
216.612	0.326	ripple_TLL18-19	82	433224
216.615	0.086	ripple_TLL6-7	99	433230
216.631	0.2645	ripple_TLL30-31	95	433262
216.649	0.061	ripple_TLL7-8	100	433298
216.662	0.0685	ripple_TLL15-16	80	433324
216.67	0.329	ripple_TLL20-21	85	433340
216.71	0.059	ripple_TLL4-5	97	433420
216.714	0.074	ripple_TLL1-2	74	433428
216.717	0.0555	ripple_TLL3-4	94	433434
216.7225	0.035	ripple_TLL17-18	81	433445
216.731	0.052	ripple_TLL2-3	84	433462
216.735	0.047	ripple_TLL27-28	91	433470
216.735	0.0515	ripple_TLL13-14	78	433470
216.785	0.0105	fr_TLL2-3	17	433570
216.7935	0.0285	ripple_TLL17-18	81	433587
216.801	0.048	ripple_TBPL1-2	71	433602
216.805	0.0585	ripple_TLL6-7	99	433610
216.817	0.078	ripple_TLL1-2	74	433634
216.8265	0.1425	ripple_TBPL2-3	72	433653
216.855	0.1555	ripple_TLL15-16	80	433710
216.861	0.034	ripple_TLL31-32	96	433722
216.8755	0.1275	ripple_TLL29-30	93	433751
216.8925	0.046	ripple_TBAL3-4	70	433785
216.8925	0.0775	ripple_TLL6-7	99	433785
216.8925	0.0925	ripple_TLL5-6	98	433785
216.8985	0.0465	ripple_TLL26-27	90	433797
216.91	0.038	ripple_TLL10-11	75	433820
216.9105	0.031	ripple_TLL7-8	100	433821
216.9125	0.041	ripple_TLL9-10	101	433825
216.922	0.1605	ripple_TLL30-31	95	433844
216.9355	0.048	ripple_TLL14-15	79	433871
216.977	0.054	ripple_TLL18-19	82	433954
216.979	0.0865	ripple_TBPL3-4	73	433958
217.0175	0.1365	ripple_TLL4-5	97	434035
217.023	0.173	ripple_TLL20-21	85	434046
217.026	0.0855	ripple_TLL3-4	94	434052
217.0265	0.1995	ripple_TBPL1-2	71	434053
217.0435	0.107	ripple_TLL15-16	80	434087
217.053	0.056	ripple_TLL7-8	100	434106
217.059	0.2	ripple_TLL21-22	86	434118
217.0845	0.863	ripple_TLL29-30	93	434169
217.09	0.0995	ripple_TLL14-15	79	434180
217.0925	0.2395	ripple_TLL6-7	99	434185
217.095	0.0515	ripple_TBAL2-3	69	434190
217.116	0.1905	ripple_TLL13-14	78	434232
217.1185	0.177	ripple_TLL31-32	96	434237
217.1235	0.123	ripple_TLL1-2	74	434247
217.1415	0.0835	ripple_TLL7-8	100	434283
217.1825	0.042	ripple_TBPL3-4	73	434365
217.1905	0.0365	ripple_TBPL2-3	72	434381
217.2375	0.0515	ripple_TLL15-16	80	434475
217.2505	0.1785	ripple_TLL30-31	95	434501
217.253	0.033	ripple_TLL26-27	90	434506
217.2605	0.0535	ripple_TBPL3-4	73	434521
217.2715	0.052	ripple_TBPL2-3	72	434543
217.286	0.0495	ripple_TLL3-4	94	434572
217.2935	0.0375	ripple_TLL4-5	97	434587
217.3035	0.06	ripple_TLL27-28	91	434607
217.3115	0.063	ripple_TLL28-29	92	434623
217.3125	0.0535	ripple_TLL5-6	98	434625
217.3195	0.1995	ripple_TLL14-15	79	434639
217.32	0.07	ripple_TLL1-2	74	434640
217.32	0.07	fr_TLL1-2	7	434640
217.32	0.07	frandr_TLL1-2	41	434640
217.3245	0.0385	ripple_TLL2-3	84	434649
217.3315	0.027	ripple_TLL19-20	83	434663
217.3335	0.0895	ripple_TLL15-16	80	434667
217.3385	0.0605	ripple_TLL13-14	78	434677
217.3505	0.121	ripple_TLL20-21	85	434701
217.3535	0.052	ripple_TLL31-32	96	434707
217.3615	0.042	ripple_TLL6-7	99	434723
217.3875	0.0575	ripple_TLL19-20	83	434775
217.427	0.0335	ripple_TLL28-29	92	434854
217.427	0.074	ripple_TLL1-2	74	434854
217.4295	0.042	ripple_TLL2-3	84	434859
217.442	0.105	ripple_TBPL2-3	72	434884
217.474	0.041	ripple_TLL9-10	101	434948
217.4745	0.06	ripple_TLL31-32	96	434949
217.482	0.0645	ripple_TLL3-4	94	434964
217.4825	0.1035	ripple_TLL18-19	82	434965
217.4915	0.036	ripple_TLL19-20	83	434983
217.495	0.23	ripple_TLL30-31	95	434990
217.4975	0.05	ripple_TLL20-21	85	434995
217.5085	0.091	ripple_TLL21-22	86	435017
217.515	0.171	ripple_TLL2-3	84	435030
217.5205	0.0635	ripple_TLL27-28	91	435041
217.521	0.0525	ripple_TLL4-5	97	435042
217.521	0.055	ripple_TLL10-11	75	435042
217.525	0.096	ripple_TLL28-29	92	435050
217.5445	0.08	ripple_TLL14-15	79	435089
217.5485	0.1055	ripple_TLL1-2	74	435097
217.552	0.0655	ripple_TLL13-14	78	435104
217.5555	0.033	ripple_TLL19-20	83	435111
217.571	0.1335	ripple_TBPL2-3	72	435142
217.592	0.179	ripple_TLL23-24	88	435184
217.596	0.039	ripple_TBAL1-2	68	435192
217.6005	0.0155	fr_TLL18-19	15	435201
217.605	0.0395	ripple_TLL11-12	76	435210
217.621	0.2325	ripple_TLL21-22	86	435242
217.629	0.0415	ripple_TLL12-13	77	435258
217.645	0.033	ripple_TLL9-10	101	435290
217.6495	0.089	ripple_TLL19-20	83	435299
217.6525	0.0425	ripple_TLL31-32	96	435305
217.6555	0.042	ripple_TLL26-27	90	435311
217.6615	0.0315	ripple_TBPL3-4	73	435323
217.6765	0.0895	ripple_TLL1-2	74	435353
217.6965	0.046	ripple_TLL15-16	80	435393
217.714	0.029	ripple_TLL6-7	99	435428
217.7175	0.105	ripple_TLL28-29	92	435435
217.7215	0.0855	ripple_TLL14-15	79	435443
217.752	0.092	ripple_TLL3-4	94	435504
217.7535	0.046	ripple_TBAL3-4	70	435507
217.7535	0.046	fr_TBAL3-4	3	435507
217.7535	0.046	frandr_TBAL3-4	37	435507
217.7585	0.038	ripple_TLL11-12	76	435517
217.766	0.033	ripple_TLL27-28	91	435532
217.772	0.051	ripple_TLL6-7	99	435544
217.7805	0.1685	ripple_TLL31-32	96	435561
217.7815	0.059	ripple_TLL7-8	100	435563
217.788	0.0455	ripple_TLL30-31	95	435576
217.793	0.0855	ripple_TLL2-3	84	435586
217.808	0.083	ripple_TLL22-23	87	435616
217.8095	0.046	ripple_TLL4-5	97	435619
217.815	0.1735	ripple_TLL20-21	85	435630
217.8365	0.066	ripple_TBPL2-3	72	435673
217.8365	0.066	fr_TBPL2-3	5	435673
217.8365	0.066	frandr_TBPL2-3	39	435673
217.846	0.0445	ripple_TLL23-24	88	435692
217.8745	0.0325	ripple_TLL7-8	100	435749
217.895	0.071	ripple_TLL1-2	74	435790
217.8965	0.011	fr_TBPL1-2	4	435793
217.8985	0.088	ripple_TLL21-22	86	435797
217.905	0.0595	ripple_TLL2-3	84	435810
217.917	0.1945	ripple_TLL18-19	82	435834
217.926	0.0645	ripple_TLL23-24	88	435852
217.9425	0.054	ripple_TLL13-14	78	435885
217.948	0.049	ripple_TLL14-15	79	435896
217.9635	0.056	ripple_TLL26-27	90	435927
217.9655	0.0565	ripple_TLL7-8	100	435931
217.983	0.051	ripple_TBAL3-4	70	435966
217.983	0.051	fr_TBAL3-4	3	435966
217.983	0.051	frandr_TBAL3-4	37	435966
217.986	0.1645	ripple_TLL19-20	83	435972
217.9885	0.0705	ripple_TBAL2-3	69	435977
217.9905	0.0975	ripple_TBPL1-2	71	435981
217.9985	0.0405	ripple_TLL31-32	96	435997
218.0205	0.1955	ripple_TBPL2-3	72	436041
218.0265	0.0685	ripple_TLL23-24	88	436053
218.0355	0.074	ripple_TLL17-18	81	436071
218.043	0.0475	ripple_TLL22-23	87	436086
218.0495	0.0445	ripple_TLL28-29	92	436099
218.058	0.0555	ripple_TLL21-22	86	436116
218.0605	0.0115	fr_TLL9-10	34	436121
218.0625	0.1185	ripple_TLL7-8	100	436125
218.067	0.0335	ripple_TLL15-16	80	436134
218.0675	0.0405	ripple_TBPL3-4	73	436135
218.07	0.0715	ripple_TLL13-14	78	436140
218.0745	0.222	ripple_TLL30-31	95	436149
218.0775	0.0675	ripple_TLL20-21	85	436155
218.094	0.091	ripple_TLL31-32	96	436188
218.098	0.0445	ripple_TLL26-27	90	436196
218.135	0.1495	ripple_TLL23-24	88	436270
218.136	0.0565	ripple_TLL18-19	82	436272
218.138	0.05	ripple_TLL22-23	87	436276
218.1405	0.047	ripple_TBPL1-2	71	436281
218.146	0.04	ripple_TLL17-18	81	436292
218.1495	0.0285	ripple_TLL29-30	93	436299
218.152	0.0865	ripple_TLL2-3	84	436304
218.1655	0.0475	ripple_TBPL3-4	73	436331
218.1855	0.06	ripple_TLL15-16	80	436371
218.1865	0.0455	ripple_TLL6-7	99	436373
218.195	0.1155	ripple_TLL28-29	92	436390
218.198	0.0385	ripple_TLL21-22	86	436396
218.202	0.0915	ripple_TLL4-5	97	436404
218.2105	0.065	ripple_TBAL3-4	70	436421
218.212	0.2285	ripple_TLL14-15	79	436424
218.2145	0.1465	ripple_TLL31-32	96	436429
218.22	0.045	ripple_TBAL2-3	69	436440
218.221	0.0355	ripple_TLL27-28	91	436442
218.2325	0.0495	ripple_TLL7-8	100	436465
218.2385	0.187	ripple_TLL22-23	87	436477
218.2615	0.063	ripple_TBPL1-2	71	436523
218.276	0.0875	ripple_TLL1-2	74	436552
218.2985	0.035	ripple_TLL29-30	93	436597
218.3135	0.135	ripple_TLL6-7	99	436627
218.322	0.046	ripple_TLL11-12	76	436644
218.3295	0.032	ripple_TLL15-16	80	436659
218.343	0.0285	ripple_TLL30-31	95	436686
218.3445	0.143	ripple_TLL2-3	84	436689
218.3505	0.261	ripple_TLL23-24	88	436701
218.351	0.1265	ripple_TLL28-29	92	436702
218.4065	0.2105	ripple_TLL30-31	95	436813
218.411	0.0855	ripple_TLL27-28	91	436822
218.421	0.0945	ripple_TLL31-32	96	436842
218.425	0.027	ripple_TLL21-22	86	436850
218.4275	0.1585	ripple_TLL29-30	93	436855
218.4325	0.0355	ripple_TBAL3-4	70	436865
218.438	0.1375	ripple_TBPL2-3	72	436876
218.462	0.1435	ripple_TLL22-23	87	436924
218.467	0.049	ripple_TLL18-19	82	436934
218.4915	0.076	ripple_TLL21-22	86	436983
218.511	0.0925	ripple_TLL28-29	92	437022
218.5155	0.0535	ripple_TLL3-4	94	437031
218.522	0.1425	ripple_TLL19-20	83	437044
218.529	0.1075	ripple_TLL6-7	99	437058
218.5315	0.071	ripple_TLL7-8	100	437063
218.5365	0.041	ripple_TLL14-15	79	437073
218.5465	0.073	ripple_TLL15-16	80	437093
218.5475	0.046	ripple_TLL11-12	76	437095
218.563	0.048	ripple_TLL18-19	82	437126
218.566	0.046	ripple_TLL27-28	91	437132
218.5665	0.1075	ripple_TLL31-32	96	437133
218.567	0.0765	ripple_TLL1-2	74	437134
218.599	0.0855	ripple_TLL26-27	90	437198
218.604	0.037	ripple_TBPL2-3	72	437208
218.648	0.0575	ripple_TBAL3-4	70	437296
218.649	0.0645	ripple_TBPL3-4	73	437298
218.651	0.5615	ripple_TLL29-30	93	437302
218.6535	0.066	ripple_TBAL2-3	69	437307
218.672	0.119	ripple_TLL21-22	86	437344
218.6835	0.1985	ripple_TBPL2-3	72	437367
218.684	0.0675	ripple_TLL7-8	100	437368
218.6885	0.153	ripple_TLL20-21	85	437377
218.695	0.141	ripple_TLL19-20	83	437390
218.7115	0.031	ripple_TLL18-19	82	437423
218.7195	0.067	ripple_TLL1-2	74	437439
218.7225	0.2145	ripple_TLL6-7	99	437445
218.7435	0.0515	ripple_TLL30-31	95	437487
218.7565	0.0385	ripple_TLL9-10	101	437513
218.7635	0.0315	ripple_TLL2-3	84	437527
218.7865	0.0445	ripple_TLL15-16	80	437573
218.804	0.115	ripple_TLL28-29	92	437608
218.8075	0.032	ripple_TLL1-2	74	437615
218.814	0.0935	ripple_TLL21-22	86	437628
218.8195	0.054	ripple_TLL30-31	95	437639
218.82	0.0375	ripple_TBPL3-4	73	437640
218.8205	0.065	ripple_TBPL1-2	71	437641
218.8335	0.0845	ripple_TLL23-24	88	437667
218.843	0.061	ripple_TLL7-8	100	437686
218.8445	0.1215	ripple_TLL5-6	98	437689
218.8575	0.159	ripple_TLL14-15	79	437715
218.8595	0.0695	ripple_TLL1-2	74	437719
218.864	0.0515	ripple_TLL13-14	78	437728
218.864	0.062	ripple_TLL2-3	84	437728
218.8815	0.1185	ripple_TLL20-21	85	437763
218.889	0.04	ripple_TLL3-4	94	437778
218.906	0.0425	ripple_TLL4-5	97	437812
218.9085	0.0595	ripple_TLL30-31	95	437817
218.914	0.0935	ripple_TLL31-32	96	437828
218.9305	0.356	ripple_TLL7-8	100	437861
218.9525	0.063	ripple_TLL28-29	92	437905
218.9535	0.1265	ripple_TLL27-28	91	437907
218.9555	0.036	ripple_TLL13-14	78	437911
218.9585	0.0705	ripple_TLL26-27	90	437917
218.9765	0.1715	ripple_TLL15-16	80	437953
218.9825	0.113	ripple_TLL19-20	83	437965
219.0005	0.1085	ripple_TLL18-19	82	438001
219.02	0.136	ripple_TLL13-14	78	438040
219.036	0.196	ripple_TLL30-31	95	438072
219.039	0.0345	ripple_TLL2-3	84	438078
219.057	0.0525	ripple_TLL10-11	75	438114
219.0635	0.0365	ripple_TBPL1-2	71	438127
219.069	0.079	ripple_TLL9-10	101	438138
219.0715	0.16	ripple_TLL31-32	96	438143
219.08	0.085	ripple_TLL5-6	98	438160
219.0835	0.143	ripple_TLL6-7	99	438167
219.0965	0.042	ripple_TLL14-15	79	438193
219.103	0.1375	ripple_TLL1-2	74	438206
219.119	0.0575	ripple_TLL19-20	83	438238
219.172	0.2885	ripple_TLL14-15	79	438344
219.1745	0.0285	ripple_TBPL2-3	72	438349
219.191	0.0545	ripple_TLL21-22	86	438382
219.198	0.035	ripple_TLL4-5	97	438396
219.2005	0.0365	ripple_TLL27-28	91	438401
219.212	0.081	ripple_TLL22-23	87	438424
219.216	0.087	ripple_TLL18-19	82	438432
219.2235	0.1475	ripple_TLL20-21	85	438447
219.227	0.0375	ripple_TLL15-16	80	438454
219.2285	0.0405	ripple_TBPL3-4	73	438457
219.232	0.0795	ripple_TLL19-20	83	438464
219.2465	0.0755	ripple_TBAL3-4	70	438493
219.2475	0.0615	ripple_TLL26-27	90	438495
219.252	0.039	ripple_TLL31-32	96	438504
219.262	0.0895	ripple_TLL1-2	74	438524
219.2625	0.163	ripple_TLL2-3	84	438525
219.266	0.049	ripple_TBAL2-3	69	438532
219.271	0.0305	ripple_TBPL2-3	72	438542
219.298	0.1535	ripple_TLL15-16	80	438596
219.3145	0.128	ripple_TLL23-24	88	438629
219.3155	0.3735	ripple_TLL22-23	87	438631
219.337	0.103	ripple_TLL29-30	93	438674
219.357	0.0775	ripple_TLL19-20	83	438714
219.363	0.056	ripple_TLL18-19	82	438726
219.377	0.084	ripple_TBPL1-2	71	438754
219.4015	0.034	ripple_TLL13-14	78	438803
219.402	0.2115	ripple_TLL7-8	100	438804
219.4255	0.0585	ripple_TLL1-2	74	438851
219.442	0.0465	ripple_TLL21-22	86	438884
219.445	0.0695	ripple_TLL31-32	96	438890
219.4505	0.06	ripple_TLL30-31	95	438901
219.4615	0.0425	ripple_TLL18-19	82	438923
219.475	0.0925	ripple_TBPL3-4	73	438950
219.4875	0.047	ripple_TLL5-6	98	438975
219.49	0.049	ripple_TLL28-29	92	438980
219.5015	0.0865	ripple_TLL27-28	91	439003
219.503	0.1205	ripple_TLL6-7	99	439006
219.5045	0.049	ripple_TLL4-5	97	439009
219.5065	0.071	ripple_TLL15-16	80	439013
219.5155	0.072	ripple_TBAL2-3	69	439031
219.5355	0.0595	ripple_TLL31-32	96	439071
219.536	0.0515	ripple_TLL2-3	84	439072
219.5405	0.1685	ripple_TLL29-30	93	439081
219.5625	0.1475	ripple_TLL19-20	83	439125
219.57	0.0405	ripple_TLL20-21	85	439140
219.573	0.0635	ripple_TBPL2-3	72	439146
219.577	0.068	ripple_TLL28-29	92	439154
219.5875	0.3175	ripple_TLL23-24	88	439175
219.597	0.0455	ripple_TLL3-4	94	439194
219.597	0.1005	ripple_TLL21-22	86	439194
219.5975	0.0655	ripple_TLL4-5	97	439195
219.6075	0.0795	ripple_TLL1-2	74	439215
219.6095	0.0645	ripple_TLL17-18	81	439219
219.6505	0.0375	ripple_TLL9-10	101	439301
219.6515	0.054	ripple_TLL27-28	91	439303
219.658	0.0695	ripple_TBPL3-4	73	439316
219.6595	0.0385	ripple_TLL5-6	98	439319
219.688	0.0435	ripple_TLL2-3	84	439376
219.6885	0.095	ripple_TLL7-8	100	439377
219.6975	0.0715	ripple_TLL18-19	82	439395
219.712	0.0315	ripple_TLL28-29	92	439424
219.7285	0.0325	ripple_TLL17-18	81	439457
219.73	0.1105	ripple_TLL14-15	79	439460
219.736	0.0625	ripple_TLL6-7	99	439472
219.737	0.1695	ripple_TLL22-23	87	439474
219.749	0.3455	ripple_TLL29-30	93	439498
219.7525	0.064	ripple_TLL30-31	95	439505
219.7525	0.2405	ripple_TLL20-21	85	439505
219.7555	0.045	ripple_TLL2-3	84	439511
219.7585	0.0705	ripple_TLL21-22	86	439517
219.7655	0.0405	ripple_TLL1-2	74	439531
219.7915	0.118	ripple_TBPL2-3	72	439583
219.7995	0.045	ripple_TLL18-19	82	439599
219.834	0.0895	ripple_TLL7-8	100	439668
219.8355	0.036	ripple_TLL19-20	83	439671
219.8375	0.0505	ripple_TLL5-6	98	439675
219.8465	0.0525	ripple_TBPL3-4	73	439693
219.854	0.202	ripple_TBPL1-2	71	439708
219.865	0.0345	ripple_TLL31-32	96	439730
219.8745	0.175	ripple_TLL30-31	95	439749
219.8885	0.062	ripple_TLL11-12	76	439777
219.891	0.0375	ripple_TLL13-14	78	439782
219.8945	0.086	ripple_TLL1-2	74	439789
219.898	0.038	ripple_TLL6-7	99	439796
219.906	0.1085	ripple_TLL2-3	84	439812
219.918	0.087	ripple_TLL26-27	90	439836
219.9265	0.2325	ripple_TLL23-24	88	439853
219.9485	0.058	ripple_TLL28-29	92	439897
219.953	0.0355	ripple_TLL3-4	94	439906
219.9595	0.073	ripple_TLL27-28	91	439919
219.9785	0.0435	ripple_TLL6-7	99	439957
219.9925	0.1565	ripple_TLL22-23	87	439985
220.001	0.3025	ripple_TLL14-15	79	440002
220.008	0.037	ripple_TLL31-32	96	440016
220.016	0.093	ripple_TLL19-20	83	440032
220.0175	0.0395	ripple_TLL5-6	98	440035
220.024	0.0565	ripple_TLL15-16	80	440048
220.03	0.044	ripple_TLL17-18	81	440060
220.0385	0.0295	ripple_TLL2-3	84	440077
220.0875	0.105	ripple_TLL20-21	85	440175
220.095	0.0355	ripple_TLL30-31	95	440190
220.099	0.037	ripple_TLL17-18	81	440198
220.1	0.081	ripple_TLL21-22	86	440200
220.12	0.04	ripple_TLL31-32	96	440240
220.1335	0.0685	ripple_TLL19-20	83	440267
220.141	0.0905	ripple_TBAL3-4	70	440282
220.1415	0.05	ripple_TLL3-4	94	440283
220.143	0.145	ripple_TLL13-14	78	440286
220.1665	0.035	ripple_TLL11-12	76	440333
220.17	0.036	ripple_TLL30-31	95	440340
220.18	0.0945	ripple_TLL7-8	100	440360
220.1805	0.0545	ripple_TLL5-6	98	440361
220.1855	0.104	ripple_TBPL2-3	72	440371
220.186	0.049	ripple_TBAL2-3	69	440372
220.198	0.011	fr_TLL26-27	23	440396
220.2	0.0525	ripple_TLL2-3	84	440400
220.2025	0.16	ripple_TLL1-2	74	440405
220.209	0.1205	ripple_TLL31-32	96	440418
220.2125	0.0335	ripple_TLL20-21	85	440425
220.217	0.3275	ripple_TLL21-22	86	440434
220.2235	0.0425	ripple_TLL6-7	99	440447
220.25	0.053	ripple_TLL28-29	92	440500
220.2515	0.086	ripple_TLL19-20	83	440503
220.2635	0.138	ripple_TLL18-19	82	440527
220.27	0.053	ripple_TLL9-10	101	440540
220.2915	0.048	ripple_TLL26-27	90	440583
220.31	0.0295	ripple_TLL6-7	99	440620
220.344	0.1125	ripple_TLL29-30	93	440688
220.351	0.03	ripple_TLL31-32	96	440702
220.356	0.101	ripple_TLL3-4	94	440712
220.361	0.0585	ripple_TLL4-5	97	440722
220.3685	0.041	ripple_TLL19-20	83	440737
220.374	0.085	ripple_TLL30-31	95	440748
220.3755	0.0615	ripple_TLL26-27	90	440751
220.3765	0.116	ripple_TLL27-28	91	440753
220.3785	0.0945	ripple_TLL28-29	92	440757
220.383	0.037	ripple_TLL15-16	80	440766
220.3865	0.035	ripple_TLL14-15	79	440773
220.3955	0.038	ripple_TLL9-10	101	440791
220.4035	0.082	ripple_TBAL2-3	69	440807
220.419	0.0675	ripple_TBAL3-4	70	440838
220.4245	0.101	ripple_TLL1-2	74	440849
220.436	0.0795	ripple_TLL13-14	78	440872
220.4515	0.2125	ripple_TLL15-16	80	440903
220.4785	0.1895	ripple_TLL20-21	85	440957
220.4875	0.0885	ripple_TLL3-4	94	440975
220.491	0.046	ripple_TLL31-32	96	440982
220.505	0.185	ripple_TLL18-19	82	441010
220.506	0.046	ripple_TLL19-20	83	441012
220.515	0.0685	ripple_TLL2-3	84	441030
220.5235	0.0145	fr_TBPL1-2	4	441047
220.5235	0.0375	ripple_TLL6-7	99	441047
220.5475	0.051	ripple_TLL27-28	91	441095
220.564	0.0385	ripple_TLL7-8	100	441128
220.5725	0.143	ripple_TLL30-31	95	441145
220.5785	0.0745	ripple_TLL19-20	83	441157
220.594	0.141	ripple_TLL14-15	79	441188
220.6075	0.0665	ripple_TLL4-5	97	441215
220.6135	0.0485	ripple_TLL5-6	98	441227
220.6555	0.1835	ripple_TLL2-3	84	441311
220.656	0.033	ripple_TLL13-14	78	441312
220.659	0.0395	ripple_TLL11-12	76	441318
220.6675	0.186	ripple_TLL22-23	87	441335
220.673	0.273	ripple_TLL29-30	93	441346
220.6745	0.0115	fr_TLL17-18	14	441349
220.6795	0.087	ripple_TLL28-29	92	441359
220.6995	0.054	ripple_TLL6-7	99	441399
220.709	0.048	ripple_TBPL2-3	72	441418
220.72	0.222	ripple_TLL7-8	100	441440
220.7255	0.064	ripple_TLL21-22	86	441451
220.7285	0.0605	ripple_TLL1-2	74	441457
220.7395	0.3525	ripple_TLL20-21	85	441479
220.7595	0.0845	ripple_TLL5-6	98	441519
220.76	0.055	ripple_TLL15-16	80	441520
220.7605	0.0605	ripple_TBPL1-2	71	441521
220.78	0.2645	ripple_TBPL2-3	72	441560
220.7955	0.1385	ripple_TLL18-19	82	441591
220.8025	0.147	ripple_TLL30-31	95	441605
220.806	0.0515	ripple_TLL23-24	88	441612
220.8155	0.0395	ripple_TLL17-18	81	441631
220.827	0.2965	ripple_TLL21-22	86	441654
220.8375	0.046	ripple_TLL15-16	80	441675
220.838	0.055	ripple_TLL6-7	99	441676
220.842	0.2825	ripple_TLL14-15	79	441684
220.8495	0.1975	ripple_TLL19-20	83	441699
220.8525	0.0755	ripple_TLL31-32	96	441705
220.8725	0.0665	ripple_TLL2-3	84	441745
220.882	0.065	ripple_TLL13-14	78	441764
220.8945	0.0675	ripple_TLL28-29	92	441789
220.9025	0.053	ripple_TLL5-6	98	441805
220.9055	0.1535	ripple_TLL15-16	80	441811
220.9255	0.0605	ripple_TLL27-28	91	441851
220.9765	0.047	ripple_TLL31-32	96	441953
220.9845	0.0735	ripple_TLL18-19	82	441969
221.019	0.2395	ripple_TLL23-24	88	442038
221.0215	0.0725	ripple_TLL29-30	93	442043
221.0255	0.189	ripple_TLL6-7	99	442051
221.0325	0.073	ripple_TLL13-14	78	442065
221.04	0.2595	ripple_TLL22-23	87	442080
221.043	0.053	ripple_TLL30-31	95	442086
221.061	0.0345	ripple_TLL7-8	100	442122
221.07	0.054	ripple_TBPL1-2	71	442140
221.0865	0.037	ripple_TBPL2-3	72	442173
221.1035	0.047	ripple_TLL27-28	91	442207
221.1105	0.058	ripple_TLL19-20	83	442221
221.148	0.0945	ripple_TLL7-8	100	442296
221.1565	0.0515	ripple_TLL21-22	86	442313
221.1615	0.066	ripple_TLL20-21	85	442323
221.1735	0.0245	ripple_TBPL1-2	71	442347
221.1815	0.1325	ripple_TLL2-3	84	442363
221.1865	0.159	ripple_TLL27-28	91	442373
221.1925	0.1155	ripple_TLL26-27	90	442385
221.1945	0.041	ripple_TBPL3-4	73	442389
221.203	0.028	ripple_TLL29-30	93	442406
221.204	0.1565	ripple_TLL19-20	83	442408
221.2055	0.0355	ripple_TLL15-16	80	442411
221.2275	0.11	ripple_TLL1-2	74	442455
221.2285	0.057	ripple_TLL4-5	97	442457
221.2555	0.0265	ripple_TLL31-32	96	442511
221.28	0.0815	ripple_TLL20-21	85	442560
221.287	0.2405	ripple_TLL23-24	88	442574
221.2945	0.1075	ripple_TLL6-7	99	442589
221.2995	0.095	ripple_TLL7-8	100	442599
221.3105	0.0955	ripple_TLL28-29	92	442621
221.3155	0.06	ripple_TLL5-6	98	442631
221.319	0.036	ripple_TLL18-19	82	442638
221.3235	0.0745	ripple_TLL22-23	87	442647
221.3355	0.136	ripple_TLL31-32	96	442671
221.3865	0.11	ripple_TBPL3-4	73	442773
221.3875	0.0335	ripple_TLL20-21	85	442775
221.3965	0.102	ripple_TLL14-15	79	442793
221.3985	0.084	ripple_TLL15-16	80	442797
221.405	0.112	ripple_TLL29-30	93	442810
221.411	0.0445	ripple_TLL2-3	84	442822
221.4115	0.3095	ripple_TBPL2-3	72	442823
221.4125	0.0395	ripple_TLL1-2	74	442825
221.441	0.051	ripple_TLL3-4	94	442882
221.456	0.114	ripple_TLL21-22	86	442912
221.4785	0.048	ripple_TLL28-29	92	442957
221.4815	0.042	ripple_TLL19-20	83	442963
221.503	0.2145	ripple_TLL1-2	74	443006
221.505	0.052	ripple_TLL27-28	91	443010
221.5055	0.2255	ripple_TLL2-3	84	443011
221.542	0.1505	ripple_TLL26-27	90	443084
221.55	0.05	ripple_TLL13-14	78	443100
221.559	0.1085	ripple_TLL14-15	79	443118
221.56	0.0455	ripple_TLL5-6	98	443120
221.5605	0.0415	ripple_TLL18-19	82	443121
221.564	0.0385	ripple_TLL19-20	83	443128
221.5775	0.146	ripple_TLL20-21	85	443155
221.58	0.0415	ripple_TLL4-5	97	443160
221.585	0.033	ripple_TLL6-7	99	443170
221.6395	0.0495	ripple_TLL21-22	86	443279
221.6705	0.0975	ripple_TBAL3-4	70	443341
221.6795	0.051	ripple_TLL19-20	83	443359
221.702	0.053	ripple_TLL13-14	78	443404
221.7125	0.042	ripple_TLL10-11	75	443425
221.7265	0.381	ripple_TLL29-30	93	443453
221.7305	0.0365	ripple_TBPL1-2	71	443461
221.7305	0.186	ripple_TLL7-8	100	443461
221.736	0.0495	ripple_TLL14-15	79	443472
221.744	0.085	ripple_TLL31-32	96	443488
221.7465	0.0855	ripple_TLL5-6	98	443493
221.7515	0.047	ripple_TLL9-10	101	443503
221.7575	0.0875	ripple_TLL21-22	86	443515
221.7585	0.047	ripple_TBPL2-3	72	443517
221.791	0.045	ripple_TLL15-16	80	443582
221.798	0.194	ripple_TLL30-31	95	443596
221.799	0.051	ripple_TBPL1-2	71	443598
221.7995	0.0585	ripple_TLL1-2	74	443599
221.812	0.19	ripple_TLL6-7	99	443624
221.836	0.0395	ripple_TBPL2-3	72	443672
221.8685	0.0335	ripple_TLL28-29	92	443737
221.871	0.053	ripple_TLL20-21	85	443742
221.8955	0.1825	ripple_TLL15-16	80	443791
221.901	0.145	ripple_TLL23-24	88	443802
221.931	0.18	ripple_TLL18-19	82	443862
221.9465	0.039	ripple_TLL28-29	92	443893
221.9675	0.1945	ripple_TLL31-32	96	443935
221.9695	0.103	ripple_TLL20-21	85	443939
221.971	0.057	ripple_TLL14-15	79	443942
221.98	0.0335	ripple_TLL2-3	84	443960
222.009	0.063	ripple_TLL19-20	83	444018
222.0175	0.3175	ripple_TLL28-29	92	444035
222.0225	0.2305	ripple_TLL21-22	86	444045
222.024	0.0345	ripple_TBPL3-4	73	444048
222.026	0.0455	ripple_TLL1-2	74	444052
222.029	0.064	ripple_TLL30-31	95	444058
222.0345	0.0585	ripple_TLL6-7	99	444069
222.052	0.053	ripple_TLL2-3	84	444104
222.0605	0.0355	ripple_TLL7-8	100	444121
222.08	0.045	ripple_TLL27-28	91	444160
222.0895	0.1185	ripple_TBPL1-2	71	444179
222.1025	0.036	ripple_TLL11-12	76	444205
222.1215	0.117	ripple_TLL6-7	99	444243
222.1275	0.145	ripple_TLL7-8	100	444255
222.14	0.126	ripple_TLL22-23	87	444280
222.1455	0.2885	ripple_TLL30-31	95	444291
222.1975	0.1445	ripple_TLL19-20	83	444395
222.214	0.0755	ripple_TLL1-2	74	444428
222.2225	0.034	ripple_TLL18-19	82	444445
222.2375	0.104	ripple_TBPL2-3	72	444475
222.2855	0.117	ripple_TLL6-7	99	444571
222.2925	0.0655	ripple_TLL18-19	82	444585
222.2985	0.2085	ripple_TLL20-21	85	444597
222.299	0.179	ripple_TBPL1-2	71	444598
222.3	0.1115	ripple_TLL23-24	88	444600
222.3515	0.0585	ripple_TLL31-32	96	444703
222.357	0.057	ripple_TLL22-23	87	444714
222.357	0.071	ripple_TLL28-29	92	444714
222.3705	0.0555	ripple_TLL1-2	74	444741
222.379	0.0685	ripple_TLL18-19	82	444758
222.387	0.0675	ripple_TLL19-20	83	444774
222.3955	0.118	ripple_TLL15-16	80	444791
222.4515	0.116	ripple_TBPL2-3	72	444903
222.467	0.045	ripple_TLL14-15	79	444934
222.4835	0.046	ripple_TLL18-19	82	444967
222.4905	0.0465	ripple_TLL27-28	91	444981
222.494	0.0395	ripple_TLL28-29	92	444988
222.4955	0.0375	ripple_TLL26-27	90	444991
222.5105	0.066	ripple_TLL29-30	93	445021
222.5235	0.0235	fr_TLL22-23	20	445047
222.537	0.0375	ripple_TBPL1-2	71	445074
222.547	0.051	ripple_TLL20-21	85	445094
222.5525	0.07	ripple_TLL13-14	78	445105
222.5555	0.1315	ripple_TLL19-20	83	445111
222.5785	0.0905	ripple_TLL1-2	74	445157
222.5795	0.042	ripple_TLL14-15	79	445159
222.5795	0.144	ripple_TLL18-19	82	445159
222.581	0.0445	ripple_TLL2-3	84	445162
222.594	0.1215	ripple_TLL15-16	80	445188
222.6185	0.043	ripple_TLL4-5	97	445237
222.6185	0.077	ripple_TLL31-32	96	445237
222.6365	0.0425	ripple_TLL27-28	91	445273
222.637	0.034	ripple_TLL26-27	90	445274
222.649	0.109	ripple_TLL21-22	86	445298
222.6645	0.039	ripple_TLL6-7	99	445329
222.665	0.069	ripple_TLL5-6	98	445330
222.6755	0.0515	ripple_TLL11-12	76	445351
222.685	0.096	ripple_TLL7-8	100	445370
222.6855	0.229	ripple_TLL13-14	78	445371
222.6865	0.03	ripple_TLL14-15	79	445373
222.703	0.085	ripple_TLL1-2	74	445406
222.7055	0.0365	ripple_TLL20-21	85	445411
222.7245	0.035	ripple_TLL6-7	99	445449
222.7365	0.0585	ripple_TLL4-5	97	445473
222.7475	0.0535	ripple_TBPL1-2	71	445495
222.7545	0.079	ripple_TBAL1-2	68	445509
222.7545	0.079	fr_TBAL1-2	1	445509
222.7545	0.079	frandr_TBAL1-2	35	445509
222.756	0.0355	ripple_TLL19-20	83	445512
222.77	0.065	ripple_TLL29-30	93	445540
222.7815	0.046	ripple_TLL14-15	79	445563
222.7875	0.0465	ripple_TLL26-27	90	445575
222.8035	0.0375	ripple_TLL5-6	98	445607
222.807	0.0595	ripple_TLL2-3	84	445614
222.815	0.051	ripple_TLL18-19	82	445630
222.826	0.161	ripple_TBPL2-3	72	445652
222.835	0.11	ripple_TLL27-28	91	445670
222.8445	0.0345	ripple_TLL1-2	74	445689
222.847	0.029	ripple_TBPL3-4	73	445694
222.863	0.0845	ripple_TLL21-22	86	445726
222.866	0.0335	ripple_TLL14-15	79	445732
222.8795	0.2205	ripple_TLL19-20	83	445759
222.8815	0.054	ripple_TLL7-8	100	445763
222.886	0.373	ripple_TLL10-11	75	445772
222.9055	0.0555	ripple_TLL29-30	93	445811
222.9105	0.066	ripple_TLL3-4	94	445821
222.911	0.035	ripple_TLL4-5	97	445822
222.911	0.1145	ripple_TLL31-32	96	445822
222.923	0.2805	ripple_TBPL3-4	73	445846
222.9255	0.1605	ripple_TBAL3-4	70	445851
222.9485	0.039	ripple_TBAL2-3	69	445897
222.957	0.073	ripple_TLL2-3	84	445914
222.9585	0.24	ripple_TLL1-2	74	445917
222.963	0.0515	ripple_TLL7-8	100	445926
222.9805	0.0445	ripple_TLL6-7	99	445961
222.9895	0.046	ripple_TLL14-15	79	445979
222.9925	0.187	ripple_TLL28-29	92	445985
223.008	0.211	ripple_TLL30-31	95	446016
223.0115	0.034	ripple_TLL21-22	86	446023
223.0175	0.1565	ripple_TLL9-10	101	446035
223.037	0.0675	ripple_TLL7-8	100	446074
223.038	0.0605	ripple_TLL18-19	82	446076
223.0485	0.123	ripple_TBAL1-2	68	446097
223.059	0.199	ripple_TLL27-28	91	446118
223.059	0.199	fr_TLL27-28	24	446118
223.059	0.199	frandr_TLL27-28	58	446118
223.067	0.1145	ripple_TLL29-30	93	446134
223.078	0.0745	ripple_TLL4-5	97	446156
223.1235	0.165	ripple_TLL23-24	88	446247
223.1285	0.1395	ripple_TLL19-20	83	446257
223.13	0.034	ripple_TLL2-3	84	446260
223.146	0.279	ripple_TLL21-22	86	446292
223.1565	0.089	ripple_TLL18-19	82	446313
223.1585	0.3825	ripple_TLL7-8	100	446317
223.1595	0.175	ripple_TLL31-32	96	446319
223.163	0.0515	ripple_TLL26-27	90	446326
223.1635	0.231	ripple_TLL6-7	99	446327
223.179	0.1625	ripple_TBPL2-3	72	446358
223.1795	0.0505	ripple_TLL14-15	79	446359
223.182	0.0525	ripple_TLL15-16	80	446364
223.21	0.0885	ripple_TLL2-3	84	446420
223.212	0.054	ripple_TLL20-21	85	446424
223.2215	0.0435	ripple_TLL11-12	76	446443
223.228	0.034	ripple_TLL5-6	98	446456
223.2295	0.0475	ripple_TLL1-2	74	446459
223.2295	0.0795	ripple_TLL29-30	93	446459
223.2465	0.071	ripple_TBPL3-4	73	446493
223.26	0.0405	ripple_TLL22-23	87	446520
223.277	0.038	ripple_TBAL1-2	68	446554
223.283	0.101	ripple_TLL18-19	82	446566
223.2895	0.0725	ripple_TLL20-21	85	446579
223.294	0.193	ripple_TLL28-29	92	446588
223.3055	0.398	ripple_TLL19-20	83	446611
223.3135	0.0375	ripple_TLL12-13	77	446627
223.3205	0.0345	ripple_TLL2-3	84	446641
223.3325	0.038	ripple_TLL10-11	75	446665
223.339	0.0455	ripple_TLL9-10	101	446678
223.3525	0.047	ripple_TLL27-28	91	446705
223.3655	0.094	ripple_TLL29-30	93	446731
223.37	0.0735	ripple_TLL15-16	80	446740
223.379	0.0935	ripple_TLL22-23	87	446758
223.384	0.0405	ripple_TLL3-4	94	446768
223.385	0.065	ripple_TLL20-21	85	446770
223.392	0.0395	ripple_TLL30-31	95	446784
223.406	0.044	ripple_TBPL2-3	72	446812
223.4075	0.0725	ripple_TLL23-24	88	446815
223.408	0.058	ripple_TLL14-15	79	446816
223.4315	0.041	ripple_TLL11-12	76	446863
223.433	0.04	ripple_TLL2-3	84	446866
223.443	0.0965	ripple_TLL18-19	82	446886
223.446	0.046	ripple_TLL1-2	74	446892
223.48	0.0315	ripple_TLL10-11	75	446960
223.499	0.0375	ripple_TLL13-14	78	446998
223.499	0.105	ripple_TLL20-21	85	446998
223.5	0.1605	ripple_TLL21-22	86	447000
223.501	0.1215	ripple_TLL14-15	79	447002
223.502	0.0415	ripple_TLL9-10	101	447004
223.511	0.238	ripple_TLL2-3	84	447022
223.5215	0.043	ripple_TLL15-16	80	447043
223.526	0.096	ripple_TLL6-7	99	447052
223.5385	0.0545	ripple_TLL3-4	94	447077
223.543	0.03	ripple_TLL31-32	96	447086
223.552	0.239	ripple_TLL23-24	88	447104
223.5625	0.058	ripple_TLL17-18	81	447125
223.5625	0.122	ripple_TLL22-23	87	447125
223.5695	0.0445	ripple_TLL11-12	76	447139
223.5895	0.0375	ripple_TLL18-19	82	447179
223.596	0.273	ripple_TLL31-32	96	447192
223.606	0.0645	ripple_TBPL3-4	73	447212
223.621	0.234	ripple_TLL1-2	74	447242
223.6235	0.065	ripple_TLL7-8	100	447247
223.6255	0.057	ripple_TBPL1-2	71	447251
223.6305	0.0375	ripple_TLL20-21	85	447261
223.6305	0.061	ripple_TBAL2-3	69	447261
223.647	0.0335	ripple_TBAL3-4	70	447294
223.6685	0.058	ripple_TLL15-16	80	447337
223.678	0.03	ripple_TLL10-11	75	447356
223.6795	0.147	ripple_TBPL2-3	72	447359
223.6865	0.1555	ripple_TLL14-15	79	447373
223.691	0.0365	ripple_TLL20-21	85	447382
223.695	0.0735	ripple_TLL3-4	94	447390
223.697	0.084	ripple_TLL30-31	95	447394
223.705	0.1675	ripple_TLL26-27	90	447410
223.712	0.056	ripple_TLL4-5	97	447424
223.7205	0.1675	ripple_TLL22-23	87	447441
223.722	0.06	ripple_TLL18-19	82	447444
223.726	0.1225	ripple_TLL29-30	93	447452
223.736	0.057	ripple_TLL19-20	83	447472
223.7515	0.041	ripple_TBAL1-2	68	447503
223.7535	0.0515	ripple_TLL13-14	78	447507
223.7565	0.041	ripple_TLL9-10	101	447513
223.7575	0.0375	ripple_TLL6-7	99	447515
223.7605	0.1325	ripple_TBPL1-2	71	447521
223.7655	0.067	ripple_TLL7-8	100	447531
223.766	0.041	ripple_TLL15-16	80	447532
223.7705	0.0475	ripple_TBAL2-3	69	447541
223.789	0.049	ripple_TLL5-6	98	447578
223.801	0.0435	ripple_TLL28-29	92	447602
223.807	0.0355	ripple_TLL21-22	86	447614
223.812	0.085	ripple_TLL20-21	85	447624
223.8145	0.0755	ripple_TLL23-24	88	447629
223.815	0.052	ripple_TLL30-31	95	447630
223.82	0.118	ripple_TLL2-3	84	447640
223.826	0.1535	ripple_TLL19-20	83	447652
223.833	0.053	ripple_TLL10-11	75	447666
223.842	0.119	ripple_TLL11-12	76	447684
223.852	0.12	ripple_TLL6-7	99	447704
223.8755	0.1335	ripple_TLL7-8	100	447751
223.876	0.063	ripple_TBPL3-4	73	447752
223.8925	0.0515	ripple_TLL1-2	74	447785
223.8985	0.238	ripple_TLL28-29	92	447797
223.899	0.0365	ripple_TLL14-15	79	447798
223.9025	0.0605	ripple_TBPL2-3	72	447805
223.9175	0.0995	ripple_TLL21-22	86	447835
223.9335	0.098	ripple_TLL22-23	87	447867
223.938	0.032	ripple_TLL4-5	97	447876
223.939	0.131	ripple_TLL5-6	98	447878
223.9445	0.0585	ripple_TLL29-30	93	447889
223.9525	0.148	ripple_TLL30-31	95	447905
223.9595	0.185	ripple_TLL2-3	84	447919
223.972	0.1965	ripple_TLL14-15	79	447944
223.9815	0.0775	ripple_TLL26-27	90	447963
223.9995	0.2935	ripple_TBPL1-2	71	447999
224.005	0.049	ripple_TLL27-28	91	448010
224.005	0.0705	ripple_TLL10-11	75	448010
224.0215	0.1105	ripple_TLL1-2	74	448043
224.038	0.0285	ripple_TLL18-19	82	448076
224.0385	0.0445	ripple_TLL4-5	97	448077
224.0625	0.0655	ripple_TLL21-22	86	448125
224.067	0.0495	ripple_TLL15-16	80	448134
224.073	0.058	ripple_TLL19-20	83	448146
224.082	0.339	ripple_TLL31-32	96	448164
224.141	0.0475	ripple_TLL13-14	78	448282
224.1435	0.3765	ripple_TBPL2-3	72	448287
224.144	0.1855	ripple_TLL7-8	100	448288
224.1625	0.0485	ripple_TLL6-7	99	448325
224.1665	0.1315	ripple_TLL23-24	88	448333
224.1665	0.173	ripple_TLL22-23	87	448333
224.174	0.049	ripple_TLL15-16	80	448348
224.1745	0.118	ripple_TLL20-21	85	448349
224.201	0.045	ripple_TLL28-29	92	448402
224.2135	0.0455	ripple_TLL1-2	74	448427
224.225	0.0295	ripple_TLL29-30	93	448450
224.235	0.0555	ripple_TLL18-19	82	448470
224.2395	0.084	ripple_TLL3-4	94	448479
224.241	0.047	ripple_TLL30-31	95	448482
224.265	0.032	ripple_TLL11-12	76	448530
224.2805	0.04	ripple_TLL6-7	99	448561
224.3005	0.735	ripple_TLL1-2	74	448601
224.3065	0.125	ripple_TLL13-14	78	448613
224.3135	0.1855	ripple_TLL20-21	85	448627
224.318	0.0325	ripple_TLL19-20	83	448636
224.3235	0.1585	ripple_TLL21-22	86	448647
224.3345	0.086	ripple_TLL29-30	93	448669
224.34	0.0355	ripple_TLL9-10	101	448680
224.341	0.072	ripple_TLL28-29	92	448682
224.3465	0.092	ripple_TLL14-15	79	448693
224.3515	0.0505	ripple_TLL26-27	90	448703
224.3635	0.1285	ripple_TLL30-31	95	448727
224.3895	0.2025	ripple_TLL2-3	84	448779
224.3985	0.0505	ripple_TLL19-20	83	448797
224.3985	0.2295	ripple_TLL5-6	98	448797
224.4	0.067	ripple_TLL15-16	80	448800
224.4165	0.1065	ripple_TLL6-7	99	448833
224.45	0.247	ripple_TLL7-8	100	448900
224.4655	0.079	ripple_TLL29-30	93	448931
224.474	0.043	ripple_TLL25-26	89	448948
224.5015	0.1615	ripple_TLL18-19	82	449003
224.509	0.0425	ripple_TLL28-29	92	449018
224.5095	0.0735	ripple_TLL3-4	94	449019
224.514	0.0415	ripple_TLL11-12	76	449028
224.5205	0.2375	ripple_TLL31-32	96	449041
224.537	0.0205	fr_TBAL2-3	2	449074
224.56	0.0625	ripple_TLL20-21	85	449120
224.5605	0.1975	ripple_TBPL2-3	72	449121
224.562	0.073	ripple_TLL26-27	90	449124
224.5795	0.1345	ripple_TLL30-31	95	449159
224.5835	0.0285	ripple_TLL29-30	93	449167
224.5865	0.149	ripple_TLL6-7	99	449173
224.6365	0.1625	ripple_TLL29-30	93	449273
224.6465	0.126	ripple_TLL19-20	83	449293
224.6475	0.231	ripple_TLL20-21	85	449295
224.655	0.1	ripple_TLL14-15	79	449310
224.6805	0.082	ripple_TLL15-16	80	449361
224.697	0.054	ripple_TLL9-10	101	449394
224.7405	0.0665	ripple_TLL21-22	86	449481
224.7445	0.1045	ripple_TLL30-31	95	449489
224.752	0.057	ripple_TLL27-28	91	449504
224.7555	0.058	ripple_TLL5-6	98	449511
224.7575	0.064	ripple_TLL4-5	97	449515
224.763	0.0665	ripple_TLL2-3	84	449526
224.7635	0.1225	ripple_TBPL1-2	71	449527
224.7675	0.044	ripple_TBAL2-3	69	449535
224.824	0.1065	ripple_TBPL2-3	72	449648
224.824	0.107	ripple_TLL3-4	94	449648
224.8295	0.061	ripple_TLL14-15	79	449659
224.831	0.0895	ripple_TLL15-16	80	449662
224.8325	0.0615	ripple_TLL19-20	83	449665
224.8625	0.0925	ripple_TLL5-6	98	449725
224.8645	0.034	ripple_TLL18-19	82	449729
224.873	0.149	ripple_TLL23-24	88	449746
224.8765	0.146	ripple_TLL22-23	87	449753
224.877	0.0465	ripple_TLL29-30	93	449754
224.885	0.0705	ripple_TLL28-29	92	449770
224.8855	0.136	ripple_TLL31-32	96	449771
224.886	0.053	ripple_TLL6-7	99	449772
224.8925	0.1095	ripple_TLL21-22	86	449785
224.917	0.1005	ripple_TLL19-20	83	449834
224.9225	0.077	ripple_TLL20-21	85	449845
224.944	0.049	ripple_TLL2-3	84	449888
224.9455	0.0515	ripple_TBPL1-2	71	449891
224.9465	0.0745	ripple_TLL4-5	97	449893
224.972	0.041	ripple_TLL27-28	91	449944
224.972	0.3205	ripple_TBPL2-3	72	449944
224.992	0.051	ripple_TLL30-31	95	449984
225.0165	0.1	ripple_TLL9-10	101	450033
225.032	0.141	ripple_TBPL1-2	71	450064
225.041	0.195	ripple_TLL21-22	86	450082
225.044	0.0745	ripple_TLL15-16	80	450088
225.0575	0.0405	ripple_TLL4-5	97	450115
225.07	0.033	ripple_TLL2-3	84	450140
225.0805	0.0845	ripple_TLL26-27	90	450161
225.0905	0.2535	ripple_TLL30-31	95	450181
225.0985	0.062	ripple_TLL6-7	99	450197
225.1045	0.063	ripple_TLL1-2	74	450209
225.117	0.08	ripple_TLL31-32	96	450234
225.1255	0.1185	ripple_TLL20-21	85	450251
225.135	0.0345	ripple_TLL19-20	83	450270
225.1415	0.029	ripple_TLL17-18	81	450283
225.154	0.126	ripple_TLL29-30	93	450308
225.172	0.048	ripple_TLL13-14	78	450344
225.195	0.0855	ripple_TLL11-12	76	450390
225.197	0.0455	ripple_TLL15-16	80	450394
225.2095	0.0335	ripple_TLL14-15	79	450419
225.231	0.057	ripple_TLL27-28	91	450462
225.232	0.256	ripple_TLL31-32	96	450464
225.254	0.0375	ripple_TLL9-10	101	450508
225.268	0.0635	ripple_TLL6-7	99	450536
225.2735	0.113	ripple_TLL7-8	100	450547
225.284	0.0565	ripple_TLL13-14	78	450568
225.2925	0.01	fr_TBAL2-3	2	450585
225.301	0.044	ripple_TLL18-19	82	450602
225.3015	0.1005	ripple_TLL20-21	85	450603
225.3045	0.0865	ripple_TLL4-5	97	450609
225.3055	0.0865	ripple_TLL3-4	94	450611
225.321	0.189	ripple_TBPL2-3	72	450642
225.3225	0.0385	ripple_TLL1-2	74	450645
225.3255	0.051	ripple_TLL5-6	98	450651
225.328	0.028	ripple_TLL15-16	80	450656
225.34	0.0565	ripple_TLL11-12	76	450680
225.342	0.146	ripple_TBPL3-4	73	450684
225.3655	0.0485	ripple_TLL19-20	83	450731
225.382	0.066	ripple_TLL28-29	92	450764
225.386	0.0615	ripple_TLL27-28	91	450772
225.405	0.0345	ripple_TLL13-14	78	450810
225.4085	0.0435	ripple_TBPL1-2	71	450817
225.4235	0.034	ripple_TLL7-8	100	450847
225.4235	0.125	ripple_TLL6-7	99	450847
225.4255	0.0605	ripple_TLL11-12	76	450851
225.43	0.056	ripple_TLL26-27	90	450860
225.451	0.058	ripple_TLL1-2	74	450902
225.452	0.0585	ripple_TLL14-15	79	450904
225.4565	0.231	ripple_TLL19-20	83	450913
225.489	0.071	ripple_TLL7-8	100	450978
225.5175	0.0465	ripple_TLL30-31	95	451035
225.5175	0.121	ripple_TLL18-19	82	451035
225.541	0.0655	ripple_TLL5-6	98	451082
225.5465	0.0235	ripple_TLL31-32	96	451093
225.588	0.0425	ripple_TBPL2-3	72	451176
225.5895	0.042	ripple_TLL10-11	75	451179
225.591	0.065	ripple_TLL31-32	96	451182
225.592	0.075	ripple_TLL30-31	95	451184
225.615	0.0745	ripple_TLL15-16	80	451230
225.624	0.1335	ripple_TLL21-22	86	451248
225.625	0.052	ripple_TLL2-3	84	451250
225.637	0.0675	ripple_TLL1-2	74	451274
225.65	0.1355	ripple_TLL22-23	87	451300
225.6545	0.0735	ripple_TLL13-14	78	451309
225.6655	0.125	ripple_TBPL2-3	72	451331
225.675	0.05	ripple_TLL7-8	100	451350
225.6795	0.035	ripple_TLL31-32	96	451359
225.7155	0.0645	ripple_TLL30-31	95	451431
225.716	0.0675	ripple_TLL4-5	97	451432
225.7285	0.033	ripple_TLL19-20	83	451457
225.729	0.04	ripple_TLL9-10	101	451458
225.7435	0.1145	ripple_TBPL1-2	71	451487
225.7525	0.0645	ripple_TLL1-2	74	451505
225.7555	0.1525	ripple_TLL31-32	96	451511
225.759	0.0805	ripple_TLL5-6	98	451518
225.7645	0.082	ripple_TLL29-30	93	451529
225.766	0.038	ripple_TLL2-3	84	451532
225.766	0.3625	ripple_TLL20-21	85	451532
225.782	0.0595	ripple_TBAL3-4	70	451564
225.7825	0.0575	ripple_TBAL2-3	69	451565
225.794	0.058	ripple_TLL10-11	75	451588
225.7995	0.05	ripple_TLL27-28	91	451599
225.8015	0.032	ripple_TLL28-29	92	451603
225.8015	0.094	ripple_TLL21-22	86	451603
225.8035	0.0895	ripple_TLL19-20	83	451607
225.812	0.04	ripple_TLL26-27	90	451624
225.852	0.036	ripple_TLL22-23	87	451704
225.8585	0.0325	ripple_TLL23-24	88	451717
225.859	0.063	ripple_TLL6-7	99	451718
225.8595	0.1285	ripple_TLL1-2	74	451719
225.8675	0.06	ripple_TLL29-30	93	451735
225.8775	0.1155	ripple_TLL2-3	84	451755
225.8795	0.1075	ripple_TLL30-31	95	451759
225.901	0.0345	ripple_TLL27-28	91	451802
225.9035	0.0845	ripple_TLL4-5	97	451807
225.9175	0.037	ripple_TLL21-22	86	451835
225.922	0.323	ripple_TLL22-23	87	451844
225.9265	0.238	ripple_TLL18-19	82	451853
225.945	0.1455	ripple_TLL6-7	99	451890
225.9675	0.11	ripple_TLL27-28	91	451935
225.9725	0.036	ripple_TLL23-24	88	451945
225.9805	0.031	ripple_TLL29-30	93	451961
225.983	0.0585	ripple_TLL31-32	96	451966
225.9925	0.05	ripple_TLL5-6	98	451985
226.0005	0.0615	ripple_TLL28-29	92	452001
226.0085	0.067	ripple_TBAL3-4	70	452017
226.0155	0.084	ripple_TLL17-18	81	452031
226.0205	0.0515	ripple_TLL26-27	90	452041
226.0215	0.05	ripple_TLL21-22	86	452043
226.0345	0.0975	ripple_TLL7-8	100	452069
226.061	0.0915	ripple_TLL1-2	74	452122
226.0655	0.0625	ripple_TLL2-3	84	452131
226.0805	0.073	ripple_TLL15-16	80	452161
226.0855	0.0595	ripple_TLL30-31	95	452171
226.0865	0.3295	ripple_TBPL2-3	72	452173
226.089	0.0685	ripple_TLL14-15	79	452178
226.089	0.293	ripple_TLL23-24	88	452178
226.09	0.0695	ripple_TLL29-30	93	452180
226.102	0.047	ripple_TLL31-32	96	452204
226.1345	0.047	ripple_TLL28-29	92	452269
226.1595	0.0385	ripple_TLL10-11	75	452319
226.182	0.0425	ripple_TLL27-28	91	452364
226.182	0.1025	ripple_TLL26-27	90	452364
226.1855	0.074	ripple_TLL14-15	79	452371
226.1945	0.085	ripple_TLL18-19	82	452389
226.1985	0.1475	ripple_TLL7-8	100	452397
226.223	0.065	ripple_TLL28-29	92	452446
226.224	0.07	ripple_TLL1-2	74	452448
226.226	0.0715	ripple_TLL21-22	86	452452
226.2275	0.1135	ripple_TLL15-16	80	452455
226.229	0.0375	ripple_TLL13-14	78	452458
226.235	0.063	ripple_TLL29-30	93	452470
226.2385	0.0545	ripple_TLL2-3	84	452477
226.2445	0.0435	ripple_TBPL3-4	73	452489
226.252	0.0705	ripple_TLL6-7	99	452504
226.285	0.0515	ripple_TLL10-11	75	452570
226.2855	0.0335	ripple_TLL22-23	87	452571
226.3195	0.037	ripple_TBPL3-4	73	452639
226.32	0.138	ripple_TLL1-2	74	452640
226.3255	0.0435	ripple_TLL30-31	95	452651
226.3385	0.0545	ripple_TBPL1-2	71	452677
226.345	0.0315	ripple_TLL11-12	76	452690
226.351	0.0735	ripple_TLL19-20	83	452702
226.366	0.1435	ripple_TLL20-21	85	452732
226.37	0.0425	ripple_TLL2-3	84	452740
226.3945	0.2295	ripple_TLL31-32	96	452789
226.3995	0.047	ripple_TLL7-8	100	452799
226.4055	0.047	ripple_TLL21-22	86	452811
226.4205	0.096	ripple_TLL29-30	93	452841
226.4245	0.039	ripple_TBAL1-2	68	452849
226.4275	0.0345	ripple_TLL13-14	78	452855
226.43	0.013	fr_TLL19-20	16	452860
226.4415	0.0365	ripple_TLL2-3	84	452883
226.4495	0.0605	ripple_TBAL2-3	69	452899
226.46	0.0395	ripple_TLL19-20	83	452920
226.464	0.054	ripple_TLL23-24	88	452928
226.468	0.0375	ripple_TLL9-10	101	452936
226.4705	0.0525	ripple_TBAL3-4	70	452941
226.478	0.031	ripple_TLL28-29	92	452956
226.4805	0.0505	ripple_TLL27-28	91	452961
226.504	0.074	ripple_TBPL2-3	72	453008
226.5205	0.0445	ripple_TLL7-8	100	453041
226.5315	0.0465	ripple_TLL21-22	86	453063
226.54	0.08	ripple_TLL2-3	84	453080
226.544	0.291	ripple_TLL22-23	87	453088
226.548	0.078	ripple_TLL30-31	95	453096
226.5875	0.037	ripple_TLL6-7	99	453175
226.603	0.04	ripple_TBPL2-3	72	453206
226.607	0.2635	ripple_TLL29-30	93	453214
226.6245	0.1455	ripple_TLL18-19	82	453249
226.648	0.157	ripple_TLL28-29	92	453296
226.6495	0.0455	ripple_TLL23-24	88	453299
226.652	0.077	ripple_TBAL2-3	69	453304
226.661	0.0675	ripple_TLL30-31	95	453322
226.663	0.046	ripple_TLL3-4	94	453326
226.6685	0.0885	ripple_TLL14-15	79	453337
226.6715	0.1135	ripple_TLL31-32	96	453343
226.677	0.067	ripple_TLL19-20	83	453354
226.679	0.04	ripple_TLL17-18	81	453358
226.6815	0.034	ripple_TBPL3-4	73	453363
226.6865	0.0505	ripple_TLL9-10	101	453373
226.687	0.05	ripple_TLL26-27	90	453374
226.6965	0.041	ripple_TBAL3-4	70	453393
226.7015	0.0445	ripple_TLL13-14	78	453403
226.7115	0.133	ripple_TLL1-2	74	453423
226.7325	0.1305	ripple_TLL2-3	84	453465
226.747	0.1315	ripple_TLL20-21	85	453494
226.768	0.0975	ripple_TLL19-20	83	453536
226.804	0.031	ripple_TLL5-6	98	453608
226.809	0.076	ripple_TLL31-32	96	453618
226.881	0.284	ripple_TLL22-23	87	453762
226.8885	0.107	ripple_TBPL2-3	72	453777
226.906	0.0485	ripple_TBAL2-3	69	453812
226.915	0.0685	ripple_TLL28-29	92	453830
226.9225	0.0845	ripple_TLL30-31	95	453845
226.929	0.0455	ripple_TLL3-4	94	453858
226.9595	0.057	ripple_TLL29-30	93	453919
226.966	0.0315	ripple_TBPL1-2	71	453932
226.9715	0.2	ripple_TLL14-15	79	453943
226.9855	0.036	ripple_TLL2-3	84	453971
226.9855	0.123	ripple_TLL7-8	100	453971
226.9895	0.036	ripple_TLL15-16	80	453979
226.991	0.1065	ripple_TLL18-19	82	453982
227.0	0.0405	ripple_TLL17-18	81	454000
227.013	0.09	ripple_TLL23-24	88	454026
227.0225	0.034	ripple_TLL21-22	86	454045
227.0515	0.0455	ripple_TLL6-7	99	454103
227.055	0.038	ripple_TLL29-30	93	454110
227.0825	0.0665	ripple_TLL20-21	85	454165
227.106	0.2105	ripple_TLL28-29	92	454212
227.109	0.0445	ripple_TBPL2-3	72	454218
227.112	0.0515	ripple_TLL9-10	101	454224
227.1165	0.073	ripple_TLL1-2	74	454233
227.1195	0.112	ripple_TLL19-20	83	454239
227.121	0.0945	ripple_TLL31-32	96	454242
227.124	0.197	ripple_TLL2-3	84	454248
227.129	0.0425	ripple_TLL27-28	91	454258
227.136	0.0375	ripple_TLL30-31	95	454272
227.137	0.0855	ripple_TLL7-8	100	454274
227.169	0.036	ripple_TLL6-7	99	454338
227.2015	0.044	ripple_TLL29-30	93	454403
227.2145	0.051	ripple_TLL1-2	74	454429
227.224	0.115	ripple_TBPL1-2	71	454448
227.226	0.122	ripple_TLL30-31	95	454452
227.2315	0.107	ripple_TLL5-6	98	454463
227.2365	0.054	ripple_TBPL2-3	72	454473
227.2545	0.0405	ripple_TLL14-15	79	454509
227.26	0.037	ripple_TLL6-7	99	454520
227.261	0.04	ripple_TLL15-16	80	454522
227.289	0.106	ripple_TLL20-21	85	454578
227.292	0.0995	ripple_TLL23-24	88	454584
227.2965	0.0435	ripple_TLL19-20	83	454593
227.3055	0.0885	ripple_TLL22-23	87	454611
227.312	0.071	ripple_TBPL2-3	72	454624
227.3175	0.0535	ripple_TLL27-28	91	454635
227.326	0.063	ripple_TLL26-27	90	454652
227.326	0.137	ripple_TLL1-2	74	454652
227.337	0.062	ripple_TLL9-10	101	454674
227.3385	0.0525	ripple_TLL18-19	82	454677
227.385	0.079	ripple_TLL30-31	95	454770
227.4155	0.0555	ripple_TLL31-32	96	454831
227.4255	0.0295	ripple_TLL19-20	83	454851
227.4305	0.0815	ripple_TLL29-30	93	454861
227.4395	0.0515	ripple_TLL18-19	82	454879
227.446	0.0735	ripple_TLL7-8	100	454892
227.446	0.1495	ripple_TBPL2-3	72	454892
227.4555	0.0355	ripple_TLL9-10	101	454911
227.4755	0.036	ripple_TLL2-3	84	454951
227.5075	0.0965	ripple_TLL30-31	95	455015
227.5075	0.1315	ripple_TLL19-20	83	455015
227.5145	0.1655	ripple_TLL22-23	87	455029
227.5155	0.0675	ripple_TLL1-2	74	455031
227.5155	0.075	ripple_TBAL2-3	69	455031
227.517	0.0425	ripple_TLL6-7	99	455034
227.536	0.0405	ripple_TLL11-12	76	455072
227.5405	0.1225	ripple_TLL23-24	88	455081
227.5935	0.0965	ripple_TLL17-18	81	455187
227.5975	0.0475	ripple_TLL31-32	96	455195
227.6045	0.0265	fr_TBAL3-4	3	455209
227.6055	0.103	ripple_TLL14-15	79	455211
227.6205	0.0655	ripple_TBPL2-3	72	455241
227.624	0.038	ripple_TLL13-14	78	455248
227.6415	0.0495	ripple_TLL7-8	100	455283
227.6425	0.0705	ripple_TLL11-12	76	455285
227.645	0.051	ripple_TLL1-2	74	455290
227.6485	0.092	ripple_TLL15-16	80	455297
227.6505	0.0805	ripple_TLL29-30	93	455301
227.6835	0.1055	ripple_TLL30-31	95	455367
227.6935	0.142	ripple_TLL6-7	99	455387
227.702	0.078	ripple_TLL3-4	94	455404
227.71	0.0465	ripple_TLL22-23	87	455420
227.7125	0.0525	ripple_TLL31-32	96	455425
227.715	0.058	ripple_TLL13-14	78	455430
227.724	0.3535	ripple_TBPL2-3	72	455448
227.724	0.3535	fr_TBPL2-3	5	455448
227.724	0.3535	frandr_TBPL2-3	39	455448
227.7245	0.035	ripple_TLL19-20	83	455449
227.7265	0.029	ripple_TLL5-6	98	455453
227.751	0.161	ripple_TLL20-21	85	455502
227.758	0.123	ripple_TLL21-22	86	455516
227.7625	0.0395	ripple_TLL29-30	93	455525
227.787	0.1875	ripple_TLL22-23	87	455574
227.7915	0.0115	fr_TLL12-13	10	455583
227.829	0.035	ripple_TLL31-32	96	455658
227.837	0.0485	ripple_TLL28-29	92	455674
227.859	0.044	ripple_TLL4-5	97	455718
227.866	0.0415	ripple_TLL1-2	74	455732
227.8685	0.065	ripple_TLL3-4	94	455737
227.887	0.067	ripple_TLL7-8	100	455774
227.896	0.0305	ripple_TLL31-32	96	455792
227.922	0.0545	ripple_TLL6-7	99	455844
227.9275	0.2055	ripple_TBPL1-2	71	455855
227.928	0.0395	ripple_TLL28-29	92	455856
227.9355	0.038	ripple_TLL27-28	91	455871
227.9405	0.0705	ripple_TLL29-30	93	455881
227.943	0.098	ripple_TLL21-22	86	455886
227.9645	0.1285	ripple_TLL31-32	96	455929
227.9895	0.0625	ripple_TLL30-31	95	455979
227.9925	0.0575	ripple_TLL1-2	74	455985
228.001	0.0355	ripple_TLL6-7	99	456002
228.0265	0.0405	ripple_TLL3-4	94	456053
228.0425	0.078	ripple_TLL11-12	76	456085
228.0455	0.038	ripple_TLL18-19	82	456091
228.051	0.0885	ripple_TLL27-28	91	456102
228.063	0.1275	ripple_TLL21-22	86	456126
228.065	0.0255	ripple_TLL20-21	85	456130
228.071	0.0685	ripple_TLL4-5	97	456142
228.094	0.06	ripple_TLL23-24	88	456188
228.095	0.0955	ripple_TLL22-23	87	456190
228.0955	0.176	ripple_TLL19-20	83	456191
228.1165	0.05	ripple_TLL31-32	96	456233
228.1355	0.067	ripple_TLL6-7	99	456271
228.1385	0.11	ripple_TBPL2-3	72	456277
228.155	0.1335	ripple_TLL15-16	80	456310
228.1585	0.0595	ripple_TLL3-4	94	456317
228.1625	0.1785	ripple_TLL30-31	95	456325
228.172	0.0425	ripple_TLL2-3	84	456344
228.1765	0.036	ripple_TLL4-5	97	456353
228.18	0.084	ripple_TLL28-29	92	456360
228.204	0.1055	ripple_TLL20-21	85	456408
228.2175	0.0465	ripple_TLL14-15	79	456435
228.222	0.1285	ripple_TBPL1-2	71	456444
228.2255	0.0335	ripple_TLL6-7	99	456451
228.2275	0.0575	ripple_TLL1-2	74	456455
228.2275	0.104	ripple_TLL7-8	100	456455
228.2295	0.129	ripple_TLL29-30	93	456459
228.231	0.0525	ripple_TLL10-11	75	456462
228.2325	0.037	ripple_TLL18-19	82	456465
228.2335	0.1525	ripple_TLL21-22	86	456467
228.2425	0.0975	ripple_TLL23-24	88	456485
228.2435	0.096	ripple_TLL22-23	87	456487
228.251	0.172	ripple_TLL31-32	96	456502
228.2995	0.0895	ripple_TLL19-20	83	456599
228.31	0.096	ripple_TLL4-5	97	456620
228.32	0.1455	ripple_TBPL2-3	72	456640
228.3205	0.0455	ripple_TLL3-4	94	456641
228.3515	0.043	ripple_TLL7-8	100	456703
228.356	0.043	ripple_TLL15-16	80	456712
228.3925	0.2025	ripple_TLL23-24	88	456785
228.3935	0.045	ripple_TLL20-21	85	456787
228.3995	0.1105	ripple_TLL14-15	79	456799
228.41	0.0495	ripple_TLL29-30	93	456820
228.412	0.1475	ripple_TLL30-31	95	456824
228.416	0.176	ripple_TLL22-23	87	456832
228.4235	0.148	ripple_TLL1-2	74	456847
228.4555	0.169	ripple_TLL2-3	84	456911
228.4575	0.1735	ripple_TLL4-5	97	456915
228.4625	0.0665	ripple_TLL31-32	96	456925
228.4675	0.042	ripple_TLL15-16	80	456935
228.48	0.231	ripple_TLL20-21	85	456960
228.4925	0.118	ripple_TLL26-27	90	456985
228.494	0.113	ripple_TLL27-28	91	456988
228.511	0.0445	ripple_TBPL2-3	72	457022
228.512	0.0555	ripple_TLL21-22	86	457024
228.5165	0.146	ripple_TBPL1-2	71	457033
228.554	0.044	ripple_TLL5-6	98	457108
228.5705	0.1735	ripple_TLL19-20	83	457141
228.586	0.0345	ripple_TLL31-32	96	457172
228.586	0.041	ripple_TBPL2-3	72	457172
228.59	0.0455	ripple_TLL6-7	99	457180
228.6015	0.042	ripple_TLL7-8	100	457203
228.608	0.053	ripple_TLL15-16	80	457216
228.621	0.11	ripple_TLL29-30	93	457242
228.6505	0.037	ripple_TLL5-6	98	457301
228.6505	0.0515	ripple_TLL22-23	87	457301
228.6655	0.049	ripple_TBPL2-3	72	457331
228.678	0.053	ripple_TLL30-31	95	457356
228.693	0.046	ripple_TLL15-16	80	457386
228.6955	0.037	ripple_TLL7-8	100	457391
228.699	0.0295	ripple_TLL2-3	84	457398
228.7115	0.0505	ripple_TLL18-19	82	457423
228.7375	0.043	ripple_TBPL3-4	73	457475
228.762	0.101	ripple_TLL26-27	90	457524
228.7655	0.0805	ripple_TLL27-28	91	457531
228.768	0.0325	ripple_TBPL2-3	72	457536
228.768	0.04	ripple_TLL20-21	85	457536
228.771	0.2315	ripple_TLL1-2	74	457542
228.795	0.075	ripple_TLL7-8	100	457590
228.825	0.078	ripple_TLL22-23	87	457650
228.829	0.0715	ripple_TBPL1-2	71	457658
228.83	0.052	ripple_TLL23-24	88	457660
228.8505	0.0355	ripple_TLL29-30	93	457701
228.861	0.033	ripple_TLL28-29	92	457722
228.8615	0.0515	ripple_TLL4-5	97	457723
228.873	0.0625	ripple_TLL15-16	80	457746
228.8775	0.0655	ripple_TBPL2-3	72	457755
228.882	0.0865	ripple_TLL20-21	85	457764
228.897	0.0665	ripple_TLL2-3	84	457794
228.9025	0.125	ripple_TLL14-15	79	457805
228.9195	0.0465	ripple_TLL23-24	88	457839
228.9345	0.058	ripple_TLL31-32	96	457869
228.947	0.0755	ripple_TLL30-31	95	457894
228.954	0.034	ripple_TLL18-19	82	457908
228.9575	0.0275	ripple_TLL5-6	98	457915
228.958	0.032	ripple_TLL6-7	99	457916
228.9595	0.0675	ripple_TLL21-22	86	457919
228.9875	0.067	ripple_TLL29-30	93	457975
228.9895	0.031	ripple_TLL7-8	100	457979
228.9895	0.089	ripple_TLL19-20	83	457979
228.992	0.0385	ripple_TLL15-16	80	457984
228.9925	0.056	ripple_TLL28-29	92	457985
229.023	0.042	ripple_TLL1-2	74	458046
229.0435	0.0415	ripple_TLL18-19	82	458087
229.051	0.3015	ripple_TLL31-32	96	458102
229.0585	0.102	ripple_TLL7-8	100	458117
229.099	0.0675	ripple_TLL6-7	99	458198
229.1	0.0705	ripple_TLL14-15	79	458200
229.109	0.0425	ripple_TLL29-30	93	458218
229.111	0.034	ripple_TLL30-31	95	458222
229.12	0.0425	ripple_TLL5-6	98	458240
229.12	0.051	ripple_TLL19-20	83	458240
229.1305	0.062	ripple_TLL21-22	86	458261
229.1435	0.059	ripple_TLL11-12	76	458287
229.1485	0.097	ripple_TLL20-21	85	458297
229.155	0.036	ripple_TLL2-3	84	458310
229.1575	0.058	ripple_TLL1-2	74	458315
229.1615	0.09	ripple_TLL23-24	88	458323
229.1615	0.0925	ripple_TLL22-23	87	458323
229.1635	0.1235	ripple_TBPL2-3	72	458327
229.1645	0.0675	ripple_TLL12-13	77	458329
229.209	0.0995	ripple_TLL14-15	79	458418
229.257	0.0495	ripple_TLL30-31	95	458514
229.2665	0.0355	ripple_TLL1-2	74	458533
229.277	0.041	ripple_TLL7-8	100	458554
229.277	0.0485	ripple_TLL10-11	75	458554
229.281	0.0665	ripple_TLL19-20	83	458562
229.2845	0.258	ripple_TLL23-24	88	458569
229.3045	0.0425	ripple_TLL21-22	86	458609
229.3205	0.1215	ripple_TLL22-23	87	458641
229.3495	0.1825	ripple_TBPL1-2	71	458699
229.3575	0.0305	ripple_TLL7-8	100	458715
229.372	0.069	ripple_TBPL2-3	72	458744
229.3725	0.048	ripple_TLL19-20	83	458745
229.3795	0.0205	fr_TBAL3-4	3	458759
229.382	0.0995	ripple_TLL31-32	96	458764
229.399	0.0345	ripple_TLL9-10	101	458798
229.4085	0.0375	ripple_TLL10-11	75	458817
229.415	0.0355	ripple_TLL1-2	74	458830
229.432	0.0465	ripple_TLL29-30	93	458864
229.4395	0.0515	ripple_TLL30-31	95	458879
229.448	0.074	ripple_TLL11-12	76	458896
229.459	0.098	ripple_TLL20-21	85	458918
229.4625	0.0325	ripple_TLL12-13	77	458925
229.488	0.0305	ripple_TLL14-15	79	458976
229.4905	0.0745	ripple_TLL21-22	86	458981
229.5075	0.2625	ripple_TLL6-7	99	459015
229.516	0.091	ripple_TLL1-2	74	459032
229.5285	0.0555	ripple_TBPL2-3	72	459057
229.536	0.044	ripple_TLL29-30	93	459072
229.5405	0.065	ripple_TLL2-3	84	459081
229.544	0.0375	ripple_TLL22-23	87	459088
229.5445	0.045	ripple_TLL30-31	95	459089
229.546	0.029	ripple_TLL14-15	79	459092
229.5575	0.0425	ripple_TLL19-20	83	459115
229.638	0.0615	ripple_TLL19-20	83	459276
229.639	0.0345	ripple_TLL20-21	85	459278
229.649	0.077	ripple_TLL9-10	101	459298
229.6545	0.04	ripple_TLL4-5	97	459309
229.681	0.135	ripple_TLL23-24	88	459362
229.6865	0.0975	ripple_TBPL2-3	72	459373
229.713	0.056	ripple_TLL13-14	78	459426
229.7175	0.055	ripple_TLL14-15	79	459435
229.727	0.0395	ripple_TLL5-6	98	459454
229.734	0.043	ripple_TLL1-2	74	459468
229.7685	0.042	ripple_TLL17-18	81	459537
229.7735	0.059	ripple_TLL29-30	93	459547
229.774	0.072	ripple_TLL30-31	95	459548
229.7745	0.05	ripple_TLL18-19	82	459549
229.778	0.0845	ripple_TLL19-20	83	459556
229.7815	0.1745	ripple_TLL20-21	85	459563
229.796	0.166	ripple_TLL6-7	99	459592
229.811	0.058	ripple_TLL21-22	86	459622
229.8125	0.0855	ripple_TLL7-8	100	459625
229.823	0.103	ripple_TBPL2-3	72	459646
229.8365	0.0515	ripple_TBPL3-4	73	459673
229.838	0.109	ripple_TLL15-16	80	459676
229.866	0.0355	ripple_TLL30-31	95	459732
229.884	0.033	ripple_TLL19-20	83	459768
229.8905	0.035	ripple_TLL5-6	98	459781
229.901	0.0305	ripple_TLL1-2	74	459802
229.911	0.06	ripple_TLL21-22	86	459822
229.9595	0.0835	ripple_TLL1-2	74	459919
229.979	0.0565	ripple_TLL7-8	100	459958
229.982	0.122	ripple_TLL30-31	95	459964
229.983	0.064	ripple_TLL29-30	93	459966
229.9845	0.034	ripple_TLL28-29	92	459969
229.99	0.0595	ripple_TBPL2-3	72	459980
229.9935	0.038	ripple_TLL27-28	91	459987
230.0035	0.1385	ripple_TBPL1-2	71	460007
230.01	0.04	ripple_TLL19-20	83	460020
230.0125	0.038	ripple_TLL6-7	99	460025
230.0345	0.268	ripple_TLL22-23	87	460069
230.036	0.176	ripple_TLL23-24	88	460072
230.0525	0.043	ripple_TLL20-21	85	460105
230.0705	0.0545	ripple_TBPL2-3	72	460141
230.082	0.117	ripple_TLL19-20	83	460164
230.083	0.03	ripple_TLL31-32	96	460166
230.085	0.091	ripple_TLL7-8	100	460170
230.097	0.033	ripple_TLL26-27	90	460194
230.102	0.0375	ripple_TLL2-3	84	460204
230.115	0.066	ripple_TLL12-13	77	460230
230.1155	0.0905	ripple_TLL11-12	76	460231
230.1185	0.1125	ripple_TLL6-7	99	460237
230.1205	0.034	ripple_TLL1-2	74	460241
230.17	0.0225	fr_TBAL3-4	3	460340
230.1755	0.052	ripple_TLL31-32	96	460351
230.1865	0.084	ripple_TBPL2-3	72	460373
230.1955	0.0805	ripple_TBPL1-2	71	460391
230.2035	0.0345	ripple_TLL27-28	91	460407
230.2115	0.084	ripple_TLL2-3	84	460423
230.2125	0.05	ripple_TLL21-22	86	460425
230.2275	0.09	ripple_TLL9-10	101	460455
230.2715	0.0625	ripple_TLL1-2	74	460543
230.275	0.036	ripple_TLL26-27	90	460550
230.2775	0.045	ripple_TLL23-24	88	460555
230.2885	0.116	ripple_TLL31-32	96	460577
230.2895	0.0375	ripple_TLL15-16	80	460579
230.2955	0.0335	ripple_TLL5-6	98	460591
230.347	0.0565	ripple_TLL18-19	82	460694
230.347	0.0665	ripple_TLL14-15	79	460694
230.366	0.056	ripple_TLL7-8	100	460732
230.3765	0.035	ripple_TLL30-31	95	460753
230.379	0.0335	ripple_TLL3-4	94	460758
230.3985	0.029	ripple_TBPL1-2	71	460797
230.4045	0.1345	ripple_TLL23-24	88	460809
230.4295	0.3325	ripple_TLL29-30	93	460859
230.438	0.145	ripple_TLL30-31	95	460876
230.4445	0.0385	ripple_TLL4-5	97	460889
230.4595	0.04	ripple_TLL3-4	94	460919
230.463	0.0455	ripple_TBPL1-2	71	460926
230.464	0.073	ripple_TBPL2-3	72	460928
230.488	0.042	ripple_TLL6-7	99	460976
230.4915	0.023	fr_TBAL3-4	3	460983
230.495	0.0755	ripple_TLL1-2	74	460990
230.5195	0.038	ripple_TLL11-12	76	461039
230.555	0.085	ripple_TLL22-23	87	461110
230.556	0.0445	ripple_TLL14-15	79	461112
230.5605	0.155	ripple_TLL20-21	85	461121
230.5815	0.1375	ripple_TLL21-22	86	461163
230.5845	0.059	ripple_TLL18-19	82	461169
230.5855	0.056	ripple_TLL19-20	83	461171
230.5865	0.0535	ripple_TLL2-3	84	461173
230.597	0.0345	ripple_TLL1-2	74	461194
230.612	0.0325	ripple_TLL26-27	90	461224
230.612	0.034	ripple_TLL31-32	96	461224
230.621	0.0315	ripple_TLL15-16	80	461242
230.63	0.1225	ripple_TLL28-29	92	461260
230.638	0.157	ripple_TBPL1-2	71	461276
230.6415	0.032	ripple_TLL7-8	100	461283
230.6425	0.19	ripple_TBPL2-3	72	461285
230.643	0.131	ripple_TLL6-7	99	461286
230.664	0.159	ripple_TLL30-31	95	461328
230.6685	0.031	ripple_TBPL3-4	73	461337
230.6915	0.0365	ripple_TLL15-16	80	461383
230.702	0.0925	ripple_TLL2-3	84	461404
230.719	0.105	ripple_TLL19-20	83	461438
230.7255	0.0555	ripple_TLL7-8	100	461451
230.7305	0.0495	ripple_TLL1-2	74	461461
230.7585	0.0805	ripple_TLL14-15	79	461517
230.759	0.1345	ripple_TLL21-22	86	461518
230.7715	0.298	ripple_TLL23-24	88	461543
230.791	0.082	ripple_TLL31-32	96	461582
230.7955	0.04	ripple_TLL13-14	78	461591
230.81	0.0565	ripple_TLL20-21	85	461620
230.825	0.1355	ripple_TLL29-30	93	461650
230.844	0.184	ripple_TBPL1-2	71	461688
230.866	0.0875	ripple_TLL14-15	79	461732
230.8795	0.042	ripple_TLL4-5	97	461759
230.895	0.028	ripple_TLL6-7	99	461790
230.8995	0.036	ripple_TLL7-8	100	461799
230.9105	0.034	ripple_TLL30-31	95	461821
230.9115	0.2025	ripple_TLL20-21	85	461823
230.939	0.043	ripple_TLL13-14	78	461878
230.9435	0.0995	ripple_TLL15-16	80	461887
230.944	0.0865	ripple_TLL22-23	87	461888
230.96	0.0605	ripple_TLL6-7	99	461920
230.96	0.068	ripple_TLL19-20	83	461920
230.96	0.096	ripple_TLL7-8	100	461920
230.9665	0.038	ripple_TLL1-2	74	461933
230.9665	0.1535	ripple_TBPL2-3	72	461933
230.9675	0.0455	ripple_TLL31-32	96	461935
230.973	0.048	ripple_TLL21-22	86	461946
230.989	0.013	fr_TLL17-18	14	461978
230.991	0.1145	ripple_TLL2-3	84	461982
231.0085	0.056	ripple_TLL29-30	93	462017
231.02	0.0295	ripple_TLL30-31	95	462040
231.051	0.053	ripple_TLL1-2	74	462102
231.06	0.056	ripple_TLL21-22	86	462120
231.064	0.053	ripple_TLL6-7	99	462128
231.0705	0.088	ripple_TLL5-6	98	462141
231.0715	0.257	ripple_TLL30-31	95	462143
231.1075	0.0575	ripple_TLL31-32	96	462215
231.115	0.065	ripple_TLL22-23	87	462230
231.1215	0.016	fr_TBAL1-2	1	462243
231.13	0.058	ripple_TLL27-28	91	462260
231.1325	0.0395	ripple_TLL26-27	90	462265
231.159	0.013	fr_TBAL3-4	3	462318
231.1625	0.037	ripple_TLL21-22	86	462325
231.167	0.055	ripple_TLL1-2	74	462334
231.173	0.044	ripple_TLL14-15	79	462346
231.175	0.3245	ripple_TLL20-21	85	462350
231.1815	0.092	ripple_TLL19-20	83	462363
231.2035	0.1105	ripple_TLL31-32	96	462407
231.218	0.0345	ripple_TLL3-4	94	462436
231.223	0.032	ripple_TLL22-23	87	462446
231.2275	0.037	ripple_TLL2-3	84	462455
231.2355	0.038	ripple_TLL17-18	81	462471
231.238	0.137	ripple_TLL21-22	86	462476
231.245	0.021	fr_TLL27-28	24	462490
231.246	0.0255	fr_TBAL3-4	3	462492
231.248	0.1025	ripple_TLL18-19	82	462496
231.262	0.281	ripple_TBPL2-3	72	462524
231.263	0.07	ripple_TLL29-30	93	462526
231.2715	0.0695	ripple_TLL4-5	97	462543
231.2955	0.051	ripple_TLL6-7	99	462591
231.3035	0.12	ripple_TLL22-23	87	462607
231.3065	0.0365	ripple_TLL27-28	91	462613
231.307	0.0485	ripple_TLL1-2	74	462614
231.35	0.0545	ripple_TLL23-24	88	462700
231.3505	0.066	ripple_TLL31-32	96	462701
231.3535	0.0525	ripple_TLL29-30	93	462707
231.3755	0.0665	ripple_TLL2-3	84	462751
231.3925	0.0475	ripple_TLL1-2	74	462785
231.3945	0.036	ripple_TLL4-5	97	462789
231.4005	0.0405	ripple_TLL3-4	94	462801
231.411	0.0535	ripple_TLL17-18	81	462822
231.4175	0.0895	ripple_TLL21-22	86	462835
231.421	0.039	ripple_TLL7-8	100	462842
231.436	0.023	fr_TBAL3-4	3	462872
231.4455	0.31	ripple_TLL22-23	87	462891
231.463	0.041	ripple_TLL30-31	95	462926
231.4715	0.084	ripple_TLL18-19	82	462943
231.4995	0.2245	ripple_TLL1-2	74	462999
231.502	0.253	ripple_TLL31-32	96	463004
231.518	0.0555	ripple_TLL19-20	83	463036
231.571	0.0495	ripple_TLL20-21	85	463142
231.6005	0.035	ripple_TLL9-10	101	463201
231.614	0.059	ripple_TLL17-18	81	463228
231.6195	0.1195	ripple_TLL2-3	84	463239
231.6275	0.014	fr_TBAL3-4	3	463255
231.6275	0.2095	ripple_TLL21-22	86	463255
231.6305	0.028	ripple_TLL30-31	95	463261
231.641	0.032	ripple_TLL20-21	85	463282
231.645	0.118	ripple_TLL19-20	83	463290
231.648	0.0995	ripple_TLL23-24	88	463296
231.683	0.038	ripple_TLL6-7	99	463366
231.683	0.055	ripple_TLL18-19	82	463366
231.683	0.0725	ripple_TLL28-29	92	463366
231.7125	0.0475	ripple_TLL27-28	91	463425
231.715	0.0935	ripple_TLL26-27	90	463430
231.7235	0.0945	ripple_TLL20-21	85	463447
231.7255	0.0365	ripple_TLL14-15	79	463451
231.7285	0.0485	ripple_TLL4-5	97	463457
231.775	0.0805	ripple_TLL30-31	95	463550
231.7765	0.0365	ripple_TLL28-29	92	463553
231.7795	0.0345	ripple_TLL29-30	93	463559
231.7835	0.041	ripple_TLL18-19	82	463567
231.792	0.169	ripple_TLL31-32	96	463584
231.816	0.084	ripple_TLL7-8	100	463632
231.828	0.073	ripple_TBPL2-3	72	463656
231.8285	0.06	ripple_TLL15-16	80	463657
231.83	0.0365	ripple_TLL1-2	74	463660
231.831	0.073	ripple_TLL22-23	87	463662
231.8705	0.3455	ripple_TLL23-24	88	463741
231.8895	0.0435	ripple_TLL18-19	82	463779
231.9035	0.116	ripple_TLL14-15	79	463807
231.9085	0.0545	ripple_TLL5-6	98	463817
231.9085	0.0545	fr_TLL5-6	31	463817
231.9085	0.0545	frandr_TLL5-6	64	463817
231.94	0.048	ripple_TLL6-7	99	463880
231.9455	0.0415	ripple_TLL30-31	95	463891
231.954	0.0685	ripple_TLL22-23	87	463908
231.957	0.0365	ripple_TLL4-5	97	463914
231.9745	0.0385	ripple_TLL29-30	93	463949
231.9765	0.34	ripple_TBPL1-2	71	463953
231.979	0.0375	ripple_TLL20-21	85	463958
231.9795	0.096	ripple_TLL15-16	80	463959
231.9895	0.212	ripple_TBPL2-3	72	463979
232.0115	0.097	ripple_TLL1-2	74	464023
232.0165	0.03	ripple_TLL31-32	96	464033
232.0185	0.075	ripple_TLL6-7	99	464037
232.035	0.05	ripple_TLL4-5	97	464070
232.057	0.0385	ripple_TLL20-21	85	464114
232.065	0.2275	ripple_TLL2-3	84	464130
232.065	0.2275	fr_TLL2-3	17	464130
232.065	0.2275	frandr_TLL2-3	51	464130
232.0885	0.102	ripple_TLL22-23	87	464177
232.095	0.0805	ripple_TLL7-8	100	464190
232.101	0.0365	ripple_TLL5-6	98	464202
232.108	0.179	ripple_TLL18-19	82	464216
232.1335	0.0445	ripple_TLL6-7	99	464267
232.1405	0.0425	ripple_TLL29-30	93	464281
232.15	0.1105	ripple_TLL31-32	96	464300
232.153	0.115	ripple_TLL1-2	74	464306
232.1555	0.0395	ripple_TLL13-14	78	464311
232.1635	0.1115	ripple_TLL14-15	79	464327
232.1915	0.267	ripple_TLL21-22	86	464383
232.203	0.133	ripple_TLL20-21	85	464406
232.2145	0.037	ripple_TLL28-29	92	464429
232.2215	0.036	ripple_TLL5-6	98	464443
232.229	0.0765	ripple_TBPL2-3	72	464458
232.238	0.0435	ripple_TLL29-30	93	464476
232.244	0.0575	ripple_TLL30-31	95	464488
232.26	0.11	ripple_TLL19-20	83	464520
232.297	0.176	ripple_TLL1-2	74	464594
232.323	0.037	ripple_TLL4-5	97	464646
232.3335	0.067	ripple_TBPL2-3	72	464667
232.3345	0.041	ripple_TLL5-6	98	464669
232.336	0.13	ripple_TLL30-31	95	464672
232.36	0.0765	ripple_TLL26-27	90	464720
232.3695	0.035	ripple_TLL2-3	84	464739
232.3905	0.059	ripple_TLL28-29	92	464781
232.399	0.1975	ripple_TLL23-24	88	464798
232.4055	0.0485	ripple_TLL22-23	87	464811
232.41	0.0495	ripple_TLL3-4	94	464820
232.41	0.122	ripple_TLL20-21	85	464820
232.4175	0.073	ripple_TBPL1-2	71	464835
232.426	0.044	ripple_TBPL2-3	72	464852
232.428	0.054	ripple_TLL4-5	97	464856
232.4445	0.124	ripple_TLL31-32	96	464889
232.4585	0.075	ripple_TLL13-14	78	464917
232.4625	0.1165	ripple_TLL5-6	98	464925
232.4795	0.1205	ripple_TLL19-20	83	464959
232.4875	0.048	ripple_TLL21-22	86	464975
232.49	0.066	ripple_TLL18-19	82	464980
232.491	0.0455	ripple_TLL28-29	92	464982
232.521	0.0835	ripple_TBPL2-3	72	465042
232.542	0.04	ripple_TLL14-15	79	465084
232.559	0.1115	ripple_TBPL1-2	71	465118
232.5615	0.0415	ripple_TLL30-31	95	465123
232.571	0.052	ripple_TLL28-29	92	465142
232.573	0.076	ripple_TLL4-5	97	465146
232.579	0.0725	ripple_TLL7-8	100	465158
232.63	0.0795	ripple_TLL14-15	79	465260
232.6455	0.133	ripple_TLL31-32	96	465291
232.6535	0.1965	ripple_TLL29-30	93	465307
232.659	0.0975	ripple_TLL30-31	95	465318
232.6745	0.3585	ripple_TLL19-20	83	465349
232.7385	0.044	ripple_TLL11-12	76	465477
232.743	0.0305	ripple_TLL21-22	86	465486
232.7525	0.027	ripple_TLL20-21	85	465505
232.7555	0.037	ripple_TLL13-14	78	465511
232.7575	0.092	ripple_TLL2-3	84	465515
232.76	0.0915	ripple_TLL1-2	74	465520
232.761	0.0765	ripple_TLL7-8	100	465522
232.787	0.077	ripple_TLL30-31	95	465574
232.81	0.0445	ripple_TLL31-32	96	465620
232.8165	0.0325	ripple_TLL20-21	85	465633
232.8265	0.038	ripple_TLL13-14	78	465653
232.836	0.031	ripple_TLL28-29	92	465672
232.846	0.0955	ripple_TLL22-23	87	465692
232.885	0.169	ripple_TBPL2-3	72	465770
232.892	0.033	ripple_TLL20-21	85	465784
232.896	0.036	ripple_TLL11-12	76	465792
232.912	0.0495	ripple_TLL23-24	88	465824
232.912	0.1185	ripple_TLL30-31	95	465824
232.953	0.0875	ripple_TLL20-21	85	465906
232.957	0.01	fr_TLL25-26	22	465914
232.964	0.088	ripple_TLL18-19	82	465928
232.973	0.044	ripple_TLL27-28	91	465946
232.983	0.0395	ripple_TLL4-5	97	465966
232.987	0.0745	ripple_TLL5-6	98	465974
232.998	0.058	ripple_TLL21-22	86	465996
233.0	0.066	ripple_TLL1-2	74	466000
233.053	0.051	ripple_TLL15-16	80	466106
233.055	0.1035	ripple_TBPL1-2	71	466110
233.0805	0.0715	ripple_TLL19-20	83	466161
233.0985	0.053	ripple_TLL5-6	98	466197
233.101	0.102	ripple_TLL6-7	99	466202
233.1025	0.045	ripple_TLL7-8	100	466205
233.113	0.0955	ripple_TLL31-32	96	466226
233.1175	0.143	ripple_TLL30-31	95	466235
233.118	0.053	ripple_TLL29-30	93	466236
233.1285	0.042	ripple_TLL20-21	85	466257
233.135	0.063	ripple_TLL4-5	97	466270
233.1465	0.1545	ripple_TBPL2-3	72	466293
233.17	0.0565	ripple_TLL23-24	88	466340
233.17	0.1875	ripple_TLL21-22	86	466340
233.1775	0.065	ripple_TLL19-20	83	466355
233.2035	0.0605	ripple_TLL18-19	82	466407
233.2185	0.1075	ripple_TLL20-21	85	466437
233.248	0.083	ripple_TLL2-3	84	466496
233.2525	0.0805	ripple_TLL1-2	74	466505
233.27	0.036	ripple_TLL15-16	80	466540
233.2745	0.039	ripple_TLL17-18	81	466549
233.277	0.072	ripple_TLL5-6	98	466554
233.2795	0.0785	ripple_TLL3-4	94	466559
233.281	0.053	ripple_TLL10-11	75	466562
233.295	0.0495	ripple_TLL29-30	93	466590
233.3125	0.0875	ripple_TLL23-24	88	466625
233.3165	0.0595	ripple_TLL22-23	87	466633
233.3255	0.1235	ripple_TLL18-19	82	466651
233.336	0.165	ripple_TLL19-20	83	466672
233.3725	0.0375	ripple_TLL2-3	84	466745
233.3745	0.0435	ripple_TLL28-29	92	466749
233.385	0.2055	ripple_TLL30-31	95	466770
233.4175	0.042	ripple_TLL17-18	81	466835
233.43	0.119	ripple_TLL29-30	93	466860
233.4385	0.0625	ripple_TLL15-16	80	466877
233.451	0.0415	ripple_TLL4-5	97	466902
233.462	0.051	ripple_TLL2-3	84	466924
233.463	0.066	ripple_TLL26-27	90	466926
233.4645	0.0885	ripple_TLL27-28	91	466929
233.4685	0.1715	ripple_TLL31-32	96	466937
233.475	0.214	ripple_TLL1-2	74	466950
233.484	0.0545	ripple_TLL23-24	88	466968
233.488	0.08	ripple_TLL20-21	85	466976
233.4905	0.137	ripple_TLL22-23	87	466981
233.4915	0.035	ripple_TBPL1-2	71	466983
233.5045	0.086	ripple_TBPL3-4	73	467009
233.5045	0.173	ripple_TLL21-22	86	467009
233.5055	0.1305	ripple_TLL18-19	82	467011
233.5165	0.049	ripple_TLL14-15	79	467033
233.52	0.0295	ripple_TLL28-29	92	467040
233.5445	0.034	ripple_TBAL1-2	68	467089
233.58	0.1995	ripple_TLL19-20	83	467160
233.584	0.1035	ripple_TLL3-4	94	467168
233.588	0.32	ripple_TLL23-24	88	467176
233.593	0.042	ripple_TLL14-15	79	467186
233.606	0.098	ripple_TLL2-3	84	467212
233.613	0.0515	ripple_TLL27-28	91	467226
233.649	0.036	ripple_TLL6-7	99	467298
233.655	0.0865	ripple_TLL28-29	92	467310
233.6795	0.262	ripple_TLL29-30	93	467359
233.683	0.1395	ripple_TBPL2-3	72	467366
233.691	0.035	ripple_TLL22-23	87	467382
233.697	0.1565	ripple_TLL31-32	96	467394
233.7155	0.086	ripple_TLL7-8	100	467431
233.726	0.049	ripple_TLL6-7	99	467452
233.729	0.058	ripple_TLL15-16	80	467458
233.731	0.0465	ripple_TLL20-21	85	467462
233.741	0.184	ripple_TLL30-31	95	467482
233.7415	0.184	ripple_TLL1-2	74	467483
233.7525	0.037	ripple_TLL14-15	79	467505
233.7565	0.0505	ripple_TLL18-19	82	467513
233.7635	0.2555	ripple_TLL22-23	87	467527
233.838	0.0525	ripple_TLL14-15	79	467676
233.8475	0.0365	ripple_TLL13-14	78	467695
233.8585	0.077	ripple_TLL19-20	83	467717
233.8605	0.2345	ripple_TLL20-21	85	467721
233.884	0.0325	ripple_TBPL2-3	72	467768
233.8905	0.037	ripple_TLL4-5	97	467781
233.9085	0.046	ripple_TLL26-27	90	467817
233.916	0.039	ripple_TLL27-28	91	467832
233.922	0.112	ripple_TLL21-22	86	467844
233.927	0.0385	ripple_TLL31-32	96	467854
233.9315	0.0305	ripple_TLL28-29	92	467863
233.947	0.0605	ripple_TLL6-7	99	467894
233.9535	0.0765	ripple_TLL3-4	94	467907
233.954	0.0385	ripple_TBPL2-3	72	467908
233.9915	0.307	ripple_TLL1-2	74	467983
233.993	0.1915	ripple_TLL2-3	84	467986
234.0	0.179	ripple_TLL31-32	96	468000
234.0155	0.0525	ripple_TLL18-19	82	468031
234.0195	0.3805	ripple_TBPL2-3	72	468039
234.0205	0.0535	ripple_TLL19-20	83	468041
234.027	0.0475	ripple_TLL4-5	97	468054
234.032	0.16	ripple_TLL23-24	88	468064
234.041	0.151	ripple_TLL22-23	87	468082
234.0725	0.0345	ripple_TLL29-30	93	468145
234.0735	0.108	ripple_TLL14-15	79	468147
234.082	0.1425	ripple_TLL6-7	99	468164
234.0875	0.036	ripple_TLL28-29	92	468175
234.0905	0.029	ripple_TLL18-19	82	468181
234.1615	0.1725	ripple_TLL18-19	82	468323
234.17	0.0785	ripple_TLL21-22	86	468340
234.1705	0.069	ripple_TLL20-21	85	468341
234.173	0.0495	ripple_TBPL1-2	71	468346
234.174	0.078	ripple_TLL5-6	98	468348
234.1815	0.059	ripple_TBPL3-4	73	468363
234.237	0.1235	ripple_TLL31-32	96	468474
234.2485	0.1285	ripple_TLL2-3	84	468497
234.2685	0.1035	ripple_TLL20-21	85	468537
234.334	0.035	ripple_TLL11-12	76	468668
234.352	0.045	ripple_TLL1-2	74	468704
234.3555	0.348	ripple_TLL28-29	92	468711
234.3585	0.06	ripple_TLL15-16	80	468717
234.3585	0.069	ripple_TBAL1-2	68	468717
234.362	0.0685	ripple_TLL21-22	86	468724
234.3685	0.0505	ripple_TLL23-24	88	468737
234.38	0.034	ripple_TLL30-31	95	468760
234.3975	0.154	ripple_TLL31-32	96	468795
234.4	0.1145	ripple_TLL18-19	82	468800
234.401	0.064	ripple_TLL17-18	81	468802
234.4055	0.2165	ripple_TLL19-20	83	468811
234.4165	0.0575	ripple_TLL6-7	99	468833
234.4185	0.0805	ripple_TLL27-28	91	468837
234.4255	0.1925	ripple_TLL1-2	74	468851
234.433	0.1615	ripple_TBPL2-3	72	468866
234.4375	0.218	ripple_TLL29-30	93	468875
234.464	0.031	ripple_TBPL3-4	73	468928
234.4915	0.059	ripple_TLL13-14	78	468983
234.5135	0.173	ripple_TLL20-21	85	469027
234.5295	0.1095	ripple_TLL22-23	87	469059
234.53	0.1065	ripple_TLL23-24	88	469060
234.533	0.129	ripple_TLL21-22	86	469066
234.533	0.129	fr_TLL21-22	19	469066
234.533	0.129	frandr_TLL21-22	53	469066
234.5395	0.038	ripple_TLL6-7	99	469079
234.545	0.056	ripple_TLL30-31	95	469090
234.5525	0.0375	ripple_TLL3-4	94	469105
234.568	0.0415	ripple_TLL14-15	79	469136
234.5765	0.0395	ripple_TLL15-16	80	469153
234.6075	0.075	ripple_TLL26-27	90	469215
234.621	0.0345	ripple_TLL30-31	95	469242
234.6225	0.047	fr_TBAL3-4	3	469245
234.627	0.047	ripple_TLL5-6	98	469254
234.6375	0.0895	ripple_TLL27-28	91	469275
234.655	0.0345	ripple_TLL7-8	100	469310
234.6675	0.047	ripple_TLL14-15	79	469335
234.6735	0.0415	ripple_TLL15-16	80	469347
234.675	0.132	ripple_TLL18-19	82	469350
234.681	0.042	ripple_TLL3-4	94	469362
234.6835	0.269	ripple_TLL31-32	96	469367
234.687	0.15	ripple_TLL23-24	88	469374
234.6975	0.0155	fr_TBAL3-4	3	469395
234.7245	0.082	ripple_TLL21-22	86	469449
234.7285	0.2745	ripple_TLL30-31	95	469457
234.7375	0.1795	ripple_TLL29-30	93	469475
234.7375	0.1795	fr_TLL29-30	26	469475
234.7375	0.1795	frandr_TLL29-30	60	469475
234.7655	0.065	ripple_TLL22-23	87	469531
234.7665	0.059	ripple_TLL1-2	74	469533
234.7725	0.0615	ripple_TLL11-12	76	469545
234.776	0.0555	ripple_TLL2-3	84	469552
234.7925	0.11	ripple_TLL7-8	100	469585
234.7955	0.0435	ripple_TLL27-28	91	469591
234.827	0.1265	ripple_TLL15-16	80	469654
234.8285	0.0835	ripple_TLL5-6	98	469657
234.8325	0.111	ripple_TLL14-15	79	469665
234.8395	0.04	fr_TBAL3-4	3	469679
234.851	0.07	ripple_TLL1-2	74	469702
234.8525	0.03	ripple_TLL6-7	99	469705
234.855	0.056	ripple_TLL28-29	92	469710
234.863	0.0925	ripple_TLL18-19	82	469726
234.864	0.2375	ripple_TBPL2-3	72	469728
234.876	0.049	ripple_TLL13-14	78	469752
234.9125	0.387	ripple_TLL19-20	83	469825
234.915	0.04	ripple_TBPL1-2	71	469830
234.92	0.074	ripple_TLL20-21	85	469840
234.937	0.061	ripple_TLL4-5	97	469874
234.942	0.087	ripple_TLL29-30	93	469884
234.956	0.0395	ripple_TBPL3-4	73	469912
234.9645	0.033	ripple_TLL26-27	90	469929
234.9665	0.08	ripple_TLL28-29	92	469933
234.9705	0.1195	ripple_TLL1-2	74	469941
234.971	0.05	ripple_TLL2-3	84	469942
234.977	0.087	ripple_TLL21-22	86	469954
234.9855	0.305	ripple_TLL22-23	87	469971
234.9915	0.133	ripple_TLL23-24	88	469983
234.9995	0.067	ripple_TBPL1-2	71	469999
235.021	0.1585	ripple_TLL15-16	80	470042
235.0255	0.0595	ripple_TLL30-31	95	470051
235.0305	0.058	ripple_TLL7-8	100	470061
235.0395	0.0125	fr_TLL13-14	11	470079
235.0515	0.059	ripple_TLL31-32	96	470103
235.078	0.0455	ripple_TLL29-30	93	470156
235.081	0.086	ripple_TLL27-28	91	470162
235.081	0.086	fr_TLL27-28	24	470162
235.081	0.086	frandr_TLL27-28	58	470162
235.0955	0.098	ripple_TLL28-29	92	470191
235.1035	0.0865	ripple_TLL14-15	79	470207
235.111	0.0485	ripple_TLL7-8	100	470222
235.112	0.126	ripple_TLL30-31	95	470224
235.118	0.0375	ripple_TLL11-12	76	470236
235.133	0.045	ripple_TLL21-22	86	470266
235.1415	0.0575	ripple_TLL2-3	84	470283
235.1475	0.084	ripple_TLL31-32	96	470295
235.154	0.305	ripple_TLL20-21	85	470308
235.1545	0.043	ripple_TBPL2-3	72	470309
235.168	0.1185	ripple_TLL18-19	82	470336
235.1715	0.04	ripple_TLL3-4	94	470343
235.185	0.0415	ripple_TLL4-5	97	470370
235.1855	0.0295	fr_TBAL3-4	3	470371
235.186	0.073	ripple_TLL29-30	93	470372
235.2285	0.0495	ripple_TBPL3-4	73	470457
235.2285	0.1305	ripple_TLL23-24	88	470457
235.263	0.037	ripple_TLL1-2	74	470526
235.2885	0.0635	ripple_TLL7-8	100	470577
235.302	0.028	ripple_TLL30-31	95	470604
235.3065	0.0505	fr_TBAL3-4	3	470613
235.311	0.0705	ripple_TBPL3-4	73	470622
235.3125	0.0495	ripple_TLL22-23	87	470625
235.344	0.0655	ripple_TBPL1-2	71	470688
235.3575	0.0725	ripple_TLL30-31	95	470715
235.37	0.039	ripple_TLL14-15	79	470740
235.3895	0.1295	ripple_TLL18-19	82	470779
235.3935	0.1625	ripple_TLL28-29	92	470787
235.407	0.08	ripple_TLL19-20	83	470814
235.4195	0.102	ripple_TLL23-24	88	470839
235.4205	0.047	ripple_TLL22-23	87	470841
235.4245	0.0765	ripple_TLL26-27	90	470849
235.428	0.0305	ripple_TLL21-22	86	470856
235.429	0.0355	ripple_TLL14-15	79	470858
235.448	0.045	ripple_TBAL3-4	70	470896
235.448	0.045	fr_TBAL3-4	3	470896
235.448	0.045	frandr_TBAL3-4	37	470896
235.4695	0.0645	ripple_TLL15-16	80	470939
235.471	0.0805	ripple_TLL30-31	95	470942
235.4825	0.046	ripple_TLL6-7	99	470965
235.495	0.0585	ripple_TLL14-15	79	470990
235.532	0.032	ripple_TLL5-6	98	471064
235.5335	0.03	ripple_TLL19-20	83	471067
235.539	0.032	ripple_TLL21-22	86	471078
235.5425	0.035	ripple_TLL20-21	85	471085
235.5615	0.042	ripple_TLL13-14	78	471123
235.568	0.048	ripple_TLL22-23	87	471136
235.57	0.0915	ripple_TBPL1-2	71	471140
235.5725	0.0305	ripple_TLL18-19	82	471145
235.5865	0.1125	ripple_TLL31-32	96	471173
235.6015	0.0575	ripple_TBPL2-3	72	471203
235.623	0.1035	ripple_TLL6-7	99	471246
235.6235	0.0805	ripple_TLL1-2	74	471247
235.625	0.09	ripple_TLL30-31	95	471250
235.6265	0.0555	ripple_TLL5-6	98	471253
235.6325	0.0435	ripple_TLL23-24	88	471265
235.6335	0.0495	ripple_TLL15-16	80	471267
235.6365	0.0325	ripple_TLL22-23	87	471273
235.6375	0.057	fr_TBAL3-4	3	471275
235.6375	0.1105	ripple_TLL2-3	84	471275
235.6375	0.1105	fr_TLL2-3	17	471275
235.6375	0.1105	frandr_TLL2-3	51	471275
235.6405	0.0385	ripple_TLL21-22	86	471281
235.6595	0.067	ripple_TLL29-30	93	471319
235.662	0.0415	ripple_TLL19-20	83	471324
235.665	0.063	ripple_TLL20-21	85	471330
235.684	0.0435	ripple_TLL7-8	100	471368
235.6855	0.044	ripple_TLL28-29	92	471371
235.7145	0.0435	ripple_TBPL2-3	72	471429
235.716	0.0785	ripple_TBPL1-2	71	471432
235.7335	0.147	ripple_TLL14-15	79	471467
235.737	0.0305	ripple_TLL10-11	75	471474
235.7415	0.1135	ripple_TLL18-19	82	471483
235.7465	0.0715	ripple_TLL29-30	93	471493
235.751	0.0155	fr_TBAL3-4	3	471502
235.792	0.0475	ripple_TLL21-22	86	471584
235.807	0.102	ripple_TLL23-24	88	471614
235.8085	0.0335	ripple_TLL5-6	98	471617
235.8095	0.0425	ripple_TLL22-23	87	471619
235.816	0.039	ripple_TLL6-7	99	471632
235.83	0.166	ripple_TLL19-20	83	471660
235.8385	0.066	ripple_TLL31-32	96	471677
235.8395	0.038	ripple_TLL29-30	93	471679
235.876	0.0595	ripple_TLL7-8	100	471752
235.889	0.049	ripple_TLL18-19	82	471778
235.911	0.039	ripple_TLL3-4	94	471822
235.913	0.0555	ripple_TLL20-21	85	471826
235.919	0.0915	ripple_TLL5-6	98	471838
235.9265	0.0155	fr_TBAL3-4	3	471853
235.93	0.1275	ripple_TLL30-31	95	471860
235.9435	0.0585	ripple_TLL29-30	93	471887
235.956	0.047	ripple_TLL7-8	100	471912
235.9735	0.0905	ripple_TLL22-23	87	471947
235.975	0.077	ripple_TBPL1-2	71	471950
235.982	0.0505	ripple_TLL18-19	82	471964
235.9825	0.051	ripple_TLL31-32	96	471965
235.999	0.047	ripple_TLL20-21	85	471998
236.006	0.056	ripple_TLL1-2	74	472012
236.0225	0.0475	ripple_TLL27-28	91	472045
236.043	0.2025	ripple_TLL29-30	93	472086
236.048	0.043	ripple_TBPL2-3	72	472096
236.0725	0.089	ripple_TLL14-15	79	472145
236.088	0.029	ripple_TLL15-16	80	472176
236.095	0.0505	ripple_TLL1-2	74	472190
236.102	0.0365	ripple_TLL3-4	94	472204
236.1065	0.13	ripple_TLL2-3	84	472213
236.1095	0.0385	ripple_TLL30-31	95	472219
236.117	0.0685	ripple_TBPL1-2	71	472234
236.1195	0.1055	ripple_TLL23-24	88	472239
236.1215	0.0515	ripple_TLL22-23	87	472243
236.133	0.0665	ripple_TLL7-8	100	472266
236.135	0.063	ripple_TLL20-21	85	472270
236.1445	0.0485	ripple_TBAL3-4	70	472289
236.1445	0.0485	fr_TBAL3-4	3	472289
236.1445	0.0485	frandr_TBAL3-4	37	472289
236.1515	0.09	ripple_TLL27-28	91	472303
236.1575	0.084	ripple_TLL19-20	83	472315
236.1695	0.1255	ripple_TLL30-31	95	472339
236.207	0.0315	ripple_TLL4-5	97	472414
236.207	0.1295	ripple_TBPL1-2	71	472414
236.208	0.0465	ripple_TLL11-12	76	472416
236.209	0.0285	ripple_TLL10-11	75	472418
236.226	0.1045	ripple_TLL14-15	79	472452
236.239	0.038	ripple_TLL15-16	80	472478
236.2435	0.04	ripple_TLL7-8	100	472487
236.2705	0.1905	ripple_TLL23-24	88	472541
236.272	0.2085	ripple_TLL3-4	94	472544
236.287	0.0325	ripple_TLL1-2	74	472574
236.2915	0.056	ripple_TLL19-20	83	472583
236.293	0.048	ripple_TLL2-3	84	472586
236.315	0.0665	ripple_TLL22-23	87	472630
236.3205	0.071	ripple_TLL27-28	91	472641
236.3225	0.0265	fr_TBAL3-4	3	472645
236.328	0.154	ripple_TLL29-30	93	472656
236.3365	0.012	fr_TLL25-26	22	472673
236.3375	0.04	ripple_TLL15-16	80	472675
236.3465	0.1195	ripple_TLL1-2	74	472693
236.3525	0.06	ripple_TLL30-31	95	472705
236.3585	0.0585	ripple_TLL21-22	86	472717
236.3615	0.0335	ripple_TLL28-29	92	472723
236.3685	0.053	ripple_TBPL2-3	72	472737
236.371	0.12	ripple_TBPL1-2	71	472742
236.374	0.0225	fr_TBAL3-4	3	472748
236.385	0.096	ripple_TLL4-5	97	472770
236.407	0.174	ripple_TLL20-21	85	472814
236.416	0.0725	ripple_TLL5-6	98	472832
236.418	0.0125	fr_TLL27-28	24	472836
236.4355	0.158	ripple_TLL19-20	83	472871
236.457	0.091	ripple_TLL30-31	95	472914
236.461	0.0315	ripple_TLL21-22	86	472922
236.469	0.128	ripple_TLL18-19	82	472938
236.4895	0.039	ripple_TBAL1-2	68	472979
236.491	0.032	ripple_TBPL2-3	72	472982
236.4955	0.0965	ripple_TLL14-15	79	472991
236.506	0.052	ripple_TLL1-2	74	473012
236.5105	0.111	ripple_TLL22-23	87	473021
236.5135	0.3915	ripple_TLL23-24	88	473027
236.55	0.0835	ripple_TLL3-4	94	473100
236.5515	0.081	ripple_TLL29-30	93	473103
236.557	0.1035	ripple_TLL6-7	99	473114
236.561	0.0445	ripple_TLL28-29	92	473122
236.564	0.1065	ripple_TLL31-32	96	473128
236.585	0.0425	ripple_TLL1-2	74	473170
236.603	0.041	ripple_TLL9-10	101	473206
236.605	0.0525	ripple_TLL21-22	86	473210
236.6245	0.048	ripple_TLL26-27	90	473249
236.6265	0.048	ripple_TLL27-28	91	473253
236.6305	0.063	ripple_TLL7-8	100	473261
236.656	0.024	ripple_TLL28-29	92	473312
236.6605	0.05	ripple_TLL20-21	85	473321
236.6645	0.063	ripple_TLL15-16	80	473329
236.682	0.066	ripple_TLL18-19	82	473364
236.6825	0.0575	ripple_TLL14-15	79	473365
236.683	0.0105	fr_TBAL3-4	3	473366
236.687	0.04	ripple_TLL30-31	95	473374
236.692	0.055	ripple_TLL29-30	93	473384
236.7005	0.1125	ripple_TLL19-20	83	473401
236.7065	0.051	ripple_TLL22-23	87	473413
236.7105	0.07	ripple_TLL3-4	94	473421
236.7115	0.051	ripple_TLL1-2	74	473423
236.731	0.0115	fr_TBPL3-4	6	473462
236.7325	0.08	ripple_TBPL2-3	72	473465
236.7425	0.05	ripple_TLL21-22	86	473485
236.7445	0.065	ripple_TLL6-7	99	473489
236.747	0.089	ripple_TLL30-31	95	473494
236.751	0.069	ripple_TLL31-32	96	473502
236.759	0.1	ripple_TLL28-29	92	473518
236.7695	0.335	ripple_TLL20-21	85	473539
236.7845	0.06	ripple_TLL5-6	98	473569
236.8005	0.05	ripple_TLL4-5	97	473601
236.8185	0.06	ripple_TBPL1-2	71	473637
236.8245	0.039	ripple_TLL15-16	80	473649
236.838	0.036	ripple_TLL12-13	77	473676
236.8445	0.122	ripple_TLL21-22	86	473689
236.8495	0.05	ripple_TLL31-32	96	473699
236.8505	0.03	ripple_TLL7-8	100	473701
236.856	0.089	ripple_TLL1-2	74	473712
236.8655	0.1845	ripple_TLL19-20	83	473731
236.8655	0.1845	fr_TLL19-20	16	473731
236.8655	0.1845	frandr_TLL19-20	50	473731
236.8905	0.102	ripple_TLL22-23	87	473781
236.905	0.0645	ripple_TLL29-30	93	473810
236.91	0.051	ripple_TLL13-14	78	473820
236.9135	0.054	ripple_TLL6-7	99	473827
236.924	0.3085	ripple_TBPL2-3	72	473848
236.931	0.142	ripple_TLL23-24	88	473862
236.9315	0.0345	ripple_TLL18-19	82	473863
236.941	0.0645	fr_TBAL3-4	3	473882
236.944	0.055	ripple_TLL28-29	92	473888
236.9855	0.144	ripple_TBPL1-2	71	473971
236.992	0.187	ripple_TLL31-32	96	473984
236.9925	0.073	ripple_TLL14-15	79	473985
237.0	0.125	ripple_TLL29-30	93	474000
237.0025	0.04	ripple_TBPL3-4	73	474005
237.014	0.038	ripple_TLL27-28	91	474028
237.025	0.058	ripple_TLL1-2	74	474050
237.026	0.071	ripple_TLL4-5	97	474052
237.0335	0.067	ripple_TLL2-3	84	474067
237.0355	0.038	ripple_TLL22-23	87	474071
237.058	0.037	ripple_TLL30-31	95	474116
237.0685	0.0265	ripple_TLL21-22	86	474137
237.0695	0.0125	fr_TBAL3-4	3	474139
237.1165	0.0435	ripple_TLL26-27	90	474233
237.1165	0.1895	ripple_TLL22-23	87	474233
237.1235	0.065	ripple_TLL3-4	94	474247
237.1335	0.175	ripple_TLL19-20	83	474267
237.135	0.014	fr_TLL28-29	25	474270
237.139	0.1595	ripple_TLL1-2	74	474278
237.1525	0.15	ripple_TLL23-24	88	474305
237.1655	0.064	ripple_TLL20-21	85	474331
237.182	0.039	ripple_TBAL1-2	68	474364
237.196	0.034	ripple_TLL21-22	86	474392
237.198	0.059	ripple_TLL29-30	93	474396
237.202	0.0345	ripple_TLL6-7	99	474404
237.203	0.1225	ripple_TLL2-3	84	474406
237.2205	0.051	ripple_TLL7-8	100	474441
237.294	0.0175	fr_TLL27-28	24	474588
240.9375	0.036	ripple_TBPL2-3	72	481875
240.9385	0.0935	ripple_TLL21-22	86	481877
240.9825	0.0495	ripple_TLL1-2	74	481965
240.992	0.0355	ripple_TLL30-31	95	481984
240.998	0.0705	ripple_TLL14-15	79	481996
241.0115	0.048	ripple_TLL15-16	80	482023
241.028	0.092	ripple_TLL31-32	96	482056
241.0385	0.092	ripple_TLL26-27	90	482077
241.0445	0.0525	ripple_TBPL2-3	72	482089
241.06	0.0675	ripple_TLL21-22	86	482120
241.061	0.144	ripple_TLL30-31	95	482122
241.1065	0.135	ripple_TLL6-7	99	482213
241.114	0.0435	ripple_TBPL3-4	73	482228
241.1265	0.034	ripple_TBAL3-4	70	482253
241.1265	0.034	fr_TBAL3-4	3	482253
241.1265	0.034	frandr_TBAL3-4	37	482253
241.1305	0.029	ripple_TLL22-23	87	482261
241.137	0.018	fr_TLL27-28	24	482274
241.1385	0.052	ripple_TLL5-6	98	482277
241.14	0.0375	ripple_TLL7-8	100	482280
241.1545	0.097	ripple_TLL13-14	78	482309
241.181	0.1165	ripple_TLL20-21	85	482362
241.183	0.0505	ripple_TBPL1-2	71	482366
241.1875	0.048	ripple_TLL1-2	74	482375
241.206	0.108	ripple_TBPL2-3	72	482412
241.2065	0.1665	ripple_TLL15-16	80	482413
241.213	0.0355	ripple_TLL3-4	94	482426
241.243	0.0785	ripple_TLL19-20	83	482486
241.2475	0.0415	ripple_TLL30-31	95	482495
241.2505	0.0355	ripple_TLL18-19	82	482501
241.2835	0.0445	ripple_TLL9-10	101	482567
241.2935	0.3055	ripple_TBPL1-2	71	482587
241.3015	0.1195	ripple_TLL13-14	78	482603
241.3085	0.1895	ripple_TLL2-3	84	482617
241.327	0.0445	ripple_TLL28-29	92	482654
241.3285	0.036	ripple_TLL1-2	74	482657
241.3375	0.066	ripple_TBPL2-3	72	482675
241.3405	0.0595	ripple_TLL27-28	91	482681
241.344	0.061	ripple_TLL26-27	90	482688
241.3445	0.333	ripple_TLL20-21	85	482689
241.356	0.0155	fr_TBAL2-3	2	482712
241.3565	0.045	fr_TBAL3-4	3	482713
241.357	0.076	ripple_TLL22-23	87	482714
241.3585	0.036	ripple_TLL31-32	96	482717
241.3595	0.0965	ripple_TLL7-8	100	482719
241.364	0.0615	ripple_TLL18-19	82	482728
241.3655	0.0785	ripple_TLL6-7	99	482731
241.391	0.0405	ripple_TLL9-10	101	482782
241.41	0.073	ripple_TLL30-31	95	482820
241.412	0.0845	ripple_TLL3-4	94	482824
241.4155	0.0415	ripple_TLL5-6	98	482831
241.4355	0.0845	ripple_TLL26-27	90	482871
241.447	0.0655	ripple_TBPL2-3	72	482894
241.477	0.031	ripple_TLL19-20	83	482954
241.4885	0.093	ripple_TLL13-14	78	482977
241.495	0.073	ripple_TLL28-29	92	482990
241.542	0.0655	ripple_TLL31-32	96	483084
241.5515	0.1365	ripple_TLL14-15	79	483103
241.5615	0.19	ripple_TBPL2-3	72	483123
241.5635	0.0535	ripple_TLL10-11	75	483127
241.5745	0.0415	ripple_TLL15-16	80	483149
241.5755	0.0365	ripple_TLL19-20	83	483151
241.6175	0.0985	ripple_TLL29-30	93	483235
241.6265	0.046	ripple_TLL28-29	92	483253
241.629	0.0385	fr_TBAL3-4	3	483258
241.633	0.1045	ripple_TLL30-31	95	483266
241.641	0.0485	ripple_TLL13-14	78	483282
241.6885	0.105	ripple_TLL21-22	86	483377
241.689	0.034	ripple_TLL31-32	96	483378
241.6915	0.055	ripple_TLL7-8	100	483383
241.6985	0.133	ripple_TLL19-20	83	483397
241.7015	0.257	ripple_TLL1-2	74	483403
241.7165	0.2405	ripple_TLL2-3	84	483433
241.7235	0.074	ripple_TLL12-13	77	483447
241.745	0.0785	ripple_TLL27-28	91	483490
241.7465	0.1275	ripple_TLL20-21	85	483493
241.7575	0.044	ripple_TLL14-15	79	483515
241.7635	0.038	ripple_TLL15-16	80	483527
241.772	0.083	ripple_TLL30-31	95	483544
241.7755	0.089	ripple_TBPL1-2	71	483551
241.776	0.0195	fr_TLL28-29	25	483552
241.7765	0.011	fr_TBAL3-4	3	483553
241.7845	0.0355	ripple_TLL18-19	82	483569
241.7865	0.139	ripple_TLL6-7	99	483573
241.831	0.045	ripple_TLL17-18	81	483662
241.841	0.0125	fr_TBPL3-4	6	483682
241.846	0.059	ripple_TLL3-4	94	483692
241.847	0.1265	ripple_TLL18-19	82	483694
241.849	0.081	ripple_TBPL2-3	72	483698
241.8525	0.1485	ripple_TLL13-14	78	483705
241.8535	0.13	ripple_TLL14-15	79	483707
241.8615	0.044	ripple_TLL31-32	96	483723
241.8695	0.089	ripple_TLL29-30	93	483739
241.871	0.096	ripple_TLL7-8	100	483742
241.872	0.0255	fr_TLL22-23	20	483744
241.8735	0.0225	fr_TLL23-24	21	483747
241.8795	0.055	ripple_TLL15-16	80	483759
241.8995	0.1535	ripple_TLL19-20	83	483799
241.907	0.041	ripple_TLL26-27	90	483814
241.916	0.0795	ripple_TLL20-21	85	483832
241.931	0.0485	ripple_TLL21-22	86	483862
241.9345	0.0115	fr_TLL25-26	22	483869
241.937	0.209	ripple_TLL31-32	96	483874
241.94	0.0315	ripple_TBPL1-2	71	483880
241.9725	0.0955	ripple_TLL15-16	80	483945
241.976	0.071	ripple_TLL5-6	98	483952
241.9785	0.111	ripple_TLL29-30	93	483957
241.9875	0.0515	ripple_TLL27-28	91	483975
241.9915	0.0935	ripple_TLL30-31	95	483983
241.9925	0.107	ripple_TLL6-7	99	483985
241.9955	0.201	ripple_TBPL1-2	71	483991
242.013	0.0155	fr_TBAL3-4	3	484026
242.0185	0.0485	ripple_TBPL2-3	72	484037
242.056	0.04	ripple_TLL14-15	79	484112
242.0565	0.0395	ripple_TLL13-14	78	484113
242.0605	0.1105	ripple_TLL7-8	100	484121
242.0605	0.1355	ripple_TLL28-29	92	484121
242.068	0.079	ripple_TLL2-3	84	484136
242.0825	0.0865	ripple_TLL1-2	74	484165
242.0895	0.058	ripple_TLL20-21	85	484179
242.1035	0.0255	fr_TBAL3-4	3	484207
242.115	0.0335	ripple_TLL19-20	83	484230
242.1155	0.0645	ripple_TLL5-6	98	484231
242.1265	0.047	ripple_TBPL2-3	72	484253
242.132	0.032	ripple_TLL30-31	95	484264
242.133	0.253	ripple_TLL15-16	80	484266
242.149	0.0205	fr_TBAL3-4	3	484298
242.1525	0.0485	ripple_TLL17-18	81	484305
242.1905	0.0565	ripple_TLL30-31	95	484381
242.205	0.037	ripple_TLL13-14	78	484410
242.2175	0.1135	ripple_TBPL1-2	71	484435
242.223	0.0455	ripple_TLL3-4	94	484446
242.2385	0.059	ripple_TLL5-6	98	484477
242.2455	0.0525	ripple_TLL6-7	99	484491
242.251	0.17	ripple_TLL7-8	100	484502
242.2545	0.571	ripple_TLL19-20	83	484509
242.2595	0.0825	ripple_TLL21-22	86	484519
242.267	0.0605	ripple_TLL30-31	95	484534
242.281	0.059	ripple_TLL17-18	81	484562
242.282	0.07	ripple_TLL29-30	93	484564
242.2895	0.055	ripple_TLL20-21	85	484579
242.324	0.044	ripple_TLL27-28	91	484648
242.325	0.023	fr_TBAL3-4	3	484650
242.332	0.1165	ripple_TLL2-3	84	484664
242.3445	0.0465	ripple_TLL28-29	92	484689
242.3575	0.0565	ripple_TLL4-5	97	484715
242.379	0.051	ripple_TLL26-27	90	484758
242.4065	0.0385	ripple_TLL14-15	79	484813
242.419	0.04	ripple_TLL6-7	99	484838
242.434	0.052	ripple_TLL31-32	96	484868
242.442	0.045	ripple_TLL15-16	80	484884
242.4445	0.054	ripple_TLL1-2	74	484889
242.445	0.1125	ripple_TBPL2-3	72	484890
242.4485	0.0495	ripple_TLL20-21	85	484897
242.4715	0.059	ripple_TLL18-19	82	484943
242.4855	0.134	ripple_TLL28-29	92	484971
242.4895	0.1575	ripple_TLL29-30	93	484979
242.5125	0.1385	ripple_TLL4-5	97	485025
242.5125	0.161	ripple_TLL3-4	94	485025
242.5245	0.0405	ripple_TLL20-21	85	485049
242.528	0.042	ripple_TLL31-32	96	485056
242.535	0.039	ripple_TLL30-31	95	485070
242.5525	0.0875	ripple_TBPL1-2	71	485105
242.5715	0.058	ripple_TLL14-15	79	485143
242.5925	0.0525	ripple_TLL15-16	80	485185
242.599	0.0405	ripple_TLL21-22	86	485198
242.6145	0.014	fr_TBAL3-4	3	485229
242.616	0.134	ripple_TLL2-3	84	485232
242.6185	0.0605	ripple_TLL13-14	78	485237
242.62	0.056	ripple_TLL7-8	100	485240
242.621	0.0795	ripple_TLL1-2	74	485242
242.6295	0.052	ripple_TLL5-6	98	485259
242.6465	0.0555	ripple_TLL31-32	96	485293
242.6525	0.069	ripple_TLL20-21	85	485305
242.663	0.027	fr_TBAL3-4	3	485326
242.676	0.1115	ripple_TLL28-29	92	485352
242.6795	0.124	ripple_TLL29-30	93	485359
242.6915	0.105	ripple_TLL14-15	79	485383
242.699	0.0425	ripple_TLL15-16	80	485398
242.701	0.1775	ripple_TLL3-4	94	485402
242.7205	0.1415	ripple_TLL13-14	78	485441
242.7235	0.071	ripple_TLL31-32	96	485447
242.731	0.069	ripple_TLL21-22	86	485462
242.742	0.0425	ripple_TBPL2-3	72	485484
242.7685	0.038	ripple_TLL30-31	95	485537
242.771	0.0125	fr_TBAL3-4	3	485542
242.787	0.0715	ripple_TLL26-27	90	485574
242.7935	0.036	ripple_TLL4-5	97	485587
242.815	0.0545	ripple_TLL1-2	74	485630
242.8225	0.046	ripple_TLL20-21	85	485645
242.8385	0.027	fr_TBAL3-4	3	485677
242.8445	0.091	ripple_TLL29-30	93	485689
242.852	0.1855	ripple_TBPL2-3	72	485704
242.8645	0.108	ripple_TBPL1-2	71	485729
242.8865	0.079	ripple_TLL15-16	80	485773
242.9015	0.133	ripple_TLL22-23	87	485803
242.9035	0.0905	ripple_TLL30-31	95	485807
242.9075	0.071	ripple_TLL7-8	100	485815
242.926	0.069	ripple_TLL13-14	78	485852
242.928	0.0405	ripple_TLL5-6	98	485856
242.9335	0.0365	ripple_TLL11-12	76	485867
242.9345	0.072	ripple_TLL31-32	96	485869
242.9395	0.0595	ripple_TLL2-3	84	485879
242.945	0.0515	ripple_TLL21-22	86	485890
242.9545	0.078	ripple_TLL23-24	88	485909
242.956	0.0415	ripple_TBPL3-4	73	485912
242.9585	0.1025	ripple_TLL19-20	83	485917
242.964	0.0805	ripple_TLL20-21	85	485928
242.965	0.129	ripple_TLL18-19	82	485930
242.9825	0.0125	fr_TBAL3-4	3	485965
242.999	0.03	ripple_TLL1-2	74	485998
243.013	0.054	ripple_TLL27-28	91	486026
243.014	0.063	ripple_TBPL1-2	71	486028
243.057	0.0335	fr_TBAL3-4	3	486114
243.063	0.046	ripple_TLL17-18	81	486126
243.0895	0.0545	ripple_TLL12-13	77	486179
243.0945	0.048	ripple_TLL27-28	91	486189
243.0955	0.016	fr_TBPL3-4	6	486191
243.0985	0.0325	ripple_TLL19-20	83	486197
243.102	0.0365	ripple_TLL21-22	86	486204
243.1055	0.043	ripple_TLL26-27	90	486211
243.1085	0.0435	ripple_TLL14-15	79	486217
243.1105	0.084	ripple_TLL20-21	85	486221
243.113	0.107	ripple_TLL29-30	93	486226
243.1145	0.0325	ripple_TLL15-16	80	486229
243.1185	0.037	ripple_TLL10-11	75	486237
243.1295	0.2505	ripple_TLL22-23	87	486259
243.141	0.0575	ripple_TLL17-18	81	486282
243.1425	0.0425	ripple_TLL5-6	98	486285
243.153	0.1545	ripple_TLL23-24	88	486306
243.154	0.085	ripple_TBPL2-3	72	486308
243.156	0.0315	fr_TBAL3-4	3	486312
243.185	0.0405	ripple_TLL31-32	96	486370
243.187	0.2225	ripple_TLL28-29	92	486374
243.2055	0.0385	ripple_TLL15-16	80	486411
243.2095	0.034	ripple_TLL3-4	94	486419
243.212	0.0955	ripple_TLL18-19	82	486424
243.212	0.0955	fr_TLL18-19	15	486424
243.212	0.0955	frandr_TLL18-19	49	486424
243.2205	0.0385	ripple_TLL2-3	84	486441
243.237	0.0375	ripple_TLL14-15	79	486474
243.2415	0.077	ripple_TLL17-18	81	486483
243.2425	0.19	ripple_TBPL1-2	71	486485
243.252	0.0385	ripple_TBAL1-2	68	486504
243.2525	0.1435	ripple_TLL30-31	95	486505
243.255	0.035	ripple_TLL7-8	100	486510
243.26	0.09	ripple_TLL20-21	85	486520
243.271	0.0425	ripple_TLL6-7	99	486542
243.2905	0.111	ripple_TLL2-3	84	486581
243.3055	0.1175	ripple_TLL21-22	86	486611
243.3125	0.146	ripple_TLL19-20	83	486625
243.3185	0.065	ripple_TLL15-16	80	486637
243.327	0.044	ripple_TLL10-11	75	486654
243.327	0.0545	ripple_TLL11-12	76	486654
243.33	0.0695	ripple_TBAL3-4	70	486660
243.33	0.0695	fr_TBAL3-4	3	486660
243.33	0.0695	frandr_TBAL3-4	37	486660
243.3345	0.0415	ripple_TLL26-27	90	486669
243.3485	0.138	ripple_TLL23-24	88	486697
243.3505	0.081	ripple_TBPL2-3	72	486701
243.3575	0.032	ripple_TLL27-28	91	486715
243.3605	0.0375	ripple_TBPL3-4	73	486721
243.3625	0.0365	ripple_TLL29-30	93	486725
243.3665	0.0695	ripple_TLL31-32	96	486733
243.4155	0.051	ripple_TLL7-8	100	486831
243.4295	0.0275	ripple_TLL28-29	92	486859
243.432	0.0425	ripple_TLL10-11	75	486864
243.4355	0.064	ripple_TBAL3-4	70	486871
243.45	0.033	ripple_TLL26-27	90	486900
243.451	0.0395	ripple_TLL27-28	91	486902
243.46	0.284	ripple_TLL31-32	96	486920
243.463	0.044	ripple_TLL30-31	95	486926
243.468	0.2485	ripple_TBPL1-2	71	486936
243.478	0.0605	ripple_TLL2-3	84	486956
243.485	0.037	ripple_TLL14-15	79	486970
243.4885	0.068	ripple_TLL5-6	98	486977
243.51	0.073	ripple_TLL6-7	99	487020
243.5105	0.0155	fr_TLL21-22	19	487021
243.5115	0.201	ripple_TLL23-24	88	487023
243.522	0.123	ripple_TLL7-8	100	487044
243.524	0.0645	ripple_TLL20-21	85	487048
243.525	0.0395	ripple_TLL10-11	75	487050
243.5265	0.262	ripple_TLL28-29	92	487053
243.54	0.0755	ripple_TBAL1-2	68	487080
243.5525	0.0145	fr_TBAL3-4	3	487105
243.558	0.2435	ripple_TLL29-30	93	487116
243.578	0.2215	ripple_TBPL2-3	72	487156
243.5975	0.104	ripple_TLL2-3	84	487195
243.6015	0.093	ripple_TLL18-19	82	487203
243.6165	0.0465	ripple_TLL6-7	99	487233
243.622	0.047	fr_TBPL3-4	6	487244
243.626	0.0785	ripple_TLL3-4	94	487252
243.627	0.0535	ripple_TLL14-15	79	487254
243.639	0.0965	ripple_TLL1-2	74	487278
243.6475	0.2485	ripple_TLL22-23	87	487295
243.652	0.0295	ripple_TLL21-22	86	487304
243.685	0.058	ripple_TLL30-31	95	487370
243.706	0.0215	fr_TBAL3-4	3	487412
243.7155	0.0225	fr_TLL25-26	22	487431
243.7365	0.033	ripple_TLL4-5	97	487473
243.742	0.0295	fr_TLL27-28	24	487484
243.769	0.056	ripple_TBPL3-4	73	487538
243.775	0.1225	ripple_TLL23-24	88	487550
243.782	0.059	ripple_TLL21-22	86	487564
243.782	0.0945	ripple_TLL1-2	74	487564
243.7865	0.061	ripple_TLL20-21	85	487573
243.814	0.0515	ripple_TLL19-20	83	487628
243.825	0.0545	ripple_TLL29-30	93	487650
243.8285	0.035	ripple_TLL15-16	80	487657
243.837	0.114	ripple_TBPL1-2	71	487674
243.8485	0.073	ripple_TBPL2-3	72	487697
243.8565	0.017	fr_TBAL3-4	3	487713
243.8955	0.108	ripple_TLL28-29	92	487791
243.929	0.1505	ripple_TLL23-24	88	487858
243.929	0.153	ripple_TLL22-23	87	487858
243.947	0.1835	ripple_TLL19-20	83	487894
243.9575	0.1085	ripple_TLL7-8	100	487915
243.9625	0.051	ripple_TLL13-14	78	487925
243.9735	0.0455	ripple_TLL15-16	80	487947
243.974	0.0415	ripple_TBPL2-3	72	487948
243.975	0.061	ripple_TLL20-21	85	487950
243.977	0.01	fr_TBAL2-3	2	487954
243.981	0.0995	ripple_TLL31-32	96	487962
244.0345	0.1665	ripple_TLL28-29	92	488069
244.0415	0.0385	ripple_TLL13-14	78	488083
244.0465	0.1205	ripple_TLL29-30	93	488093
244.056	0.098	ripple_TLL30-31	95	488112
244.0605	0.0695	ripple_TLL18-19	82	488121
244.0605	0.501	ripple_TBPL2-3	72	488121
244.069	0.041	ripple_TLL6-7	99	488138
244.0715	0.0535	ripple_TLL1-2	74	488143
244.1075	0.028	fr_TLL27-28	24	488215
244.111	0.0105	fr_TLL25-26	22	488222
244.1115	0.155	ripple_TLL21-22	86	488223
244.1205	0.042	ripple_TLL15-16	80	488241
244.1375	0.037	ripple_TBPL3-4	73	488275
244.147	0.0525	ripple_TLL14-15	79	488294
244.149	0.0495	ripple_TLL22-23	87	488298
244.152	0.0385	ripple_TLL4-5	97	488304
244.172	0.119	ripple_TLL31-32	96	488344
244.182	0.019	fr_TBAL3-4	3	488364
244.1915	0.046	ripple_TLL29-30	93	488383
244.2275	0.0105	fr_TLL13-14	11	488455
244.2275	0.054	ripple_TLL1-2	74	488455
244.2345	0.136	ripple_TLL22-23	87	488469
244.244	0.272	ripple_TLL23-24	88	488488
244.249	0.0525	ripple_TLL30-31	95	488498
244.2595	0.0375	ripple_TLL7-8	100	488519
244.277	0.0175	fr_TBAL3-4	3	488554
244.2855	0.2265	ripple_TLL29-30	93	488571
244.2945	0.0415	ripple_TLL3-4	94	488589
244.302	0.047	ripple_TLL20-21	85	488604
244.3065	0.043	ripple_TLL21-22	86	488613
244.3115	0.049	ripple_TLL15-16	80	488623
244.319	0.012	fr_TBAL3-4	3	488638
244.322	0.039	ripple_TLL28-29	92	488644
244.3345	0.122	ripple_TLL1-2	74	488669
244.3445	0.0415	ripple_TLL26-27	90	488689
244.346	0.064	ripple_TLL19-20	83	488692
244.349	0.114	ripple_TLL30-31	95	488698
244.3505	0.042	ripple_TLL7-8	100	488701
244.37	0.0475	ripple_TLL2-3	84	488740
244.3705	0.257	ripple_TLL20-21	85	488741
244.3755	0.013	fr_TBAL3-4	3	488751
244.377	0.138	ripple_TLL31-32	96	488754
244.395	0.0515	ripple_TLL27-28	91	488790
244.4065	0.0645	ripple_TBPL3-4	73	488813
244.4275	0.091	ripple_TLL15-16	80	488855
244.461	0.202	ripple_TLL19-20	83	488922
244.4685	0.1845	ripple_TLL28-29	92	488937
244.5025	0.0665	ripple_TLL27-28	91	489005
244.5385	0.053	ripple_TLL21-22	86	489077
244.554	0.087	ripple_TLL23-24	88	489108
244.5545	0.049	ripple_TLL31-32	96	489109
244.5595	0.13	ripple_TLL29-30	93	489119
244.5615	0.0565	ripple_TLL22-23	87	489123
244.569	0.0505	ripple_TLL14-15	79	489138
244.5975	0.0195	fr_TLL27-28	24	489195
244.601	0.024	fr_TBAL3-4	3	489202
244.612	0.0695	ripple_TLL4-5	97	489224
244.6275	0.0745	ripple_TLL31-32	96	489255
244.6405	0.046	ripple_TBPL1-2	71	489281
244.6665	0.0355	ripple_TLL14-15	79	489333
244.6665	0.09	ripple_TLL21-22	86	489333
244.709	0.035	ripple_TLL18-19	82	489418
244.713	0.0365	ripple_TLL5-6	98	489426
244.7135	0.038	ripple_TLL23-24	88	489427
244.7135	0.0985	ripple_TLL1-2	74	489427
244.7145	0.0325	ripple_TLL19-20	83	489429
244.7425	0.118	ripple_TBPL1-2	71	489485
244.755	0.0365	ripple_TLL6-7	99	489510
244.766	0.072	ripple_TLL29-30	93	489532
244.767	0.087	ripple_TBPL2-3	72	489534
244.7725	0.055	ripple_TLL19-20	83	489545
244.774	0.068	ripple_TLL7-8	100	489548
244.7885	0.1575	ripple_TLL30-31	95	489577
244.8035	0.031	ripple_TLL20-21	85	489607
244.812	0.0805	ripple_TLL6-7	99	489624
244.8245	0.043	ripple_TLL31-32	96	489649
244.825	0.102	ripple_TLL15-16	80	489650
244.8745	0.037	ripple_TLL14-15	79	489749
244.875	0.1075	ripple_TLL29-30	93	489750
244.877	0.042	ripple_TLL2-3	84	489754
244.8915	0.0995	ripple_TLL20-21	85	489783
244.915	0.0515	ripple_TLL23-24	88	489830
244.9215	0.0375	ripple_TLL21-22	86	489843
244.9285	0.049	ripple_TLL19-20	83	489857
244.9365	0.1445	ripple_TBPL1-2	71	489873
244.9395	0.012	fr_TBAL3-4	3	489879
244.9405	0.039	ripple_TLL2-3	84	489881
244.941	0.0345	ripple_TLL1-2	74	489882
244.962	0.0915	ripple_TLL15-16	80	489924
244.9815	0.081	ripple_TLL18-19	82	489963
245.011	0.4175	ripple_TLL1-2	74	490022
245.0125	0.1445	ripple_TLL29-30	93	490025
245.0175	0.016	fr_TLL17-18	14	490035
245.0175	0.0255	ripple_TLL31-32	96	490035
245.0175	0.0375	ripple_TLL12-13	77	490035
245.0195	0.3085	ripple_TLL20-21	85	490039
245.026	0.1505	ripple_TLL19-20	83	490052
245.043	0.087	ripple_TLL21-22	86	490086
245.06	0.0335	ripple_TLL2-3	84	490120
245.096	0.118	ripple_TLL14-15	79	490192
245.0965	0.036	ripple_TLL6-7	99	490193
245.098	0.0445	ripple_TLL31-32	96	490196
245.0995	0.0165	fr_TBAL3-4	3	490199
245.1095	0.122	ripple_TLL7-8	100	490219
245.111	0.0395	ripple_TLL18-19	82	490222
245.115	0.109	ripple_TLL15-16	80	490230
245.117	0.0315	ripple_TLL23-24	88	490234
245.159	0.0325	ripple_TLL6-7	99	490318
245.1605	0.125	ripple_TLL30-31	95	490321
245.178	0.1115	ripple_TLL22-23	87	490356
245.1785	0.053	ripple_TBPL2-3	72	490357
245.195	0.045	ripple_TLL27-28	91	490390
245.2085	0.0175	fr_TBAL3-4	3	490417
245.219	0.0595	ripple_TLL21-22	86	490438
245.2215	0.066	ripple_TLL23-24	88	490443
245.244	0.0335	ripple_TLL18-19	82	490488
245.2475	0.162	ripple_TBPL1-2	71	490495
245.252	0.0815	ripple_TLL29-30	93	490504
245.257	0.035	ripple_TBPL2-3	72	490514
245.293	0.2055	ripple_TLL15-16	80	490586
245.312	0.1095	ripple_TLL31-32	96	490624
245.314	0.072	ripple_TLL23-24	88	490628
245.3145	0.056	ripple_TBPL2-3	72	490629
245.318	0.202	ripple_TLL22-23	87	490636
245.3215	0.043	ripple_TLL4-5	97	490643
245.3545	0.0355	ripple_TLL29-30	93	490709
245.3685	0.052	ripple_TLL20-21	85	490737
245.369	0.0555	ripple_TLL19-20	83	490738
245.371	0.041	ripple_TLL21-22	86	490742
245.378	0.0135	fr_TBAL3-4	3	490756
245.4165	0.066	ripple_TLL29-30	93	490833
245.42	0.058	ripple_TLL28-29	92	490840
245.421	0.064	ripple_TBPL3-4	73	490842
245.4245	0.053	ripple_TLL27-28	91	490849
245.4275	0.0515	ripple_TBPL2-3	72	490855
245.4405	0.1395	ripple_TLL20-21	85	490881
245.4455	0.0355	ripple_TLL18-19	82	490891
245.4475	0.0425	ripple_TBPL1-2	71	490895
245.501	0.049	ripple_TLL6-7	99	491002
245.5035	0.1395	ripple_TLL19-20	83	491007
245.5085	0.046	ripple_TLL2-3	84	491017
245.5125	0.1005	ripple_TLL5-6	98	491025
245.5145	0.057	ripple_TLL10-11	75	491029
245.52	0.2415	ripple_TLL29-30	93	491040
245.5525	0.0325	ripple_TLL30-31	95	491105
245.57	0.05	ripple_TBPL3-4	73	491140
245.5715	0.0425	ripple_TLL6-7	99	491143
245.587	0.0325	ripple_TLL23-24	88	491174
245.5885	0.05	ripple_TLL31-32	96	491177
245.59	0.046	ripple_TLL11-12	76	491180
245.5965	0.0425	ripple_TLL1-2	74	491193
245.6	0.0365	ripple_TLL2-3	84	491200
245.6005	0.0445	ripple_TLL26-27	90	491201
245.604	0.039	ripple_TLL14-15	79	491208
245.645	0.108	ripple_TLL30-31	95	491290
245.6565	0.0555	ripple_TLL17-18	81	491313
245.6615	0.184	ripple_TBPL1-2	71	491323
245.662	0.0685	ripple_TBPL2-3	72	491324
245.6775	0.0425	ripple_TLL31-32	96	491355
245.6815	0.062	ripple_TLL22-23	87	491363
245.685	0.0575	ripple_TLL5-6	98	491370
245.6875	0.0445	ripple_TLL6-7	99	491375
245.6915	0.035	ripple_TLL12-13	77	491383
245.6915	0.054	ripple_TLL23-24	88	491383
245.7075	0.034	ripple_TLL13-14	78	491415
245.709	0.0485	ripple_TLL14-15	79	491418
245.7175	0.0515	ripple_TLL1-2	74	491435
245.7175	0.0565	ripple_TLL20-21	85	491435
245.7515	0.0335	ripple_TLL4-5	97	491503
245.752	0.031	ripple_TLL7-8	100	491504
245.752	0.227	ripple_TLL15-16	80	491504
245.8015	0.0305	ripple_TLL6-7	99	491603
245.8165	0.04	ripple_TLL30-31	95	491633
245.823	0.0925	ripple_TLL31-32	96	491646
245.8305	0.0525	ripple_TLL14-15	79	491661
245.837	0.02	fr_TLL23-24	21	491674
245.838	0.089	ripple_TLL2-3	84	491676
245.8395	0.0365	ripple_TLL21-22	86	491679
245.8415	0.223	ripple_TLL1-2	74	491683
245.849	0.1145	ripple_TLL5-6	98	491698
245.872	0.198	ripple_TBPL1-2	71	491744
245.895	0.062	ripple_TLL20-21	85	491790
245.9015	0.0425	ripple_TLL11-12	76	491803
245.902	0.097	ripple_TBAL3-4	70	491804
245.906	0.0835	ripple_TLL29-30	93	491812
245.9135	0.0995	ripple_TLL3-4	94	491827
245.9185	0.0505	ripple_TLL6-7	99	491837
245.9275	0.1325	ripple_TLL19-20	83	491855
245.928	0.2425	ripple_TLL14-15	79	491856
245.946	0.0425	ripple_TLL31-32	96	491892
245.955	0.036	ripple_TLL18-19	82	491910
245.9735	0.041	ripple_TBPL2-3	72	491947
245.98	0.0435	ripple_TLL2-3	84	491960
246.0045	0.0345	ripple_TLL6-7	99	492009
246.0045	0.0785	ripple_TLL7-8	100	492009
246.0085	0.084	ripple_TLL5-6	98	492017
246.0215	0.014	fr_TLL15-16	13	492043
246.0315	0.07	ripple_TLL30-31	95	492063
246.0345	0.0375	ripple_TBPL2-3	72	492069
246.045	0.0415	ripple_TLL12-13	77	492090
246.046	0.0105	fr_TLL26-27	23	492092
246.0535	0.1	ripple_TLL23-24	88	492107
246.055	0.0315	ripple_TLL28-29	92	492110
246.055	0.0315	fr_TLL28-29	25	492110
246.055	0.0315	frandr_TLL28-29	59	492110
246.0655	0.104	ripple_TLL27-28	91	492131
246.068	0.0535	ripple_TLL15-16	80	492136
246.068	0.0585	ripple_TLL26-27	90	492136
246.075	0.0545	ripple_TLL2-3	84	492150
246.0765	0.0775	ripple_TLL31-32	96	492153
246.098	0.0445	ripple_TLL13-14	78	492196
246.115	0.049	ripple_TLL21-22	86	492230
246.121	0.065	ripple_TBPL1-2	71	492242
246.1445	0.0575	ripple_TLL11-12	76	492289
246.1445	0.0815	ripple_TLL7-8	100	492289
246.162	0.0155	fr_TLL22-23	20	492324
246.163	0.013	fr_TLL23-24	21	492326
246.1665	0.098	ripple_TLL30-31	95	492333
246.168	0.05	ripple_TLL15-16	80	492336
246.1775	0.164	ripple_TLL31-32	96	492355
246.192	0.0545	ripple_TLL23-24	88	492384
246.212	0.043	ripple_TLL2-3	84	492424
246.212	0.09	ripple_TLL20-21	85	492424
246.2145	0.084	ripple_TLL1-2	74	492429
246.216	0.0475	ripple_TLL17-18	81	492432
246.2185	0.0315	ripple_TLL5-6	98	492437
246.229	0.0425	ripple_TLL28-29	92	492458
246.24	0.055	ripple_TLL6-7	99	492480
246.249	0.0515	ripple_TLL21-22	86	492498
246.2505	0.056	ripple_TLL19-20	83	492501
246.255	0.011	fr_TBPL3-4	6	492510
246.2605	0.089	ripple_TLL7-8	100	492521
246.265	0.1375	ripple_TLL3-4	94	492530
246.2775	0.031	ripple_TLL18-19	82	492555
246.316	0.079	ripple_TLL11-12	76	492632
246.318	0.0905	ripple_TLL6-7	99	492636
246.343	0.0295	ripple_TLL5-6	98	492686
246.35	0.052	ripple_TLL15-16	80	492700
246.3515	0.0685	ripple_TLL1-2	74	492703
246.3725	0.083	ripple_TLL23-24	88	492745
246.374	0.134	ripple_TLL22-23	87	492748
246.376	0.0315	fr_TBPL1-2	4	492752
246.3765	0.038	ripple_TLL7-8	100	492753
246.396	0.0445	ripple_TLL18-19	82	492792
246.402	0.046	ripple_TLL20-21	85	492804
246.409	0.0455	ripple_TLL26-27	90	492818
246.4145	0.031	ripple_TLL21-22	86	492829
246.428	0.061	ripple_TLL31-32	96	492856
246.4385	0.064	ripple_TLL2-3	84	492877
246.4465	0.0635	ripple_TLL30-31	95	492893
246.451	0.107	ripple_TLL19-20	83	492902
246.4565	0.121	ripple_TLL28-29	92	492913
246.466	0.1105	ripple_TLL7-8	100	492932
246.4665	0.037	ripple_TLL18-19	82	492933
246.485	0.1625	ripple_TLL14-15	79	492970
246.4915	0.2385	ripple_TLL20-21	85	492983
246.5	0.014	fr_TBAL3-4	3	493000
246.5105	0.0985	ripple_TLL6-7	99	493021
246.5245	0.045	ripple_TLL11-12	76	493049
246.54	0.021	fr_TBAL3-4	3	493080
246.578	0.0535	ripple_TLL23-24	88	493156
246.598	0.069	ripple_TLL4-5	97	493196
246.599	0.068	ripple_TLL3-4	94	493198
246.599	0.087	ripple_TLL31-32	96	493198
246.601	0.0585	ripple_TLL19-20	83	493202
246.6105	0.097	ripple_TLL5-6	98	493221
246.612	0.035	ripple_TLL2-3	84	493224
246.622	0.173	ripple_TBPL2-3	72	493244
246.6225	0.039	ripple_TLL15-16	80	493245
246.6245	0.0365	ripple_TLL7-8	100	493249
246.628	0.169	ripple_TLL29-30	93	493256
246.631	0.1255	ripple_TLL6-7	99	493262
246.6595	0.0135	fr_TLL23-24	21	493319
246.6985	0.0485	ripple_TLL18-19	82	493397
246.7075	0.173	ripple_TLL2-3	84	493415
246.7495	0.0415	ripple_TLL14-15	79	493499
246.779	0.0435	ripple_TLL19-20	83	493558
246.789	0.022	fr_TBAL3-4	3	493578
246.7905	0.1555	ripple_TLL1-2	74	493581
246.801	0.0815	ripple_TLL15-16	80	493602
246.8175	0.1085	ripple_TLL7-8	100	493635
246.824	0.032	ripple_TBPL2-3	72	493648
246.824	0.0575	ripple_TLL20-21	85	493648
246.8295	0.0445	ripple_TBPL1-2	71	493659
246.8315	0.051	ripple_TLL31-32	96	493663
246.832	0.0315	ripple_TLL29-30	93	493664
246.8335	0.068	ripple_TLL6-7	99	493667
246.8435	0.04	ripple_TLL3-4	94	493687
246.85	0.0685	ripple_TLL18-19	82	493700
246.8695	0.048	ripple_TLL19-20	83	493739
246.8945	0.013	fr_TBAL1-2	1	493789
246.903	0.036	ripple_TLL30-31	95	493806
246.904	0.0715	ripple_TLL14-15	79	493808
246.9075	0.034	ripple_TLL29-30	93	493815
246.9145	0.037	ripple_TLL2-3	84	493829
246.931	0.0325	ripple_TLL20-21	85	493862
246.9345	0.0405	ripple_TLL22-23	87	493869
246.9375	0.0775	ripple_TLL13-14	78	493875
246.9395	0.0495	ripple_TLL3-4	94	493879
246.946	0.165	ripple_TLL6-7	99	493892
246.949	0.041	ripple_TLL7-8	100	493898
246.9505	0.0625	ripple_TLL19-20	83	493901
246.9535	0.1195	ripple_TBPL1-2	71	493907
246.9585	0.0415	ripple_TLL21-22	86	493917
246.971	0.24	ripple_TBPL2-3	72	493942
246.9905	0.047	ripple_TLL26-27	90	493981
246.997	0.053	ripple_TLL31-32	96	493994
247.0125	0.047	ripple_TLL3-4	94	494025
247.017	0.1685	ripple_TLL1-2	74	494034
247.028	0.015	fr_TBAL3-4	3	494056
247.055	0.116	ripple_TLL30-31	95	494110
247.0555	0.057	ripple_TLL21-22	86	494111
247.0695	0.0705	ripple_TLL19-20	83	494139
247.073	0.106	ripple_TLL20-21	85	494146
247.0745	0.0895	ripple_TLL2-3	84	494149
247.082	0.0285	ripple_TLL18-19	82	494164
247.1265	0.058	ripple_TLL22-23	87	494253
247.127	0.062	ripple_TLL3-4	94	494254
247.1695	0.097	ripple_TLL21-22	86	494339
247.177	0.046	ripple_TLL28-29	92	494354
247.1875	0.0495	ripple_TLL13-14	78	494375
247.191	0.046	ripple_TLL14-15	79	494382
247.192	0.0785	ripple_TLL5-6	98	494384
247.2065	0.134	ripple_TLL29-30	93	494413
247.2155	0.1775	ripple_TLL1-2	74	494431
247.2155	0.1775	fr_TLL1-2	7	494431
247.2155	0.1775	frandr_TLL1-2	41	494431
247.2355	0.063	ripple_TLL22-23	87	494471
247.244	0.045	ripple_TLL10-11	75	494488
247.246	0.115	ripple_TLL2-3	84	494492
247.2605	0.045	ripple_TLL20-21	85	494521
247.2655	0.1425	ripple_TBPL1-2	71	494531
247.2665	0.036	ripple_TLL18-19	82	494533
247.2705	0.121	ripple_TLL19-20	83	494541
247.278	0.037	ripple_TBPL3-4	73	494556
247.3025	0.0335	ripple_TLL11-12	76	494605
247.326	0.0985	ripple_TLL22-23	87	494652
247.3265	0.048	ripple_TLL21-22	86	494653
247.327	0.153	ripple_TLL23-24	88	494654
247.341	0.1125	ripple_TLL15-16	80	494682
247.3425	0.0625	ripple_TLL6-7	99	494685
247.3435	0.0375	ripple_TLL31-32	96	494687
247.346	0.0575	ripple_TLL7-8	100	494692
247.372	0.0645	ripple_TLL28-29	92	494744
247.405	0.091	ripple_TLL20-21	85	494810
247.454	0.063	ripple_TLL31-32	96	494908
247.469	0.0515	ripple_TBPL2-3	72	494938
247.4735	0.081	ripple_TLL29-30	93	494947
247.4965	0.076	ripple_TLL30-31	95	494993
247.4975	0.0385	ripple_TLL19-20	83	494995
247.5125	0.1615	ripple_TLL23-24	88	495025
247.5135	0.0535	ripple_TLL22-23	87	495027
247.5185	0.1835	ripple_TBPL1-2	71	495037
247.5455	0.0385	ripple_TLL26-27	90	495091
247.5465	0.093	ripple_TBPL2-3	72	495093
247.5525	0.0315	ripple_TLL3-4	94	495105
247.555	0.067	ripple_TLL21-22	86	495110
247.581	0.011	fr_TBAL3-4	3	495162
247.597	0.038	ripple_TLL28-29	92	495194
247.597	0.038	fr_TLL28-29	25	495194
247.597	0.038	frandr_TLL28-29	59	495194
247.606	0.068	ripple_TLL22-23	87	495212
247.6085	0.0755	ripple_TLL27-28	91	495217
247.6145	0.0705	ripple_TLL31-32	96	495229
247.633	0.0675	ripple_TBAL2-3	69	495266
247.645	0.112	ripple_TLL30-31	95	495290
247.6655	0.1315	ripple_TLL14-15	79	495331
247.674	0.295	ripple_TLL19-20	83	495348
247.6745	0.0485	ripple_TLL18-19	82	495349
247.7	0.035	ripple_TLL4-5	97	495400
247.7035	0.05	ripple_TLL1-2	74	495407
247.7085	0.0605	ripple_TBPL2-3	72	495417
247.7145	0.054	ripple_TLL21-22	86	495429
247.72	0.043	ripple_TLL10-11	75	495440
247.722	0.3785	ripple_TLL20-21	85	495444
247.733	0.1125	ripple_TBPL1-2	71	495466
247.7385	0.0915	ripple_TLL23-24	88	495477
247.7535	0.052	ripple_TLL6-7	99	495507
247.755	0.011	fr_TBAL3-4	3	495510
247.756	0.1485	ripple_TLL31-32	96	495512
247.776	0.081	ripple_TLL18-19	82	495552
247.8015	0.052	ripple_TLL30-31	95	495603
247.812	0.0595	ripple_TLL15-16	80	495624
247.828	0.0415	ripple_TLL29-30	93	495656
247.8415	0.051	ripple_TLL27-28	91	495683
247.846	0.052	ripple_TLL7-8	100	495692
247.8525	0.0435	ripple_TLL23-24	88	495705
247.8545	0.04	ripple_TLL22-23	87	495709
247.878	0.014	fr_TBPL2-3	5	495756
247.882	0.0535	ripple_TBPL1-2	71	495764
247.884	0.06	ripple_TLL14-15	79	495768
247.9105	0.054	ripple_TLL28-29	92	495821
247.9265	0.029	ripple_TLL9-10	101	495853
247.927	0.0375	ripple_TBPL2-3	72	495854
247.9495	0.104	ripple_TLL22-23	87	495899
247.9555	0.279	ripple_TLL2-3	84	495911
247.9645	0.1195	ripple_TLL21-22	86	495929
247.977	0.04	ripple_TLL7-8	100	495954
247.999	0.034	ripple_TLL14-15	79	495998
247.999	0.138	ripple_TLL19-20	83	495998
248.0315	0.144	ripple_TLL29-30	93	496063
248.039	0.0405	ripple_TLL15-16	80	496078
248.0495	0.029	fr_TBAL3-4	3	496099
248.0555	0.0695	ripple_TLL1-2	74	496111
248.07	0.0905	ripple_TLL30-31	95	496140
248.083	0.0395	ripple_TBPL2-3	72	496166
248.085	0.034	ripple_TLL5-6	98	496170
248.1135	0.035	ripple_TLL21-22	86	496227
248.1535	0.0105	fr_TBAL3-4	3	496307
248.1565	0.0895	ripple_TBPL2-3	72	496313
248.163	0.112	ripple_TLL1-2	74	496326
248.1635	0.094	ripple_TLL7-8	100	496327
248.173	0.1145	ripple_TLL6-7	99	496346
248.178	0.048	ripple_TLL31-32	96	496356
248.199	0.068	ripple_TLL27-28	91	496398
248.2	0.0975	ripple_TLL22-23	87	496400
248.2205	0.093	ripple_TLL21-22	86	496441
248.226	0.0815	ripple_TLL19-20	83	496452
248.227	0.0365	ripple_TLL30-31	95	496454
248.231	0.0295	ripple_TLL13-14	78	496462
248.2355	0.043	ripple_TLL28-29	92	496471
248.2365	0.078	ripple_TLL5-6	98	496473
248.2395	0.0435	ripple_TLL3-4	94	496479
248.2475	0.04	ripple_TLL23-24	88	496495
248.2955	0.0575	ripple_TLL26-27	90	496591
248.3005	0.102	ripple_TLL27-28	91	496601
248.306	0.029	ripple_TLL28-29	92	496612
248.3135	0.0385	ripple_TLL4-5	97	496627
248.3305	0.0365	ripple_TLL1-2	74	496661
248.3345	0.0445	ripple_TLL2-3	84	496669
248.3755	0.094	ripple_TLL29-30	93	496751
248.391	0.092	ripple_TLL30-31	95	496782
248.4035	0.1455	ripple_TLL7-8	100	496807
248.4175	0.065	ripple_TLL5-6	98	496835
248.42	0.0635	ripple_TLL15-16	80	496840
248.422	0.0555	ripple_TLL14-15	79	496844
248.43	0.059	ripple_TLL22-23	87	496860
248.4335	0.048	ripple_TLL31-32	96	496867
248.445	0.0475	ripple_TLL19-20	83	496890
248.4465	0.0335	ripple_TLL20-21	85	496893
248.456	0.07	ripple_TBPL3-4	73	496912
248.457	0.0505	ripple_TLL1-2	74	496914
248.4745	0.0975	ripple_TBPL2-3	72	496949
248.482	0.0645	ripple_TLL6-7	99	496964
248.4945	0.023	ripple_TLL23-24	88	496989
248.499	0.083	ripple_TLL21-22	86	496998
248.504	0.032	ripple_TLL29-30	93	497008
248.5065	0.034	fr_TLL2-3	17	497013
248.508	0.0135	fr_TBAL3-4	3	497016
248.514	0.091	ripple_TLL15-16	80	497028
248.5155	0.0475	ripple_TLL14-15	79	497031
248.5195	0.0175	fr_TLL18-19	15	497039
248.5205	0.044	ripple_TLL5-6	98	497041
248.523	0.02	fr_TLL26-27	23	497046
248.53	0.0685	ripple_TLL19-20	83	497060
248.5355	0.0645	ripple_TLL20-21	85	497071
248.562	0.079	ripple_TLL23-24	88	497124
248.5705	0.0105	fr_TLL10-11	8	497141
248.5735	0.0115	fr_TLL27-28	24	497147
248.5745	0.0205	fr_TBAL3-4	3	497149
248.5815	0.027	ripple_TLL6-7	99	497163
248.592	0.0495	ripple_TLL3-4	94	497184
248.608	0.0285	ripple_TLL22-23	87	497216
249.3095	0.0455	ripple_TLL5-6	98	498619
249.3155	0.0745	ripple_TLL27-28	91	498631
249.3175	0.0635	ripple_TLL4-5	97	498635
249.3235	0.0415	ripple_TLL3-4	94	498647
249.3245	0.064	ripple_TLL26-27	90	498649
249.332	0.0765	ripple_TLL31-32	96	498664
249.3495	0.053	ripple_TLL12-13	77	498699
249.3705	0.2	ripple_TLL6-7	99	498741
249.374	0.182	ripple_TLL14-15	79	498748
249.3745	0.0905	ripple_TLL20-21	85	498749
249.3775	0.072	ripple_TLL2-3	84	498755
249.379	0.112	ripple_TLL1-2	74	498758
249.3955	0.25	ripple_TLL23-24	88	498791
249.406	0.0325	ripple_TLL15-16	80	498812
249.4085	0.136	ripple_TLL21-22	86	498817
249.4105	0.242	ripple_TBPL1-2	71	498821
249.415	0.037	ripple_TLL29-30	93	498830
249.457	0.0635	ripple_TLL13-14	78	498914
249.496	0.222	ripple_TLL2-3	84	498992
249.4965	0.046	ripple_TLL5-6	98	498993
249.497	0.0135	fr_TBAL3-4	3	498994
249.501	0.0145	fr_TLL17-18	14	499002
249.5115	0.2025	ripple_TLL1-2	74	499023
249.5175	0.11	ripple_TLL31-32	96	499035
249.518	0.2615	ripple_TLL3-4	94	499036
249.521	0.029	ripple_TLL9-10	101	499042
249.532	0.145	ripple_TLL29-30	93	499064
249.5435	0.034	ripple_TBPL2-3	72	499087
249.544	0.044	fr_TBAL3-4	3	499088
249.5465	0.041	ripple_TLL13-14	78	499093
249.5515	0.1035	ripple_TLL18-19	82	499103
249.564	0.0975	ripple_TLL20-21	85	499128
249.569	0.1765	ripple_TLL27-28	91	499138
249.572	0.1555	ripple_TLL26-27	90	499144
249.5755	0.157	ripple_TLL30-31	95	499151
249.5905	0.3735	ripple_TLL19-20	83	499181
249.601	0.027	ripple_TBPL2-3	72	499202
249.616	0.0685	ripple_TLL15-16	80	499232
249.617	0.093	ripple_TLL14-15	79	499234
249.64	0.0625	ripple_TLL6-7	99	499280
249.6465	0.054	ripple_TLL13-14	78	499293
249.649	0.091	ripple_TBAL3-4	70	499298
249.649	0.091	fr_TBAL3-4	3	499298
249.649	0.091	frandr_TBAL3-4	37	499298
249.6725	0.1515	ripple_TBPL1-2	71	499345
249.676	0.073	ripple_TLL5-6	98	499352
249.681	0.052	ripple_TLL18-19	82	499362
249.6825	0.072	ripple_TLL4-5	97	499365
249.6965	0.193	ripple_TLL21-22	86	499393
249.7235	0.028	ripple_TLL7-8	100	499447
249.7325	0.0135	fr_TLL25-26	22	499465
249.7355	0.0535	ripple_TLL20-21	85	499471
249.7355	0.1385	ripple_TLL23-24	88	499471
249.7925	0.041	ripple_TLL2-3	84	499585
249.7935	0.0765	ripple_TLL17-18	81	499587
249.8115	0.0505	ripple_TLL15-16	80	499623
249.815	0.0605	ripple_TLL6-7	99	499630
249.823	0.089	ripple_TLL14-15	79	499646
249.8295	0.035	ripple_TLL18-19	82	499659
249.836	0.053	ripple_TLL20-21	85	499672
249.844	0.039	ripple_TLL9-10	101	499688
249.8495	0.09	ripple_TLL7-8	100	499699
249.8675	0.119	ripple_TLL29-30	93	499735
249.8875	0.068	ripple_TBPL2-3	72	499775
249.89	0.037	ripple_TLL28-29	92	499780
249.892	0.078	ripple_TLL5-6	98	499784
249.9015	0.039	ripple_TLL6-7	99	499803
249.9085	0.05	ripple_TLL4-5	97	499817
249.9095	0.0215	fr_TBAL3-4	3	499819
249.9125	0.0165	fr_TLL1-2	7	499825
249.926	0.062	ripple_TLL30-31	95	499852
249.9575	0.074	ripple_TLL18-19	82	499915
249.9625	0.0865	ripple_TLL15-16	80	499925
249.964	0.041	ripple_TLL28-29	92	499928
249.974	0.3455	ripple_TLL1-2	74	499948
249.974	0.3455	fr_TLL1-2	7	499948
249.974	0.3455	frandr_TLL1-2	41	499948
249.985	0.1105	ripple_TLL22-23	87	499970
249.9975	0.0255	fr_TBPL3-4	6	499995
250.0065	0.056	ripple_TLL6-7	99	500013
250.0355	0.124	ripple_TLL20-21	85	500071
250.038	0.049	ripple_TLL2-3	84	500076
250.0455	0.1505	ripple_TLL21-22	86	500091
250.047	0.0365	ripple_TLL10-11	75	500094
250.047	0.121	ripple_TBPL1-2	71	500094
250.0535	0.0495	ripple_TBPL2-3	72	500107
250.0665	0.051	ripple_TLL7-8	100	500133
250.0735	0.0345	ripple_TLL15-16	80	500147
250.0795	0.011	fr_TBAL3-4	3	500159
250.116	0.034	ripple_TLL31-32	96	500232
250.117	0.087	ripple_TLL27-28	91	500234
250.1205	0.1125	ripple_TLL23-24	88	500241
250.1205	0.1125	fr_TLL23-24	21	500241
250.1205	0.1125	frandr_TLL23-24	55	500241
250.125	0.036	ripple_TLL26-27	90	500250
250.1315	0.0435	fr_TBAL3-4	3	500263
250.1355	0.0315	ripple_TLL15-16	80	500271
250.1395	0.232	ripple_TLL22-23	87	500279
250.146	0.036	ripple_TLL30-31	95	500292
250.152	0.055	ripple_TLL9-10	101	500304
250.163	0.0565	ripple_TLL19-20	83	500326
250.1955	0.043	ripple_TLL2-3	84	500391
250.197	0.056	ripple_TLL15-16	80	500394
250.2025	0.0415	ripple_TLL11-12	76	500405
250.213	0.0505	ripple_TLL13-14	78	500426
250.2175	0.055	ripple_TLL7-8	100	500435
250.224	0.047	ripple_TLL6-7	99	500448
250.235	0.033	ripple_TLL28-29	92	500470
250.24	0.05	fr_TBAL3-4	3	500480
250.2535	0.0595	ripple_TLL30-31	95	500507
250.271	0.093	ripple_TBPL2-3	72	500542
250.273	0.121	ripple_TLL21-22	86	500546
250.279	0.08	ripple_TLL29-30	93	500558
250.2865	0.1095	ripple_TLL27-28	91	500573
250.297	0.112	ripple_TLL31-32	96	500594
250.3055	0.1935	ripple_TLL19-20	83	500611
250.3065	0.048	ripple_TLL28-29	92	500613
250.319	0.0595	ripple_TLL20-21	85	500638
250.323	0.1095	ripple_TLL6-7	99	500646
250.3275	0.0825	ripple_TLL7-8	100	500655
250.344	0.05	ripple_TLL1-2	74	500688
250.3495	0.0465	ripple_TLL2-3	84	500699
250.3775	0.045	ripple_TBPL3-4	73	500755
250.3885	0.037	ripple_TBPL2-3	72	500777
250.419	0.369	ripple_TLL15-16	80	500838
250.425	0.0455	ripple_TLL9-10	101	500850
250.431	0.0535	ripple_TLL31-32	96	500862
250.4365	0.0605	ripple_TLL18-19	82	500873
250.4385	0.0405	ripple_TLL1-2	74	500877
250.4385	0.125	ripple_TLL29-30	93	500877
250.4485	0.0845	ripple_TLL7-8	100	500897
250.4695	0.1315	ripple_TLL20-21	85	500939
250.47	0.1235	ripple_TLL30-31	95	500940
250.477	0.054	ripple_TLL4-5	97	500954
250.4945	0.052	ripple_TLL21-22	86	500989
250.498	0.069	ripple_TLL6-7	99	500996
250.509	0.0795	ripple_TBPL1-2	71	501018
250.5175	0.158	ripple_TBPL2-3	72	501035
250.5225	0.0425	ripple_TLL14-15	79	501045
250.5245	0.022	fr_TBAL3-4	3	501049
250.5255	0.046	ripple_TLL28-29	92	501051
250.5295	0.0385	ripple_TBPL3-4	73	501059
250.5305	0.09	ripple_TLL2-3	84	501061
250.5325	0.2095	ripple_TLL31-32	96	501065
250.5355	0.016	fr_TLL27-28	24	501071
250.58	0.065	ripple_TLL27-28	91	501160
250.58	0.065	fr_TLL27-28	24	501160
250.58	0.065	frandr_TLL27-28	58	501160
250.613	0.0405	ripple_TLL29-30	93	501226
250.6185	0.0755	ripple_TLL19-20	83	501237
250.621	0.054	ripple_TLL18-19	82	501242
250.638	0.071	ripple_TLL20-21	85	501276
250.6385	0.0375	ripple_TLL30-31	95	501277
250.6485	0.042	ripple_TLL22-23	87	501297
250.653	0.0485	ripple_TBAL3-4	70	501306
250.6655	0.2325	ripple_TLL2-3	84	501331
250.6805	0.105	ripple_TBPL1-2	71	501361
250.6865	0.0905	ripple_TLL29-30	93	501373
250.7075	0.031	ripple_TLL14-15	79	501415
250.7115	0.018	fr_TBAL3-4	3	501423
250.716	0.049	ripple_TLL6-7	99	501432
250.7165	0.0605	ripple_TLL21-22	86	501433
250.7455	0.078	ripple_TLL23-24	88	501491
250.7585	0.0775	ripple_TBPL2-3	72	501517
250.7925	0.0495	ripple_TLL22-23	87	501585
250.8195	0.158	ripple_TLL28-29	92	501639
250.821	0.0475	ripple_TLL1-2	74	501642
250.823	0.055	ripple_TLL29-30	93	501646
250.8305	0.1505	ripple_TLL20-21	85	501661
250.8495	0.06	ripple_TLL15-16	80	501699
250.8605	0.0515	ripple_TBPL2-3	72	501721
250.909	0.044	ripple_TLL6-7	99	501818
250.919	0.044	ripple_TLL21-22	86	501838
250.92	0.0565	ripple_TLL19-20	83	501840
250.9245	0.0495	ripple_TLL4-5	97	501849
250.935	0.054	ripple_TLL31-32	96	501870
250.942	0.029	ripple_TLL30-31	95	501884
250.947	0.0365	ripple_TLL27-28	91	501894
250.9735	0.0545	ripple_TLL15-16	80	501947
250.9765	0.154	ripple_TBPL2-3	72	501953
250.989	0.074	ripple_TLL14-15	79	501978
251.018	0.1945	ripple_TLL29-30	93	502036
251.0195	0.0355	ripple_TLL7-8	100	502039
251.0205	0.049	fr_TBAL3-4	3	502041
251.022	0.0555	ripple_TLL28-29	92	502044
251.0315	0.1175	ripple_TLL6-7	99	502063
251.0835	0.1475	ripple_TLL15-16	80	502167
251.087	0.1255	ripple_TLL7-8	100	502174
251.0955	0.1275	ripple_TLL14-15	79	502191
251.097	0.2875	ripple_TLL20-21	85	502194
251.1115	0.1865	ripple_TLL31-32	96	502223
251.1155	0.037	ripple_TLL18-19	82	502231
251.117	0.0305	ripple_TLL4-5	97	502234
251.135	0.018	fr_TBAL3-4	3	502270
251.135	0.0575	ripple_TLL30-31	95	502270
251.154	0.045	ripple_TBPL1-2	71	502308
251.195	0.0345	ripple_TLL19-20	83	502390
251.216	0.057	ripple_TBPL2-3	72	502432
251.2215	0.0545	ripple_TLL9-10	101	502443
251.2315	0.0335	ripple_TLL1-2	74	502463
251.2435	0.0425	ripple_TBPL1-2	71	502487
251.254	0.0555	ripple_TLL22-23	87	502508
251.267	0.041	ripple_TLL21-22	86	502534
251.2885	0.0315	ripple_TLL2-3	84	502577
251.32	0.0375	ripple_TLL6-7	99	502640
251.3235	0.0465	ripple_TBPL2-3	72	502647
251.3265	0.2465	ripple_TBPL1-2	71	502653
251.328	0.0835	ripple_TLL15-16	80	502656
251.3365	0.0755	ripple_TLL22-23	87	502673
251.3645	0.0365	ripple_TLL1-2	74	502729
251.3655	0.0395	ripple_TLL27-28	91	502731
251.3675	0.0225	fr_TBAL3-4	3	502735
251.373	0.036	ripple_TLL21-22	86	502746
251.3905	0.077	ripple_TLL30-31	95	502781
251.397	0.0645	ripple_TLL29-30	93	502794
251.408	0.1145	ripple_TLL23-24	88	502816
251.42	0.1215	ripple_TLL7-8	100	502840
251.4275	0.0355	ripple_TBPL2-3	72	502855
251.435	0.0135	fr_TBAL3-4	3	502870
251.4365	0.071	ripple_TLL18-19	82	502873
251.4375	0.0395	ripple_TLL1-2	74	502875
251.4385	0.053	ripple_TLL20-21	85	502877
251.4435	0.0335	ripple_TLL2-3	84	502887
251.47	0.0355	ripple_TLL19-20	83	502940
251.4785	0.1645	ripple_TLL22-23	87	502957
251.488	0.0275	fr_TBAL3-4	3	502976
251.489	0.0345	ripple_TLL21-22	86	502978
251.49	0.0515	ripple_TLL31-32	96	502980
251.493	0.0575	ripple_TLL30-31	95	502986
251.5135	0.041	ripple_TBPL2-3	72	503027
251.521	0.083	ripple_TLL29-30	93	503042
251.5545	0.1215	ripple_TLL20-21	85	503109
251.5625	0.034	ripple_TLL6-7	99	503125
251.565	0.0705	ripple_TLL23-24	88	503130
251.58	0.06	ripple_TLL27-28	91	503160
251.5985	0.0795	ripple_TLL14-15	79	503197
251.606	0.029	ripple_TLL1-2	74	503212
251.625	0.0955	ripple_TLL7-8	100	503250
251.636	0.1175	ripple_TLL18-19	82	503272
251.6445	0.046	ripple_TLL31-32	96	503289
251.6445	0.0685	ripple_TLL15-16	80	503289
251.6495	0.061	ripple_TLL29-30	93	503299
251.65	0.039	ripple_TLL30-31	95	503300
251.6635	0.062	ripple_TLL21-22	86	503327
251.668	0.036	ripple_TLL1-2	74	503336
251.675	0.049	ripple_TLL22-23	87	503350
251.677	0.0165	fr_TBAL3-4	3	503354
251.687	0.2205	ripple_TBPL2-3	72	503374
251.6985	0.034	ripple_TLL4-5	97	503397
251.711	0.033	ripple_TLL31-32	96	503422
251.7145	0.129	ripple_TLL28-29	92	503429
251.719	0.0425	ripple_TLL2-3	84	503438
251.7275	0.0535	ripple_TLL6-7	99	503455
251.732	0.05	ripple_TLL14-15	79	503464
251.7775	0.0605	ripple_TLL22-23	87	503555
251.778	0.101	ripple_TLL21-22	86	503556
251.779	0.0265	fr_TLL26-27	23	503558
251.7795	0.0505	ripple_TLL20-21	85	503559
251.7795	0.072	ripple_TLL31-32	96	503559
251.7875	0.2325	ripple_TLL18-19	82	503575
251.788	0.135	ripple_TLL19-20	83	503576
251.793	0.0305	fr_TBAL3-4	3	503586
251.7965	0.0795	ripple_TLL23-24	88	503593
251.8035	0.0775	ripple_TLL29-30	93	503607
251.8315	0.1325	ripple_TLL15-16	80	503663
251.8465	0.0225	fr_TBAL3-4	3	503693
251.8585	0.1555	ripple_TLL20-21	85	503717
251.8595	0.0425	ripple_TLL5-6	98	503719
251.8605	0.0485	ripple_TLL30-31	95	503721
251.874	0.081	ripple_TLL31-32	96	503748
251.8795	0.183	ripple_TLL6-7	99	503759
251.891	0.1415	ripple_TBPL1-2	71	503782
251.9025	0.0755	fr_TBAL3-4	3	503805
251.909	0.0665	ripple_TLL2-3	84	503818
251.91	0.0665	ripple_TLL23-24	88	503820
251.9105	0.0405	ripple_TLL22-23	87	503821
251.9265	0.2245	ripple_TLL7-8	100	503853
251.9305	0.04	ripple_TLL26-27	90	503861
251.9345	0.0375	ripple_TLL14-15	79	503869
251.9355	0.0485	ripple_TLL1-2	74	503871
251.966	0.0755	ripple_TLL21-22	86	503932
251.9725	0.069	ripple_TLL19-20	83	503945
251.9805	0.1025	ripple_TLL29-30	93	503961
251.997	0.0795	ripple_TLL2-3	84	503994
252.0	0.0195	fr_TBAL3-4	3	504000
252.006	0.086	ripple_TLL22-23	87	504012
252.009	0.0445	ripple_TLL23-24	88	504018
252.0165	0.028	ripple_TLL27-28	91	504033
252.034	0.092	ripple_TLL1-2	74	504068
252.0465	0.269	ripple_TLL30-31	95	504093
252.053	0.0325	ripple_TLL31-32	96	504106
252.055	0.041	ripple_TBAL3-4	70	504110
252.055	0.041	fr_TBAL3-4	3	504110
252.055	0.041	frandr_TBAL3-4	37	504110
252.0565	0.068	ripple_TLL14-15	79	504113
252.077	0.0735	ripple_TBAL2-3	69	504154
252.077	0.0735	fr_TBAL2-3	2	504154
252.077	0.0735	frandr_TBAL2-3	36	504154
252.0895	0.038	ripple_TLL15-16	80	504179
252.0935	0.063	ripple_TLL6-7	99	504187
252.1025	0.158	ripple_TBPL1-2	71	504205
252.1085	0.2665	ripple_TLL23-24	88	504217
252.117	0.072	ripple_TLL29-30	93	504234
252.131	0.0345	ripple_TLL27-28	91	504262
252.131	0.0345	fr_TLL27-28	24	504262
252.131	0.0345	frandr_TLL27-28	58	504262
252.1315	0.0655	ripple_TBPL2-3	72	504263
252.144	0.0335	ripple_TLL31-32	96	504288
252.1705	0.039	ripple_TLL19-20	83	504341
252.1725	0.0435	ripple_TLL20-21	85	504345
252.1845	0.0275	ripple_TLL11-12	76	504369
252.1915	0.0285	ripple_TLL4-5	97	504383
252.1955	0.183	ripple_TLL26-27	90	504391
252.2005	0.0785	ripple_TLL15-16	80	504401
252.205	0.025	ripple_TBAL3-4	70	504410
252.205	0.025	fr_TBAL3-4	3	504410
252.205	0.025	frandr_TBAL3-4	37	504410
252.213	0.0515	ripple_TBAL2-3	69	504426
252.213	0.0515	fr_TBAL2-3	2	504426
252.213	0.0515	frandr_TBAL2-3	36	504426
252.225	0.0655	ripple_TLL29-30	93	504450
252.228	0.051	ripple_TLL10-11	75	504456
252.2395	0.0295	ripple_TLL19-20	83	504479
252.2415	0.066	ripple_TLL20-21	85	504483
252.2425	0.0575	ripple_TLL21-22	86	504485
252.2445	0.063	ripple_TBPL2-3	72	504489
252.264	0.085	ripple_TLL6-7	99	504528
252.271	0.041	ripple_TLL5-6	98	504542
252.282	0.0115	fr_TLL25-26	22	504564
252.2985	0.0695	ripple_TLL27-28	91	504597
252.3165	0.1235	ripple_TLL28-29	92	504633
252.321	0.077	ripple_TLL31-32	96	504642
252.3225	0.071	ripple_TLL21-22	86	504645
252.3315	0.067	ripple_TLL20-21	85	504663
252.345	0.4695	ripple_TLL29-30	93	504690
252.3495	0.137	ripple_TBPL2-3	72	504699
252.351	0.0615	ripple_TBPL1-2	71	504702
252.353	0.0755	ripple_TLL11-12	76	504706
252.355	0.095	ripple_TLL14-15	79	504710
252.3605	0.0565	ripple_TLL18-19	82	504721
252.3625	0.0685	fr_TBAL3-4	3	504725
252.3725	0.0395	ripple_TLL10-11	75	504745
252.3925	0.129	ripple_TLL13-14	78	504785
252.3995	0.0735	ripple_TLL6-7	99	504799
252.401	0.0725	ripple_TBAL1-2	68	504802
252.4235	0.042	ripple_TLL1-2	74	504847
252.4235	0.0475	ripple_TLL19-20	83	504847
252.4325	0.0915	ripple_TLL27-28	91	504865
252.4555	0.0615	ripple_TLL26-27	90	504911
252.457	0.0395	ripple_TLL31-32	96	504914
252.48	0.021	fr_TBAL3-4	3	504960
252.4825	0.051	ripple_TBPL1-2	71	504965
252.487	0.0745	ripple_TLL14-15	79	504974
252.5055	0.0395	ripple_TLL23-24	88	505011
252.518	0.098	ripple_TLL7-8	100	505036
252.5265	0.011	fr_TLL1-2	7	505053
252.53	0.043	ripple_TLL31-32	96	505060
252.545	0.0375	ripple_TBPL3-4	73	505090
252.549	0.0835	ripple_TLL30-31	95	505098
252.555	0.078	ripple_TLL22-23	87	505110
252.5565	0.0805	ripple_TLL6-7	99	505113
252.56	0.041	ripple_TLL2-3	84	505120
252.565	0.092	ripple_TBPL1-2	71	505130
252.5675	0.129	ripple_TLL18-19	82	505135
252.5705	0.04	ripple_TLL21-22	86	505141
252.604	0.191	ripple_TLL19-20	83	505208
252.627	0.0345	ripple_TLL23-24	88	505254
252.6455	0.044	ripple_TLL20-21	85	505291
252.653	0.3645	ripple_TLL31-32	96	505306
252.6645	0.0345	ripple_TLL22-23	87	505329
252.667	0.129	ripple_TLL7-8	100	505334
252.6765	0.074	ripple_TBPL2-3	72	505353
252.678	0.045	ripple_TLL4-5	97	505356
252.678	0.0735	ripple_TBPL1-2	71	505356
252.6975	0.0495	ripple_TLL28-29	92	505395
252.7285	0.01	fr_TLL10-11	8	505457
252.7325	0.199	ripple_TLL30-31	95	505465
252.733	0.0365	ripple_TLL6-7	99	505466
252.7495	0.2265	ripple_TLL21-22	86	505499
252.76	0.07	ripple_TLL4-5	97	505520
252.7785	0.235	ripple_TBPL1-2	71	505557
252.7945	0.1095	ripple_TLL1-2	74	505589
252.7975	0.0355	ripple_TLL15-16	80	505595
252.8065	0.03	ripple_TBPL2-3	72	505613
252.813	0.0345	ripple_TLL9-10	101	505626
252.826	0.0285	ripple_TLL2-3	84	505652
252.8315	0.058	ripple_TLL14-15	79	505663
252.839	0.0675	ripple_TLL18-19	82	505678
252.852	0.046	ripple_TLL4-5	97	505704
252.864	0.0165	fr_TLL25-26	22	505728
252.865	0.0195	fr_TBAL3-4	3	505730
252.879	0.088	ripple_TLL15-16	80	505758
252.8895	0.0715	ripple_TLL19-20	83	505779
252.891	0.0785	ripple_TBPL2-3	72	505782
252.895	0.341	ripple_TLL29-30	93	505790
252.9685	0.138	ripple_TLL22-23	87	505937
252.982	0.1275	ripple_TLL30-31	95	505964
253.0065	0.051	ripple_TLL6-7	99	506013
253.012	0.1905	ripple_TLL21-22	86	506024
253.041	0.0515	ripple_TLL28-29	92	506082
253.056	0.099	ripple_TBPL1-2	71	506112
253.058	0.0505	fr_TBAL3-4	3	506116
253.059	0.062	ripple_TLL18-19	82	506118
253.061	0.2145	ripple_TBPL2-3	72	506122
253.062	0.0445	ripple_TLL27-28	91	506124
253.0755	0.0395	ripple_TLL2-3	84	506151
253.076	0.035	ripple_TLL14-15	79	506152
253.0805	0.0535	ripple_TLL31-32	96	506161
253.0815	0.03	ripple_TLL1-2	74	506163
253.0825	0.04	ripple_TLL7-8	100	506165
253.124	0.0525	ripple_TLL3-4	94	506248
253.1345	0.155	ripple_TLL23-24	88	506269
253.137	0.014	fr_TLL11-12	9	506274
253.141	0.046	ripple_TLL10-11	75	506282
253.143	0.0355	ripple_TLL19-20	83	506286
253.1435	0.177	ripple_TLL22-23	87	506287
253.146	0.045	ripple_TLL27-28	91	506292
253.1465	0.0205	fr_TBAL3-4	3	506293
253.1605	0.0355	ripple_TBPL3-4	73	506321
253.1885	0.0355	ripple_TLL5-6	98	506377
253.2135	0.0465	ripple_TLL31-32	96	506427
253.219	0.032	ripple_TLL30-31	95	506438
253.2195	0.0285	fr_TBAL3-4	3	506439
253.2195	0.0545	ripple_TLL9-10	101	506439
253.2235	0.103	ripple_TLL6-7	99	506447
253.236	0.0865	ripple_TLL21-22	86	506472
253.241	0.0645	ripple_TLL14-15	79	506482
253.2445	0.131	ripple_TLL18-19	82	506489
253.2695	0.044	ripple_TLL1-2	74	506539
253.2785	0.092	ripple_TLL19-20	83	506557
253.301	0.0615	ripple_TLL30-31	95	506602
253.312	0.071	ripple_TLL4-5	97	506624
253.3225	0.065	ripple_TLL3-4	94	506645
253.3255	0.102	ripple_TLL14-15	79	506651
253.3375	0.052	ripple_TLL29-30	93	506675
253.348	0.04	ripple_TLL31-32	96	506696
253.348	0.063	ripple_TLL15-16	80	506696
253.3485	0.335	ripple_TLL22-23	87	506697
253.352	0.1595	ripple_TLL20-21	85	506704
253.356	0.0675	ripple_TLL13-14	78	506712
253.365	0.0445	ripple_TBPL3-4	73	506730
253.365	0.223	ripple_TLL21-22	86	506730
253.369	0.0355	ripple_TLL26-27	90	506738
253.3725	0.033	ripple_TLL7-8	100	506745
253.379	0.114	ripple_TLL23-24	88	506758
253.384	0.18	ripple_TBPL1-2	71	506768
253.407	0.0465	ripple_TLL18-19	82	506814
253.416	0.0555	ripple_TLL28-29	92	506832
253.425	0.0225	fr_TBAL3-4	3	506850
253.43	0.014	fr_TLL25-26	22	506860
253.4505	0.2075	ripple_TLL7-8	100	506901
253.4525	0.062	ripple_TLL2-3	84	506905
253.454	0.0375	ripple_TLL1-2	74	506908
253.4705	0.0315	fr_TBAL3-4	3	506941
253.4825	0.065	ripple_TLL15-16	80	506965
253.4915	0.04	ripple_TLL4-5	97	506983
253.4945	0.0865	ripple_TLL3-4	94	506989
253.5095	0.0615	ripple_TLL29-30	93	507019
253.513	0.181	ripple_TLL14-15	79	507026
253.529	0.0315	ripple_TLL31-32	96	507058
253.5335	0.0355	ripple_TBPL2-3	72	507067
253.5335	0.101	ripple_TLL30-31	95	507067
253.5365	0.0305	fr_TBAL3-4	3	507073
253.537	0.066	ripple_TLL6-7	99	507074
253.541	0.0425	ripple_TLL1-2	74	507082
253.553	0.0415	ripple_TLL18-19	82	507106
253.5615	0.0445	ripple_TLL20-21	85	507123
253.5645	0.037	ripple_TLL23-24	88	507129
253.586	0.053	ripple_TLL25-26	89	507172
253.5895	0.068	ripple_TLL5-6	98	507179
253.6005	0.0615	ripple_TLL15-16	80	507201
253.614	0.0995	ripple_TLL21-22	86	507228
253.632	0.1105	ripple_TLL20-21	85	507264
253.639	0.0505	ripple_TLL2-3	84	507278
253.681	0.128	ripple_TLL23-24	88	507362
253.6825	0.0315	ripple_TLL30-31	95	507365
253.685	0.0815	ripple_TLL29-30	93	507370
253.691	0.025	fr_TBPL3-4	6	507382
253.706	0.011	fr_TLL27-28	24	507412
253.731	0.1045	ripple_TLL22-23	87	507462
253.7325	0.9365	ripple_TBAL3-4	70	507465
253.7325	0.9365	fr_TBAL3-4	3	507465
253.7325	0.9365	frandr_TBAL3-4	37	507465
253.742	0.087	ripple_TLL4-5	97	507484
253.746	0.0525	ripple_TLL27-28	91	507492
253.746	0.0525	fr_TLL27-28	24	507492
253.746	0.0525	frandr_TLL27-28	58	507492
253.75	0.1715	ripple_TLL1-2	74	507500
253.7585	0.031	ripple_TLL2-3	84	507517
253.7765	0.0475	ripple_TLL17-18	81	507553
253.7915	0.048	ripple_TBAL2-3	69	507583
253.792	0.061	ripple_TLL20-21	85	507584
253.794	0.037	ripple_TLL3-4	94	507588
253.797	0.195	ripple_TLL6-7	99	507594
253.797	0.34	ripple_TLL7-8	100	507594
253.7995	0.0935	ripple_TBPL1-2	71	507599
253.8075	0.0615	ripple_TBPL2-3	72	507615
253.821	0.1285	ripple_TLL2-3	84	507642
253.855	0.034	ripple_TLL19-20	83	507710
253.861	0.027	fr_TBAL2-3	2	507722
253.861	0.051	fr_TLL25-26	22	507722
253.869	0.051	ripple_TLL9-10	101	507738
253.869	0.051	fr_TLL9-10	34	507738
253.869	0.051	frandr_TLL9-10	67	507738
253.8695	0.0555	ripple_TLL29-30	93	507739
253.895	0.0355	ripple_TLL17-18	81	507790
253.895	0.087	ripple_TLL20-21	85	507790
253.898	0.055	ripple_TLL21-22	86	507796
253.9	0.036	ripple_TLL18-19	82	507800
253.9055	0.0575	ripple_TLL15-16	80	507811
253.916	0.0125	fr_TLL3-4	27	507832
253.9195	0.059	ripple_TLL19-20	83	507839
253.921	0.052	ripple_TLL27-28	91	507842
253.921	0.052	fr_TLL27-28	24	507842
253.921	0.052	frandr_TLL27-28	58	507842
253.9275	0.0655	ripple_TBPL2-3	72	507855
253.9345	0.051	ripple_TLL14-15	79	507869
253.949	0.164	ripple_TLL29-30	93	507898
253.9495	0.078	ripple_TLL30-31	95	507899
253.9505	0.05	ripple_TLL28-29	92	507901
253.956	0.0175	fr_TLL9-10	34	507912
253.962	0.2375	ripple_TLL31-32	96	507924
253.9685	0.0295	fr_TLL25-26	22	507937
253.9715	0.1505	ripple_TLL23-24	88	507943
253.9755	0.0135	fr_TLL1-2	7	507951
253.978	0.0445	ripple_TLL3-4	94	507956
253.9795	0.01	fr_TLL2-3	17	507959
253.9855	0.05	ripple_TLL15-16	80	507971
254.005	0.127	ripple_TLL21-22	86	508010
254.0105	0.057	ripple_TLL2-3	84	508021
254.0105	0.063	ripple_TLL20-21	85	508021
254.012	0.1075	ripple_TLL1-2	74	508024
254.0125	0.1195	ripple_TLL6-7	99	508025
254.022	0.0505	ripple_TBPL1-2	71	508044
254.032	0.0245	fr_TLL25-26	22	508064
254.0365	0.219	fr_TLL27-28	24	508073
254.037	0.016	fr_TLL17-18	14	508074
254.0435	0.0685	ripple_TLL18-19	82	508087
254.0515	0.0585	ripple_TLL4-5	97	508103
254.0525	0.0865	ripple_TBPL2-3	72	508105
254.078	0.104	ripple_TLL30-31	95	508156
254.079	0.0565	ripple_TLL19-20	83	508158
254.0885	0.0185	fr_TBPL3-4	6	508177
254.1305	0.027	fr_TLL25-26	22	508261
254.133	0.0425	fr_TBAL2-3	2	508266
254.136	0.059	ripple_TLL29-30	93	508272
254.138	0.037	ripple_TLL2-3	84	508276
254.1385	0.0125	fr_TLL21-22	19	508277
254.1395	0.037	ripple_TLL3-4	94	508279
254.147	0.0165	fr_TBPL3-4	6	508294
254.149	0.0345	ripple_TLL17-18	81	508298
254.1495	0.0415	ripple_TLL23-24	88	508299
254.152	0.043	ripple_TLL22-23	87	508304
254.16	0.113	ripple_TLL7-8	100	508320
254.165	0.046	ripple_TBPL3-4	73	508330
254.172	0.099	ripple_TBPL2-3	72	508344
254.178	0.066	ripple_TBPL1-2	71	508356
254.179	0.0855	ripple_TLL5-6	98	508358
254.18	0.026	fr_TLL3-4	27	508360
254.187	0.0335	ripple_TLL19-20	83	508374
254.1905	0.0405	ripple_TLL15-16	80	508381
254.196	0.057	ripple_TLL2-3	84	508392
254.1965	0.052	ripple_TLL1-2	74	508393
254.1995	0.077	ripple_TLL21-22	86	508399
254.204	0.0785	ripple_TLL30-31	95	508408
254.2045	0.0135	fr_TLL25-26	22	508409
254.2115	0.0235	fr_TLL28-29	25	508423
254.213	0.038	ripple_TLL6-7	99	508426
254.214	0.0305	ripple_TLL23-24	88	508428
254.234	0.058	ripple_TLL17-18	81	508468
254.2495	0.0515	ripple_TLL19-20	83	508499
254.25	0.1555	ripple_TLL20-21	85	508500
254.259	0.028	ripple_TLL25-26	89	508518
254.259	0.028	fr_TLL25-26	22	508518
254.259	0.028	frandr_TLL25-26	56	508518
254.2645	0.0375	ripple_TLL4-5	97	508529
254.2725	0.0585	ripple_TLL28-29	92	508545
254.2745	0.1195	ripple_TLL6-7	99	508549
254.276	0.01	fr_TLL9-10	34	508552
254.29	0.014	fr_TBAL2-3	2	508580
254.2965	0.1985	ripple_TLL29-30	93	508593
254.2975	0.0875	ripple_TLL27-28	91	508595
254.2975	0.0875	fr_TLL27-28	24	508595
254.2975	0.0875	frandr_TLL27-28	58	508595
254.3005	0.1295	ripple_TLL31-32	96	508601
254.317	0.0965	ripple_TLL23-24	88	508634
254.327	0.0355	fr_TLL10-11	8	508654
254.33	0.086	ripple_TLL22-23	87	508660
254.3365	0.109	ripple_TBPL2-3	72	508673
254.36	0.036	ripple_TLL9-10	101	508720
254.363	0.0625	ripple_TBPL1-2	71	508726
254.367	0.0535	ripple_TLL5-6	98	508734
254.3675	0.0325	fr_TLL25-26	22	508735
254.3715	0.0345	ripple_TLL19-20	83	508743
254.3775	0.039	ripple_TLL4-5	97	508755
254.3865	0.0495	ripple_TLL10-11	75	508773
254.395	0.104	ripple_TLL21-22	86	508790
254.3985	0.0345	ripple_TBPL3-4	73	508797
254.3985	0.0345	fr_TBPL3-4	6	508797
254.3985	0.0345	frandr_TBPL3-4	40	508797
254.401	0.063	ripple_TLL1-2	74	508802
254.401	0.063	fr_TLL1-2	7	508802
254.401	0.063	frandr_TLL1-2	41	508802
254.401	0.067	ripple_TLL2-3	84	508802
254.421	0.2555	ripple_TLL14-15	79	508842
254.429	0.0335	ripple_TLL17-18	81	508858
254.4295	0.0315	ripple_TLL30-31	95	508859
254.4325	0.077	ripple_TLL20-21	85	508865
254.44	0.039	ripple_TLL6-7	99	508880
254.444	0.0395	fr_TLL25-26	22	508888
254.4485	0.059	ripple_TBPL1-2	71	508897
254.4535	0.0785	ripple_TLL15-16	80	508907
254.461	0.011	fr_TLL26-27	23	508922
254.475	0.128	ripple_TLL28-29	92	508950
254.48	0.0415	ripple_TBPL3-4	73	508960
254.4825	0.037	ripple_TLL30-31	95	508965
254.4955	0.0355	ripple_TLL23-24	88	508991
254.4975	0.036	ripple_TLL22-23	87	508995
254.5045	0.0565	ripple_TLL2-3	84	509009
254.518	0.055	ripple_TLL27-28	91	509036
254.518	0.055	fr_TLL27-28	24	509036
254.518	0.055	frandr_TLL27-28	58	509036
254.5195	0.201	ripple_TBPL2-3	72	509039
254.5255	0.158	ripple_TLL21-22	86	509051
254.528	0.0835	ripple_TLL7-8	100	509056
254.5395	0.0415	ripple_TLL20-21	85	509079
254.555	0.0455	ripple_TLL15-16	80	509110
254.574	0.1425	ripple_TLL29-30	93	509148
254.576	0.061	ripple_TLL5-6	98	509152
254.577	0.1155	ripple_TLL22-23	87	509154
254.583	0.187	ripple_TLL31-32	96	509166
254.5855	0.0495	ripple_TLL1-2	74	509171
254.5925	0.1195	ripple_TLL19-20	83	509185
254.5945	0.012	fr_TLL25-26	22	509189
254.6055	0.107	ripple_TLL23-24	88	509211
254.612	0.061	ripple_TLL2-3	84	509224
254.624	0.222	ripple_TLL15-16	80	509248
254.6285	0.0855	ripple_TLL20-21	85	509257
254.6525	0.02	fr_TLL25-26	22	509305
254.654	0.034	ripple_TBPL1-2	71	509308
254.657	0.06	ripple_TLL4-5	97	509314
254.657	0.0745	ripple_TLL28-29	92	509314
254.6645	0.052	ripple_TLL6-7	99	509329
254.666	0.0535	ripple_TLL5-6	98	509332
254.703	0.018	fr_TLL27-28	24	509406
254.7055	0.0205	fr_TLL1-2	7	509411
254.7235	0.0805	ripple_TBPL1-2	71	509447
254.7295	0.023	fr_TLL4-5	30	509459
254.7425	0.1345	ripple_TLL30-31	95	509485
254.751	0.042	ripple_TLL18-19	82	509502
254.7615	0.0375	ripple_TLL19-20	83	509523
254.771	0.052	ripple_TLL7-8	100	509542
254.7715	0.048	ripple_TBPL2-3	72	509543
254.7765	0.0445	ripple_TLL22-23	87	509553
254.7775	0.044	ripple_TLL23-24	88	509555
254.7775	0.0465	ripple_TLL6-7	99	509555
254.7845	0.1295	ripple_TLL29-30	93	509569
254.786	0.0715	ripple_TLL14-15	79	509572
254.8	0.068	ripple_TLL1-2	74	509600
254.804	0.262	ripple_TLL20-21	85	509608
254.8255	0.0425	ripple_TLL12-13	77	509651
254.828	0.0305	ripple_TLL5-6	98	509656
254.833	0.0555	ripple_TLL28-29	92	509666
254.8365	0.048	ripple_TLL2-3	84	509673
254.849	0.049	ripple_TLL18-19	82	509698
254.855	0.606	ripple_TLL22-23	87	509710
254.8635	0.04	ripple_TLL21-22	86	509727
254.885	0.1555	ripple_TLL19-20	83	509770
254.905	0.1225	ripple_TLL23-24	88	509810
254.9055	0.1725	ripple_TLL1-2	74	509811
254.918	0.0695	ripple_TLL2-3	84	509836
254.943	0.0945	ripple_TLL14-15	79	509886
254.951	0.0365	ripple_TLL29-30	93	509902
254.9515	0.037	ripple_TLL28-29	92	509903
254.954	0.04	ripple_TLL15-16	80	509908
254.957	0.1045	ripple_TLL31-32	96	509914
254.961	0.0845	ripple_TBPL1-2	71	509922
254.9615	0.087	ripple_TLL18-19	82	509923
254.9755	0.059	ripple_TLL11-12	76	509951
254.9785	0.071	ripple_TLL27-28	91	509957
254.9945	0.0575	ripple_TLL26-27	90	509989
255.0055	0.0765	ripple_TLL21-22	86	510011
255.01	0.0645	ripple_TLL2-3	84	510020
255.011	0.052	ripple_TLL30-31	95	510022
255.0155	0.0605	ripple_TLL28-29	92	510031
255.016	0.0445	ripple_TLL29-30	93	510032
255.0265	0.1335	ripple_TLL7-8	100	510053
255.0515	0.0655	ripple_TLL15-16	80	510103
255.079	0.289	ripple_TLL23-24	88	510158
255.0875	0.045	ripple_TBPL2-3	72	510175
255.093	0.064	ripple_TLL3-4	94	510186
255.0985	0.038	ripple_TLL4-5	97	510197
255.1445	0.0565	ripple_TLL20-21	85	510289
255.159	0.039	ripple_TLL29-30	93	510318
255.167	0.056	ripple_TLL27-28	91	510334
255.2005	0.05	ripple_TBPL2-3	72	510401
255.208	0.074	ripple_TLL18-19	82	510416
255.2095	0.1345	ripple_TLL21-22	86	510419
255.215	0.0705	ripple_TLL2-3	84	510430
255.2345	0.2885	ripple_TLL1-2	74	510469
255.2345	0.2885	fr_TLL1-2	7	510469
255.2345	0.2885	frandr_TLL1-2	41	510469
255.245	0.0595	ripple_TLL7-8	100	510490
255.248	0.13	ripple_TLL19-20	83	510496
255.2715	0.057	ripple_TLL14-15	79	510543
255.275	0.045	ripple_TLL26-27	90	510550
255.2785	0.047	ripple_TLL27-28	91	510557
255.281	0.084	ripple_TLL29-30	93	510562
255.291	0.059	ripple_TBPL2-3	72	510582
255.3025	0.103	ripple_TLL15-16	80	510605
255.305	0.134	ripple_TLL20-21	85	510610
255.3175	0.2785	ripple_TBPL1-2	71	510635
255.3445	0.18	ripple_TLL6-7	99	510689
255.361	0.039	ripple_TLL10-11	75	510722
255.3665	0.1455	ripple_TLL7-8	100	510733
255.3735	0.1815	ripple_TLL14-15	79	510747
255.3755	0.0865	ripple_TLL11-12	76	510751
255.3775	0.044	ripple_TLL5-6	98	510755
255.3865	0.051	ripple_TBPL2-3	72	510773
255.391	0.066	ripple_TLL23-24	88	510782
255.4125	0.0325	ripple_TLL19-20	83	510825
255.4175	0.1345	ripple_TLL29-30	93	510835
255.4605	0.12	ripple_TLL18-19	82	510921
255.476	0.073	ripple_TLL4-5	97	510952
255.479	0.0805	ripple_TLL15-16	80	510958
255.4795	0.058	ripple_TLL2-3	84	510959
255.485	0.1545	ripple_TBPL2-3	72	510970
255.494	0.1755	ripple_TLL19-20	83	510988
255.537	0.0175	fr_TLL17-18	14	511074
255.5405	0.157	ripple_TLL20-21	85	511081
255.567	0.111	ripple_TLL30-31	95	511134
255.5675	0.0495	ripple_TLL1-2	74	511135
255.57	0.0585	ripple_TLL31-32	96	511140
255.5865	0.032	ripple_TLL22-23	87	511173
255.6115	0.0925	ripple_TLL29-30	93	511223
255.62	0.0535	ripple_TLL28-29	92	511240
255.6235	0.034	ripple_TLL14-15	79	511247
255.6275	0.034	ripple_TLL23-24	88	511255
255.6955	0.012	fr_TLL26-27	23	511391
255.701	0.1455	ripple_TLL31-32	96	511402
255.723	0.057	ripple_TLL15-16	80	511446
255.7315	0.1855	ripple_TLL19-20	83	511463
255.732	0.1945	ripple_TLL1-2	74	511464
255.741	0.055	ripple_TLL20-21	85	511482
255.742	0.0345	ripple_TLL28-29	92	511484
255.7725	0.0555	ripple_TLL12-13	77	511545
255.791	0.038	ripple_TLL11-12	76	511582
255.793	0.0685	ripple_TBPL2-3	72	511586
255.7985	0.3399999999999709	ripple_TLL23-24	88	511597
255.801	0.0415	ripple_TLL4-5	97	511602
255.8125	0.1055	ripple_TLL29-30	93	511625
255.822	0.0615	ripple_TLL28-29	92	511644
255.8305	0.271	ripple_TLL22-23	87	511661
255.8325	0.0405	ripple_TLL15-16	80	511665
255.844	0.0375	ripple_TLL2-3	84	511688
255.8505	0.0275	ripple_TLL21-22	86	511701
255.859	0.041	ripple_TLL20-21	85	511718
255.862	0.0505	ripple_TLL18-19	82	511724
255.8665	0.1419999999999709	ripple_TLL30-31	95	511733
255.8685	0.0795	ripple_TLL31-32	96	511737
255.89	0.195	ripple_TBPL2-3	72	511780
255.8905	0.3695	ripple_TBPL1-2	71	511781
255.933	0.0375	ripple_TLL5-6	98	511866
255.9505	0.046	ripple_TLL15-16	80	511901
255.9585	0.0675000000000291	ripple_TLL29-30	93	511917
255.9595	0.068	ripple_TLL20-21	85	511919
255.9675	0.0680000000000291	ripple_TLL21-22	86	511935
255.988	0.2584999999999709	ripple_TLL19-20	83	511976
256.004	0.048500000000058205	ripple_TLL18-19	82	512008
256.017	0.08749999999997089	ripple_TLL1-2	74	512034
256.0565	0.03900000000005821	ripple_TLL6-7	99	512113
256.0615	0.0780000000000291	ripple_TLL27-28	91	512123
256.0625	0.1805	ripple_TLL20-21	85	512125
256.067	0.044499999999970896	ripple_TLL7-8	100	512134
256.072	0.113	ripple_TLL21-22	86	512144
256.127	0.1214999999999709	ripple_TLL14-15	79	512254
256.1385	0.04450000000002911	ripple_TBPL2-3	72	512277
256.151	0.14349999999994179	ripple_TLL15-16	80	512302
256.1525	0.034500000000029105	ripple_TLL22-23	87	512305
256.155	0.035000000000029105	ripple_TLL1-2	74	512310
256.165	0.041500000000058206	ripple_TLL31-32	96	512330
256.173	0.046	ripple_TLL29-30	93	512346
256.185	0.0380000000000291	ripple_TLL28-29	92	512370
256.187	0.0845	ripple_TLL30-31	95	512374
256.208	0.1345	ripple_TLL7-8	100	512416
256.2195	0.127	ripple_TLL23-24	88	512439
256.244	0.04650000000005821	ripple_TBPL2-3	72	512488
256.2485	0.089	ripple_TLL29-30	93	512497
256.2495	0.051999999999970896	ripple_TLL31-32	96	512499
256.2685	0.0400000000000291	ripple_TLL19-20	83	512537
256.2785	0.034499999999970894	ripple_TLL27-28	91	512557
256.279	0.039	ripple_TLL26-27	90	512558
256.2825	0.0835000000000291	ripple_TLL21-22	86	512565
256.287	0.0715	ripple_TLL20-21	85	512574
256.304	0.108	ripple_TBPL1-2	71	512608
256.305	0.0729999999999709	ripple_TLL22-23	87	512610
256.3205	0.043	ripple_TLL5-6	98	512641
256.3245	0.0625	ripple_TLL6-7	99	512649
256.328	0.04	ripple_TLL15-16	80	512656
256.329	0.067	ripple_TLL14-15	79	512658
256.332	0.067	ripple_TBPL2-3	72	512664
256.3635	0.3225	ripple_TLL29-30	93	512727
256.3715	0.03700000000005821	ripple_TBAL1-2	68	512743
256.386	0.1925	ripple_TLL21-22	86	512772
256.3865	0.0764999999999418	ripple_TLL20-21	85	512773
256.395	0.0145	fr_TLL27-28	24	512790
256.3965	0.0554999999999709	ripple_TLL31-32	96	512793
256.399	0.058	fr_TLL25-26	22	512798
256.4005	0.168	ripple_TBAL3-4	70	512801
256.4005	0.168	fr_TBAL3-4	3	512801
256.4005	0.168	frandr_TBAL3-4	37	512801
256.41	0.11950000000002911	ripple_TLL23-24	88	512820
256.4135	0.0740000000000291	ripple_TLL22-23	87	512827
256.4275	0.03549999999994179	fr_TLL1-2	7	512855
256.4315	0.0630000000000582	ripple_TLL26-27	90	512863
256.4315	0.0630000000000582	fr_TLL26-27	23	512863
256.4315	0.0630000000000582	frandr_TLL26-27	57	512863
256.433	0.0625	ripple_TLL27-28	91	512866
256.433	0.0625	fr_TLL27-28	24	512866
256.433	0.0625	frandr_TLL27-28	58	512866
256.4575	0.036	ripple_TLL15-16	80	512915
256.4585	0.08399999999994179	ripple_TLL14-15	79	512917
256.4585	0.11849999999997089	ripple_TLL2-3	84	512917
256.4715	0.0335	ripple_TLL10-11	75	512943
256.472	0.0475	ripple_TLL19-20	83	512944
256.476	0.013499999999970896	fr_TLL20-21	18	512952
256.493	0.044	ripple_TLL6-7	99	512986
256.502	0.0754999999999709	ripple_TLL30-31	95	513004
256.5035	0.0715	ripple_TLL31-32	96	513007
256.512	0.3315000000000291	ripple_TLL20-21	85	513024
256.528	0.15500000000002911	ripple_TBPL2-3	72	513056
256.532	0.0325000000000291	ripple_TLL27-28	91	513064
256.5345	0.0435	ripple_TLL26-27	90	513069
256.553	0.12	ripple_TLL1-2	74	513106
256.554	0.024	ripple_TLL7-8	100	513108
256.5545	0.018500000000029104	fr_TBAL1-2	1	513109
256.558	0.0605	ripple_TLL18-19	82	513116
256.573	0.062	ripple_TBPL3-4	73	513146
256.582	0.404	ripple_TBPL1-2	71	513164
256.5895	0.122	ripple_TBAL3-4	70	513179
256.5895	0.122	fr_TBAL3-4	3	513179
256.5895	0.122	frandr_TBAL3-4	37	513179
256.6	0.11600000000005821	ripple_TLL19-20	83	513200
256.601	0.014000000000029104	fr_TLL13-14	11	513202
256.606	0.132	ripple_TLL27-28	91	513212
256.606	0.132	fr_TLL27-28	24	513212
256.606	0.132	frandr_TLL27-28	58	513212
256.62	0.04249999999994179	ripple_TLL31-32	96	513240
256.6205	0.072	ripple_TLL4-5	97	513241
256.628	0.26499999999997087	ripple_TLL3-4	94	513256
256.6315	0.0355	ripple_TLL15-16	80	513263
256.6565	0.034999999999970895	ripple_TLL2-3	84	513313
256.677	0.08750000000002911	ripple_TLL21-22	86	513354
256.682	0.10299999999994179	ripple_TLL30-31	95	513364
256.688	0.012	fr_TBPL3-4	6	513376
256.6905	0.038	ripple_TLL18-19	82	513381
256.694	0.0395000000000291	ripple_TLL10-11	75	513388
256.6945	0.0165	fr_TLL26-27	23	513389
256.699	0.5174999999999709	ripple_TLL23-24	88	513398
256.7015	0.0464999999999709	ripple_TLL28-29	92	513403
256.707	0.125	ripple_TLL31-32	96	513414
256.736	0.101	ripple_TBAL3-4	70	513472
256.736	0.101	fr_TBAL3-4	3	513472
256.736	0.101	frandr_TBAL3-4	37	513472
256.748	0.14	ripple_TLL1-2	74	513496
256.749	0.1150000000000291	ripple_TLL22-23	87	513498
256.755	0.030500000000029105	ripple_TBPL3-4	73	513510
256.7615	0.06199999999994179	ripple_TBPL2-3	72	513523
256.7745	0.0695	ripple_TLL6-7	99	513549
256.775	0.023	fr_TLL27-28	24	513550
256.7795	0.026	fr_TBAL2-3	2	513559
256.8005	0.044499999999970896	ripple_TLL28-29	92	513601
256.8235	0.013000000000029105	fr_TLL26-27	23	513647
256.8235	0.0555	ripple_TLL29-30	93	513647
256.858	0.043999999999970896	ripple_TLL14-15	79	513716
256.8665	0.064	ripple_TLL7-8	100	513733
256.8735	0.042000000000029104	ripple_TLL19-20	83	513747
256.8765	0.048	ripple_TLL5-6	98	513753
256.882	0.0954999999999418	ripple_TBAL3-4	70	513764
256.882	0.0954999999999418	fr_TBAL3-4	3	513764
256.882	0.0954999999999418	frandr_TBAL3-4	37	513764
256.916	0.051999999999970896	ripple_TLL21-22	86	513832
256.916	0.0949999999999709	ripple_TBPL2-3	72	513832
256.9205	0.1644999999999709	ripple_TLL20-21	85	513841
256.931	0.0575	ripple_TLL31-32	96	513862
256.9655	0.030500000000029105	ripple_TBPL3-4	73	513931
256.9735	0.034999999999970895	ripple_TLL9-10	101	513947
256.9775	0.0385	ripple_TLL18-19	82	513955
256.9805	0.024999999999970896	ripple_TLL27-28	91	513961
256.9855	0.0380000000000291	ripple_TLL3-4	94	513971
256.9975	0.08650000000002911	ripple_TLL21-22	86	513995
257.0015	0.0900000000000291	ripple_TLL30-31	95	514003
257.0075	0.017	fr_TLL25-26	22	514015
257.009	0.030999999999941793	fr_TLL27-28	24	514018
257.0185	0.1525000000000291	ripple_TLL19-20	83	514037
257.033	0.1069999999999709	ripple_TLL4-5	97	514066
257.041	0.2805000000000291	ripple_TLL22-23	87	514082
257.0505	0.126	ripple_TLL28-29	92	514101
257.0505	0.126	fr_TLL28-29	25	514101
257.0505	0.126	frandr_TLL28-29	59	514101
257.0535	0.041	ripple_TLL6-7	99	514107
257.059	0.035500000000029105	ripple_TLL18-19	82	514118
257.0635	0.0615	ripple_TLL27-28	91	514127
257.0635	0.0615	fr_TLL27-28	24	514127
257.0635	0.0615	frandr_TLL27-28	58	514127
257.076	0.0635000000000291	ripple_TLL3-4	94	514152
257.0835	0.045499999999941795	ripple_TLL11-12	76	514167
257.091	0.036999999999970896	ripple_TLL26-27	90	514182
257.0965	0.016000000000029106	fr_TLL18-19	15	514193
257.105	0.059500000000029106	ripple_TLL31-32	96	514210
257.111	0.043	ripple_TBPL2-3	72	514222
257.126	0.10349999999997089	ripple_TLL7-8	100	514252
257.1265	0.050000000000029104	ripple_TLL1-2	74	514253
257.146	0.049499999999970894	ripple_TLL20-21	85	514292
257.153	0.0695	ripple_TLL9-10	101	514306
257.162	0.0805000000000291	ripple_TLL18-19	82	514324
257.1705	0.014999999999970896	fr_TBPL3-4	6	514341
257.1875	0.0465	ripple_TLL29-30	93	514375
257.188	0.0545000000000291	ripple_TBPL2-3	72	514376
257.192	0.034499999999970894	ripple_TLL31-32	96	514384
257.2145	0.0645	ripple_TLL2-3	84	514429
257.224	0.07100000000002911	ripple_TBPL1-2	71	514448
257.2265	0.07049999999997089	fr_TBAL3-4	3	514453
257.228	0.019999999999970895	fr_TBAL2-3	2	514456
257.2425	0.034499999999970894	ripple_TLL13-14	78	514485
257.263	0.166	ripple_TLL31-32	96	514526
257.276	0.031	ripple_TLL29-30	93	514552
257.279	0.0324999999999709	ripple_TLL3-4	94	514558
257.29	0.0540000000000291	ripple_TLL12-13	77	514580
257.2995	0.0645000000000291	ripple_TLL14-15	79	514599
257.3105	0.06900000000002911	ripple_TLL19-20	83	514621
257.312	0.04849999999997089	ripple_TLL20-21	85	514624
257.3135	0.036499999999970896	ripple_TBPL3-4	73	514627
257.3295	0.034999999999970895	ripple_TLL21-22	86	514659
257.3325	0.019999999999970895	fr_TBAL3-4	3	514665
257.3335	0.012	fr_TLL26-27	23	514667
257.335	0.024	fr_TLL27-28	24	514670
257.3465	0.1100000000000291	ripple_TBPL2-3	72	514693
257.351	0.2285	ripple_TLL22-23	87	514702
257.352	0.060499999999970897	ripple_TLL2-3	84	514704
257.3525	0.0525	ripple_TLL23-24	88	514705
257.3685	0.04450000000002911	ripple_TLL29-30	93	514737
257.3765	0.048	ripple_TLL30-31	95	514753
257.3785	0.2889999999999709	ripple_TLL1-2	74	514757
257.4025	0.1235000000000291	ripple_TLL18-19	82	514805
257.4065	0.0415	ripple_TLL21-22	86	514813
257.407	0.0695	ripple_TLL20-21	85	514814
257.436	0.089	ripple_TLL19-20	83	514872
257.438	0.057000000000029104	ripple_TLL4-5	97	514876
257.445	0.053	ripple_TLL2-3	84	514890
257.4465	0.04899999999997089	ripple_TLL3-4	94	514893
257.454	0.060499999999970897	ripple_TLL29-30	93	514908
257.457	0.056	ripple_TLL28-29	92	514914
257.4725	0.2085000000000291	ripple_TLL31-32	96	514945
257.4955	0.0485	ripple_TLL15-16	80	514991
257.506	0.035000000000029105	ripple_TLL20-21	85	515012
257.528	0.1290000000000291	ripple_TLL5-6	98	515056
257.5465	0.1325	ripple_TLL19-20	83	515093
257.551	0.08499999999997089	ripple_TLL12-13	77	515102
257.553	0.041	ripple_TLL28-29	92	515106
257.5565	0.057500000000029104	ripple_TLL18-19	82	515113
257.5575	0.041499999999970894	ripple_TLL11-12	76	515115
257.568	0.0645	ripple_TLL29-30	93	515136
257.5705	0.038	ripple_TLL3-4	94	515141
257.586	0.1764999999999709	ripple_TLL20-21	85	515172
257.601	0.051	ripple_TLL17-18	81	515202
257.6035	0.1375	ripple_TLL21-22	86	515207
257.6105	0.0405000000000291	ripple_TLL30-31	95	515221
257.6105	0.0415	ripple_TLL2-3	84	515221
257.615	0.041999999999970894	ripple_TLL26-27	90	515230
257.617	0.042500000000029105	ripple_TLL27-28	91	515234
257.652	0.0565000000000291	ripple_TLL11-12	76	515304
257.655	0.0550000000000291	ripple_TLL9-10	101	515310
257.664	0.1089999999999709	ripple_TBPL2-3	72	515328
257.6715	0.038	ripple_TLL28-29	92	515343
257.689	0.042000000000029104	ripple_TLL30-31	95	515378
257.6965	0.0559999999999709	ripple_TLL5-6	98	515393
257.707	0.0485	ripple_TLL1-2	74	515414
257.716	0.044499999999970896	ripple_TLL2-3	84	515432
257.7235	0.1194999999999709	ripple_TLL23-24	88	515447
257.724	0.065	ripple_TLL22-23	87	515448
257.727	0.051500000000029106	ripple_TLL31-32	96	515454
257.7385	0.0394999999999709	ripple_TLL28-29	92	515477
257.746	0.1594999999999709	ripple_TLL11-12	76	515492
257.7785	0.03999999999994179	ripple_TLL21-22	86	515557
257.7855	0.1314999999999418	ripple_TLL20-21	85	515571
257.787	0.043	ripple_TLL5-6	98	515574
257.793	0.1374999999999709	ripple_TLL1-2	74	515586
257.7975	0.0949999999999709	ripple_TLL17-18	81	515595
257.7995	0.016000000000029106	fr_TLL27-28	24	515599
257.8085	0.043999999999970896	ripple_TLL18-19	82	515617
257.8455	0.05649999999997089	ripple_TLL14-15	79	515691
257.848	0.044499999999970896	ripple_TLL13-14	78	515696
257.868	0.059500000000029106	ripple_TLL2-3	84	515736
257.8695	0.207	ripple_TLL21-22	86	515739
257.8775	0.0335	ripple_TLL29-30	93	515755
257.893	0.0620000000000291	ripple_TLL7-8	100	515786
257.8965	0.0115	fr_TLL4-5	30	515793
257.91	0.034500000000058206	ripple_TLL6-7	99	515820
257.918	0.037999999999941796	ripple_TLL19-20	83	515836
257.927	0.1715000000000291	ripple_TBPL2-3	72	515854
257.931	0.0165	fr_TLL18-19	15	515862
257.954	0.1945	ripple_TLL1-2	74	515908
257.9845	0.0395000000000291	ripple_TLL7-8	100	515969
257.9895	0.19	ripple_TLL31-32	96	515979
257.993	0.028500000000029103	fr_TBAL3-4	3	515986
257.996	0.0575	ripple_TLL2-3	84	515992
257.999	0.0865	ripple_TLL6-7	99	515998
258.0035	0.0425	ripple_TLL9-10	101	516007
258.0135	0.137	ripple_TLL19-20	83	516027
258.019	0.0759999999999418	ripple_TLL18-19	82	516038
258.0315	0.039	ripple_TLL14-15	79	516063
258.0505	0.050000000000029104	ripple_TLL30-31	95	516101
258.0545	0.0575	ripple_TLL29-30	93	516109
258.062	0.011499999999941793	fr_TLL13-14	11	516124
258.062	0.0985	ripple_TLL22-23	87	516124
258.0635	0.1125	ripple_TLL23-24	88	516127
258.101	0.068	ripple_TLL14-15	79	516202
258.122	0.08149999999994179	ripple_TBPL2-3	72	516244
258.124	0.0695	ripple_TBPL1-2	71	516248
258.1245	0.0799999999999709	ripple_TLL28-29	92	516249
258.128	0.0729999999999709	ripple_TLL27-28	91	516256
258.128	0.0729999999999709	fr_TLL27-28	24	516256
258.128	0.0729999999999709	frandr_TLL27-28	58	516256
258.131	0.0625	ripple_TLL15-16	80	516262
258.1355	0.035000000000029105	ripple_TLL18-19	82	516271
258.145	0.0534999999999709	ripple_TLL6-7	99	516290
258.1455	0.0505	fr_TBAL3-4	3	516291
258.164	0.036999999999970896	ripple_TLL29-30	93	516328
258.174	0.024499999999970896	fr_TLL14-15	12	516348
258.177	0.0215	fr_TLL20-21	18	516354
258.2165	0.11700000000002911	ripple_TLL21-22	86	516433
258.2265	0.03750000000002911	ripple_TLL3-4	94	516453
258.2295	0.0745000000000291	ripple_TLL6-7	99	516459
258.2305	0.022499999999970897	fr_TLL2-3	17	516461
258.2345	0.012500000000058208	fr_TLL20-21	18	516469
258.2375	0.037999999999941796	ripple_TBAL1-2	68	516475
258.238	0.029999999999970897	ripple_TLL19-20	83	516476
258.238	0.039	ripple_TLL18-19	82	516476
258.24	0.07049999999997089	ripple_TBPL2-3	72	516480
258.242	0.06900000000002911	fr_TBAL3-4	3	516484
258.244	0.0655000000000582	ripple_TBPL1-2	71	516488
258.2575	0.0435	ripple_TLL20-21	85	516515
258.266	0.113	ripple_TLL1-2	74	516532
258.2695	0.024	fr_TLL25-26	22	516539
258.2725	0.065	ripple_TLL27-28	91	516545
258.281	0.028999999999970896	fr_TLL9-10	34	516562
258.284	0.05649999999997089	ripple_TLL30-31	95	516568
258.284	0.05649999999997089	fr_TLL30-31	28	516568
258.284	0.05649999999997089	frandr_TLL30-31	61	516568
258.285	0.0925000000000291	ripple_TLL31-32	96	516570
258.2935	0.0974999999999709	ripple_TLL28-29	92	516587
258.2935	0.0974999999999709	fr_TLL28-29	25	516587
258.2935	0.0974999999999709	frandr_TLL28-29	59	516587
258.295	0.014999999999970896	fr_TLL17-18	14	516590
258.2975	0.034999999999970895	ripple_TLL10-11	75	516595
258.2975	0.034999999999970895	fr_TLL10-11	8	516595
258.2975	0.034999999999970895	frandr_TLL10-11	42	516595
258.2975	0.0654999999999709	ripple_TLL2-3	84	516595
258.303	0.0195	fr_TLL14-15	12	516606
258.304	0.015500000000029103	fr_TLL15-16	13	516608
258.305	0.022999999999970898	fr_TLL29-30	26	516610
258.308	0.031	fr_TLL20-21	18	516616
258.309	0.022	ripple_TLL26-27	90	516618
258.324	0.044999999999941795	ripple_TLL25-26	89	516648
258.325	0.4914999999999709	ripple_TBAL3-4	70	516650
258.325	0.4914999999999709	fr_TBAL3-4	3	516650
258.325	0.4914999999999709	frandr_TBAL3-4	37	516650
258.335	0.1480000000000291	ripple_TLL29-30	93	516670
258.338	0.0755000000000291	fr_TLL27-28	24	516676
258.339	0.1965000000000291	ripple_TLL22-23	87	516678
258.3405	0.053	ripple_TLL5-6	98	516681
258.3425	0.033500000000029104	ripple_TLL23-24	88	516685
258.343	0.051500000000029106	ripple_TLL6-7	99	516686
258.344	0.0245	fr_TBPL3-4	6	516688
258.347	0.024	fr_TBAL2-3	2	516694
258.353	0.12	ripple_TLL3-4	94	516706
258.3545	0.03950000000005821	ripple_TBPL2-3	72	516709
258.3615	0.0894999999999709	ripple_TBPL1-2	71	516723
258.364	0.036	ripple_TLL30-31	95	516728
258.3765	0.055	ripple_TLL21-22	86	516753
258.403	0.11650000000002911	ripple_TLL19-20	83	516806
258.422	0.0540000000000291	ripple_TLL1-2	74	516844
258.455	0.4119999999999709	ripple_TLL23-24	88	516910
258.4605	0.2780000000000291	ripple_TLL7-8	100	516921
258.471	0.029499999999970897	fr_TLL25-26	22	516942
258.4725	0.0920000000000582	ripple_TLL28-29	92	516945
258.4735	0.09999999999997089	ripple_TLL21-22	86	516947
258.4865	0.0660000000000291	ripple_TBPL1-2	71	516973
258.497	0.1039999999999709	ripple_TLL27-28	91	516994
258.497	0.1039999999999709	fr_TLL27-28	24	516994
258.497	0.1039999999999709	frandr_TLL27-28	58	516994
258.4975	0.0985000000000291	ripple_TLL1-2	74	516995
258.5125	0.108	ripple_TBPL2-3	72	517025
258.5295	0.053	ripple_TLL18-19	82	517059
258.5565	0.1090000000000582	ripple_TLL6-7	99	517113
258.5665	0.0395000000000291	ripple_TLL30-31	95	517133
258.5695	0.09799999999994179	ripple_TLL31-32	96	517139
258.5775	0.041	ripple_TLL20-21	85	517155
258.5825	0.093	ripple_TLL2-3	84	517165
258.585	0.017	fr_TBAL2-3	2	517170
258.5875	0.1734999999999709	ripple_TLL28-29	92	517175
258.592	0.012	fr_TLL25-26	22	517184
258.5955	0.15549999999997088	ripple_TBPL1-2	71	517191
258.6045	0.2055000000000291	ripple_TLL29-30	93	517209
258.61	0.1094999999999709	ripple_TLL21-22	86	517220
258.6115	0.012499999999970896	fr_TLL13-14	11	517223
258.624	0.0730000000000291	ripple_TLL1-2	74	517248
258.632	0.1479999999999418	ripple_TLL30-31	95	517264
258.6405	0.1419999999999709	ripple_TLL22-23	87	517281
258.6475	0.042000000000029104	ripple_TLL27-28	91	517295
258.6475	0.042000000000029104	fr_TLL27-28	24	517295
258.6475	0.042000000000029104	frandr_TLL27-28	58	517295
258.652	0.010499999999970895	fr_TLL12-13	10	517304
258.655	0.042000000000029104	ripple_TLL17-18	81	517310
258.6665	0.0534999999999709	ripple_TLL20-21	85	517333
258.6895	0.1339999999999418	ripple_TLL31-32	96	517379
258.6935	0.0625	ripple_TBPL2-3	72	517387
258.6965	0.046	ripple_TLL6-7	99	517393
258.7075	0.048	ripple_TLL14-15	79	517415
258.7115	0.077	ripple_TLL19-20	83	517423
258.724	0.1360000000000291	ripple_TLL15-16	80	517448
258.7305	0.11799999999997089	ripple_TLL2-3	84	517461
258.7355	0.027	fr_TLL25-26	22	517471
258.7375	0.1744999999999709	ripple_TLL1-2	74	517475
258.7575	0.1745000000000291	ripple_TLL21-22	86	517515
258.7775	0.0385	ripple_TLL27-28	91	517555
258.7925	0.044000000000029106	ripple_TLL13-14	78	517585
258.802	0.050000000000029104	ripple_TLL11-12	76	517604
258.806	0.0609999999999709	ripple_TLL30-31	95	517612
258.811	0.105	ripple_TBPL2-3	72	517622
258.828	0.0395000000000291	ripple_TLL22-23	87	517656
258.8345	0.0895	ripple_TLL29-30	93	517669
258.84	0.0920000000000291	ripple_TLL7-8	100	517680
258.842	0.17	ripple_TLL19-20	83	517684
258.85	0.0765000000000291	ripple_TLL18-19	82	517700
258.8585	0.011000000000029105	fr_TLL25-26	22	517717
258.8605	0.0485	ripple_TLL31-32	96	517721
258.8685	0.016	fr_TLL2-3	17	517737
258.874	0.1365000000000291	ripple_TLL14-15	79	517748
258.8845	0.018	fr_TLL27-28	24	517769
258.8955	0.033500000000029104	ripple_TLL28-29	92	517791
258.942	0.06	ripple_TLL20-21	85	517884
258.9635	0.053	ripple_TLL22-23	87	517927
258.9675	0.1655000000000291	ripple_TBPL1-2	71	517935
258.9785	0.0620000000000291	ripple_TBPL2-3	72	517957
259.0015	0.034000000000058206	ripple_TLL28-29	92	518003
259.015	0.0765	ripple_TLL1-2	74	518030
259.0155	0.045	ripple_TLL12-13	77	518031
259.0215	0.23449999999994178	ripple_TLL30-31	95	518043
259.0285	0.079	fr_TBAL3-4	3	518057
259.0325	0.1995	ripple_TLL19-20	83	518065
259.0365	0.0640000000000291	ripple_TLL20-21	85	518073
259.043	0.055	ripple_TLL15-16	80	518086
259.0465	0.1714999999999709	ripple_TLL7-8	100	518093
259.051	0.05	ripple_TLL31-32	96	518102
259.0685	0.0470000000000291	ripple_TBPL2-3	72	518137
259.0715	0.11499999999994179	ripple_TLL6-7	99	518143
259.0735	0.096	ripple_TLL17-18	81	518147
259.076	0.07150000000002911	ripple_TLL22-23	87	518152
259.0775	0.0435	ripple_TLL28-29	92	518155
259.078	0.0769999999999709	ripple_TLL23-24	88	518156
259.094	0.0394999999999709	ripple_TLL4-5	97	518188
259.097	0.0385	ripple_TLL13-14	78	518194
259.1255	0.0810000000000291	ripple_TLL31-32	96	518251
259.133	0.1085	ripple_TLL21-22	86	518266
259.134	0.03349999999994179	ripple_TLL29-30	93	518268
259.1425	0.072	ripple_TLL2-3	84	518285
259.1555	0.043	ripple_TLL1-2	74	518311
259.1605	0.05499999999994179	ripple_TLL9-10	101	518321
259.1735	0.0295	ripple_TLL28-29	92	518347
259.176	0.041	ripple_TBAL3-4	70	518352
259.176	0.041	fr_TBAL3-4	3	518352
259.176	0.041	frandr_TBAL3-4	37	518352
259.176	0.0455	ripple_TLL10-11	75	518352
259.1765	0.072	ripple_TLL11-12	76	518353
259.1835	0.0865	ripple_TLL20-21	85	518367
259.188	0.0634999999999709	ripple_TLL27-28	91	518376
259.188	0.0725	ripple_TLL26-27	90	518376
259.225	0.15550000000002911	ripple_TBPL2-3	72	518450
259.2275	0.0610000000000291	ripple_TLL31-32	96	518455
259.2395	0.041500000000058206	ripple_TLL15-16	80	518479
259.248	0.041	ripple_TLL14-15	79	518496
259.257	0.15499999999997088	ripple_TLL18-19	82	518514
259.2605	0.057999999999970894	ripple_TLL1-2	74	518521
259.264	0.036	ripple_TLL29-30	93	518528
259.269	0.2799999999999709	ripple_TLL19-20	83	518538
259.2725	0.057	ripple_TLL28-29	92	518545
259.2745	0.017	fr_TBAL3-4	3	518549
259.275	0.029	ripple_TBPL1-2	71	518550
259.2795	0.041499999999970894	ripple_TLL2-3	84	518559
259.294	0.0400000000000291	ripple_TBPL3-4	73	518588
259.2995	0.1285000000000291	ripple_TLL27-28	91	518599
259.307	0.010999999999970896	fr_TLL26-27	23	518614
259.315	0.044	ripple_TLL14-15	79	518630
259.3225	0.15499999999997088	fr_TBAL3-4	3	518645
259.337	0.048	ripple_TLL4-5	97	518674
259.3565	0.0464999999999709	ripple_TLL11-12	76	518713
259.3565	0.065	ripple_TLL7-8	100	518713
259.3615	0.1204999999999709	ripple_TLL31-32	96	518723
259.3675	0.034499999999970894	ripple_TLL5-6	98	518735
259.3675	0.044999999999941795	ripple_TLL21-22	86	518735
259.373	0.101	ripple_TLL15-16	80	518746
259.387	0.0345	ripple_TBPL3-4	73	518774
259.3925	0.031	ripple_TLL6-7	99	518785
259.3955	0.06850000000002911	ripple_TLL14-15	79	518791
259.399	0.0365	ripple_TLL29-30	93	518798
259.403	0.0645	ripple_TBPL2-3	72	518806
259.4125	0.08450000000005821	ripple_TLL23-24	88	518825
259.426	0.4765	ripple_TLL1-2	74	518852
259.434	0.04500000000002911	ripple_TLL28-29	92	518868
259.473	0.030499999999970898	ripple_TLL30-31	95	518946
259.487	0.03200000000005821	ripple_TLL2-3	84	518974
259.5015	0.0400000000000291	ripple_TLL27-28	91	519003
259.507	0.0335	ripple_TLL5-6	98	519014
259.524	0.068	ripple_TBPL2-3	72	519048
259.55	0.13649999999994178	ripple_TLL21-22	86	519100
259.561	0.064	ripple_TLL29-30	93	519122
259.5675	0.0455	ripple_TLL15-16	80	519135
259.572	0.0740000000000291	ripple_TLL28-29	92	519144
259.5765	0.04899999999997089	ripple_TLL19-20	83	519153
259.6055	0.1509999999999418	ripple_TLL31-32	96	519211
259.6165	0.11650000000002911	ripple_TLL30-31	95	519233
259.617	0.0835000000000291	ripple_TLL18-19	82	519234
259.618	0.036	ripple_TLL6-7	99	519236
259.618	0.1719999999999709	ripple_TLL20-21	85	519236
259.6195	0.0959999999999418	ripple_TLL5-6	98	519239
259.6295	0.0525	ripple_TBPL2-3	72	519259
259.638	0.077	ripple_TLL17-18	81	519276
259.6465	0.1094999999999418	ripple_TLL23-24	88	519293
259.652	0.072	ripple_TLL29-30	93	519304
259.6545	0.043	ripple_TBPL1-2	71	519309
259.6675	0.0645	ripple_TLL28-29	92	519335
259.6785	0.050999999999970895	ripple_TLL12-13	77	519357
259.6795	0.0540000000000291	ripple_TLL6-7	99	519359
259.688	0.0915	ripple_TLL19-20	83	519376
259.705	0.07100000000002911	ripple_TLL15-16	80	519410
259.7155	0.0885000000000291	ripple_TLL21-22	86	519431
259.7155	0.1360000000000291	ripple_TLL14-15	79	519431
259.7255	0.2949999999999418	ripple_TLL18-19	82	519451
259.7325	0.0745	ripple_TLL22-23	87	519465
259.737	0.031	ripple_TLL26-27	90	519474
259.7505	0.06	ripple_TLL12-13	77	519501
259.7555	0.0325000000000291	ripple_TBPL3-4	73	519511
259.7595	0.0405000000000291	ripple_TLL17-18	81	519519
259.7805	0.0325000000000291	ripple_TLL2-3	84	519561
259.7915	0.036999999999970896	ripple_TLL9-10	101	519583
259.7935	0.1085	ripple_TLL6-7	99	519587
259.7975	0.09799999999994179	ripple_TLL5-6	98	519595
259.8115	0.041500000000058206	ripple_TLL20-21	85	519623
259.8135	0.1395	ripple_TLL19-20	83	519627
259.836	0.2204999999999418	ripple_TLL2-3	84	519672
259.8465	0.152	ripple_TLL31-32	96	519693
259.857	0.0645000000000291	ripple_TLL27-28	91	519714
259.86	0.11949999999994179	ripple_TLL22-23	87	519720
259.91	0.03900000000005821	ripple_TLL20-21	85	519820
259.918	0.036	ripple_TLL3-4	94	519836
259.926	0.1039999999999709	ripple_TLL1-2	74	519852
259.933	0.0625	ripple_TLL23-24	88	519866
259.9345	0.051499999999970895	ripple_TLL7-8	100	519869
259.9355	0.1050000000000291	ripple_TBPL2-3	72	519871
259.948	0.042000000000029104	ripple_TLL21-22	86	519896
259.983	0.061499999999941796	ripple_TLL29-30	93	519966
259.9895	0.0830000000000291	ripple_TBPL1-2	71	519979
260.002	0.358	ripple_TLL22-23	87	520004
260.023	0.07300000000005821	ripple_TLL9-10	101	520046
260.036	0.1115	ripple_TLL20-21	85	520072
260.0545	0.02950000000005821	ripple_TLL31-32	96	520109
260.0635	0.081	ripple_TLL15-16	80	520127
260.0705	0.6795	ripple_TLL23-24	88	520141
260.077	0.0775	ripple_TLL30-31	95	520154
260.081	0.03850000000005821	ripple_TLL18-19	82	520162
260.0865	0.057500000000029104	ripple_TLL29-30	93	520173
260.0895	0.0779999999999709	ripple_TLL21-22	86	520179
260.094	0.0485	ripple_TBPL2-3	72	520188
260.1135	0.079	ripple_TLL31-32	96	520227
260.1205	0.0895	ripple_TLL3-4	94	520241
260.1225	0.060000000000029106	ripple_TLL27-28	91	520245
260.124	0.0635000000000291	ripple_TLL19-20	83	520248
260.169	0.012	fr_TLL15-16	13	520338
260.1715	0.091	ripple_TBPL2-3	72	520343
260.1715	0.1035	ripple_TLL7-8	100	520343
260.1735	0.035500000000029105	ripple_TLL4-5	97	520347
260.174	0.017	fr_TLL25-26	22	520348
260.203	0.112	ripple_TLL20-21	85	520406
260.2145	0.084	ripple_TLL19-20	83	520429
260.255	0.1340000000000291	ripple_TLL14-15	79	520510
260.259	0.0804999999999709	ripple_TLL15-16	80	520518
260.2815	0.0394999999999709	ripple_TLL1-2	74	520563
260.2935	0.0400000000000291	ripple_TBPL2-3	72	520587
260.304	0.064	ripple_TLL31-32	96	520608
260.315	0.0515	ripple_TLL30-31	95	520630
260.3275	0.0729999999999709	ripple_TLL21-22	86	520655
260.34	0.0964999999999709	ripple_TLL20-21	85	520680
260.347	0.0575	ripple_TLL19-20	83	520694
260.356	0.039	ripple_TLL1-2	74	520712
260.36	0.034999999999970895	ripple_TLL18-19	82	520720
260.3845	0.2425000000000291	ripple_TLL29-30	93	520769
260.3855	0.043999999999970896	ripple_TLL7-8	100	520771
260.388	0.1740000000000291	ripple_TLL30-31	95	520776
260.401	0.2264999999999709	ripple_TLL31-32	96	520802
260.431	0.1385000000000291	ripple_TLL22-23	87	520862
260.445	0.068	ripple_TLL19-20	83	520890
260.446	0.0620000000000291	ripple_TLL6-7	99	520892
260.4475	0.075	ripple_TLL28-29	92	520895
260.448	0.0395000000000291	ripple_TBPL2-3	72	520896
260.4515	0.0319999999999709	ripple_TLL2-3	84	520903
260.4535	0.1050000000000291	ripple_TLL1-2	74	520907
260.46	0.0835	ripple_TLL9-10	101	520920
260.4975	0.0740000000000291	ripple_TLL21-22	86	520995
260.5205	0.1480000000000291	ripple_TLL14-15	79	521041
260.522	0.0415	ripple_TLL13-14	78	521044
260.56	0.0455000000000291	ripple_TLL5-6	98	521120
260.5655	0.0575	ripple_TLL9-10	101	521131
260.574	0.0675	ripple_TLL27-28	91	521148
260.586	0.06799999999997089	ripple_TLL25-26	89	521172
260.5865	0.0639999999999709	ripple_TLL2-3	84	521173
260.587	0.087	ripple_TBPL2-3	72	521174
260.591	0.0505	ripple_TLL26-27	90	521182
260.5955	0.1319999999999418	ripple_TLL19-20	83	521191
260.6135	0.042500000000029105	ripple_TLL28-29	92	521227
260.627	0.041	ripple_TLL13-14	78	521254
260.6405	0.055	ripple_TLL18-19	82	521281
260.6755	0.2224999999999709	ripple_TLL1-2	74	521351
260.6825	0.03999999999994179	ripple_TLL2-3	84	521365
260.6955	0.0355	ripple_TLL29-30	93	521391
260.6955	0.053	ripple_TLL10-11	75	521391
260.7045	0.0435	ripple_TBPL2-3	72	521409
260.705	0.062	ripple_TLL6-7	99	521410
260.714	0.0539999999999709	ripple_TLL22-23	87	521428
260.741	0.1625000000000291	ripple_TLL31-32	96	521482
260.7445	0.013499999999970896	fr_TLL25-26	22	521489
260.7555	0.0395000000000291	ripple_TLL18-19	82	521511
260.7665	0.0335	ripple_TLL12-13	77	521533
260.7665	0.041	ripple_TLL14-15	79	521533
260.768	0.03700000000005821	ripple_TLL21-22	86	521536
260.775	0.0395000000000291	ripple_TLL19-20	83	521550
260.7835	0.0645	ripple_TLL3-4	94	521567
260.8015	0.033	ripple_TLL2-3	84	521603
260.8245	0.050000000000029104	ripple_TLL20-21	85	521649
260.834	0.11599999999997089	ripple_TLL6-7	99	521668
260.837	0.024999999999970896	ripple_TLL23-24	88	521674
260.8505	0.04049999999994179	ripple_TLL4-5	97	521701
260.851	0.21850000000002912	ripple_TLL19-20	83	521702
260.8705	0.06	ripple_TLL14-15	79	521741
260.8765	0.05100000000005821	ripple_TLL15-16	80	521753
260.8785	0.0285	ripple_TLL29-30	93	521757
260.8795	0.0625	ripple_TBPL1-2	71	521759
260.88	0.1460000000000291	ripple_TLL30-31	95	521760
260.8945	0.031	ripple_TLL2-3	84	521789
260.8975	0.0565000000000291	ripple_TLL21-22	86	521795
260.906	0.0459999999999709	ripple_TLL7-8	100	521812
260.9175	0.034500000000029105	ripple_TLL3-4	94	521835
260.9175	0.1785000000000582	ripple_TBAL3-4	70	521835
260.9175	0.1785000000000582	fr_TBAL3-4	3	521835
260.9175	0.1785000000000582	frandr_TBAL3-4	37	521835
260.922	0.034500000000058206	ripple_TLL27-28	91	521844
260.932	0.0795	ripple_TLL20-21	85	521864
260.934	0.2160000000000291	ripple_TLL1-2	74	521868
260.9355	0.1465	ripple_TLL18-19	82	521871
260.94	0.0175	fr_TBAL2-3	2	521880
260.9435	0.043000000000029105	ripple_TLL23-24	88	521887
260.965	0.034500000000029105	fr_TLL27-28	24	521930
261.006	0.08550000000002911	ripple_TLL26-27	90	522012
261.011	0.08950000000005821	ripple_TLL7-8	100	522022
261.0245	0.0930000000000291	ripple_TLL21-22	86	522049
261.026	0.09949999999997089	ripple_TBPL3-4	73	522052
261.026	0.125	ripple_TLL23-24	88	522052
261.0305	0.03700000000002911	ripple_TLL31-32	96	522061
261.0315	0.02	fr_TLL27-28	24	522063
261.062	0.0389999999999709	ripple_TLL4-5	97	522124
261.074	0.06849999999997089	ripple_TLL29-30	93	522148
261.078	0.0645	ripple_TBPL1-2	71	522156
261.0875	0.0495	ripple_TLL22-23	87	522175
261.111	0.0455	ripple_TLL6-7	99	522222
261.113	0.0815000000000291	ripple_TLL19-20	83	522226
261.114	0.0459999999999709	ripple_TLL15-16	80	522228
261.1145	0.050000000000029104	ripple_TLL27-28	91	522229
261.1145	0.050000000000029104	fr_TLL27-28	24	522229
261.1145	0.050000000000029104	frandr_TLL27-28	58	522229
261.115	0.1479999999999709	ripple_TLL20-21	85	522230
261.1215	0.08700000000005821	ripple_TBPL2-3	72	522243
261.1315	0.052000000000029106	ripple_TLL18-19	82	522263
261.1565	0.079	ripple_TLL5-6	98	522313
261.158	0.0125	fr_TLL17-18	14	522316
261.163	0.1209999999999709	ripple_TBPL3-4	73	522326
261.1775	0.04749999999994179	ripple_TLL6-7	99	522355
261.188	0.0605	fr_TBAL3-4	3	522376
261.2105	0.042000000000029104	ripple_TLL10-11	75	522421
261.215	0.334	ripple_TLL29-30	93	522430
261.2175	0.087	ripple_TLL30-31	95	522435
261.226	0.133	ripple_TLL1-2	74	522452
261.2325	0.14149999999994178	ripple_TBPL2-3	72	522465
261.2365	0.0115	fr_TLL27-28	24	522473
261.2425	0.0335	ripple_TLL22-23	87	522485
261.245	0.2564999999999418	ripple_TLL19-20	83	522490
261.248	0.193	ripple_TBPL1-2	71	522496
261.25	0.063	ripple_TLL28-29	92	522500
261.284	0.058499999999970895	ripple_TLL20-21	85	522568
261.284	0.0625	ripple_TLL6-7	99	522568
261.287	0.16	ripple_TLL7-8	100	522574
261.291	0.0399999999999709	ripple_TLL2-3	84	522582
261.2925	0.043	ripple_TLL14-15	79	522585
261.298	0.0315	ripple_TLL3-4	94	522596
261.3	0.185	ripple_TLL21-22	86	522600
261.309	0.04500000000002911	ripple_TLL27-28	91	522618
261.3105	0.0415	ripple_TLL17-18	81	522621
261.318	0.0749999999999709	ripple_TLL18-19	82	522636
261.3325	0.0969999999999709	ripple_TLL31-32	96	522665
261.3355	0.3765000000000291	ripple_TLL22-23	87	522671
261.3375	0.059000000000029106	fr_TBAL3-4	3	522675
261.361	0.1429999999999709	ripple_TLL28-29	92	522722
261.378	0.0365	ripple_TLL6-7	99	522756
261.379	0.0565000000000291	ripple_TLL23-24	88	522758
261.3925	0.053	ripple_TLL15-16	80	522785
261.4115	0.058	ripple_TLL20-21	85	522823
261.4175	0.10150000000005821	ripple_TBPL2-3	72	522835
261.423	0.037	fr_TBAL3-4	3	522846
261.4305	0.0645000000000291	ripple_TBPL3-4	73	522861
261.445	0.111	ripple_TLL2-3	84	522890
261.446	0.04650000000005821	ripple_TLL9-10	101	522892
261.4725	0.1105	ripple_TLL1-2	74	522945
261.478	0.041999999999970894	ripple_TLL14-15	79	522956
261.4995	0.025999999999941792	fr_TBAL3-4	3	522999
261.507	0.044499999999970896	ripple_TLL23-24	88	523014
261.522	0.0675	ripple_TLL6-7	99	523044
261.5225	0.144	ripple_TLL7-8	100	523045
261.5295	0.099	ripple_TLL31-32	96	523059
261.537	0.3265	ripple_TBPL1-2	71	523074
261.538	0.058	ripple_TLL5-6	98	523076
261.556	0.1295	ripple_TLL11-12	76	523112
261.5585	0.0905	ripple_TLL19-20	83	523117
261.5635	0.0525	ripple_TLL21-22	86	523127
261.564	0.059000000000029106	ripple_TLL20-21	85	523128
261.5665	0.0655000000000582	ripple_TBPL3-4	73	523133
261.585	0.045	ripple_TBPL2-3	72	523170
261.5965	0.0485	ripple_TLL29-30	93	523193
261.606	0.034	ripple_TLL10-11	75	523212
261.6085	0.0400000000000291	ripple_TLL30-31	95	523217
261.6225	0.044499999999970896	ripple_TLL26-27	90	523245
261.641	0.2510000000000291	ripple_TLL23-24	88	523282
261.653	0.056000000000058205	ripple_TLL21-22	86	523306
261.6595	0.064	ripple_TBPL2-3	72	523319
261.6705	0.04749999999994179	ripple_TLL20-21	85	523341
261.7045	0.1375	ripple_TLL2-3	84	523409
261.725	0.034500000000029105	ripple_TLL30-31	95	523450
261.736	0.027	ripple_TLL19-20	83	523472
261.751	0.0715	ripple_TLL31-32	96	523502
261.7545	0.012	fr_TBAL3-4	3	523509
261.775	0.04450000000002911	ripple_TLL20-21	85	523550
261.7805	0.042000000000029104	ripple_TLL21-22	86	523561
261.7825	0.0760000000000291	ripple_TBAL3-4	70	523565
261.7825	0.0760000000000291	fr_TBAL3-4	3	523565
261.7825	0.0760000000000291	frandr_TBAL3-4	37	523565
261.795	0.08849999999994179	ripple_TLL22-23	87	523590
261.7975	0.029499999999970897	ripple_TLL19-20	83	523595
261.8095	0.013499999999970896	fr_TBAL2-3	2	523619
261.8105	0.1125	ripple_TBPL2-3	72	523621
261.8115	0.1095000000000291	ripple_TLL29-30	93	523623
261.845	0.1075000000000291	ripple_TLL30-31	95	523690
261.8525	0.1220000000000291	ripple_TLL19-20	83	523705
261.8565	0.041	ripple_TLL15-16	80	523713
261.8615	0.0995000000000291	ripple_TLL14-15	79	523723
261.878	0.046	ripple_TLL7-8	100	523756
261.891	0.125	ripple_TLL20-21	85	523782
261.896	0.022999999999970898	fr_TBAL3-4	3	523792
261.9005	0.10150000000005821	ripple_TLL31-32	96	523801
261.9085	0.1175	ripple_TLL22-23	87	523817
261.921	0.125	ripple_TLL23-24	88	523842
261.94	0.0365	ripple_TLL25-26	89	523880
261.953	0.0540000000000291	ripple_TBPL3-4	73	523906
261.961	0.05499999999994179	ripple_TLL7-8	100	523922
261.961	0.1054999999999418	ripple_TLL29-30	93	523922
261.9615	0.121	ripple_TLL6-7	99	523923
261.975	0.1640000000000582	ripple_TBPL1-2	71	523950
261.9915	0.11799999999997089	ripple_TLL18-19	82	523983
262.0065	0.0640000000000291	ripple_TLL21-22	86	524013
262.062	0.052499999999941795	ripple_TLL1-2	74	524124
262.0745	0.0544999999999709	ripple_TLL15-16	80	524149
262.078	0.0705	ripple_TLL3-4	94	524156
262.1015	0.0895	ripple_TLL28-29	92	524203
262.1045	0.1095000000000291	ripple_TLL22-23	87	524209
262.105	0.0390000000000291	ripple_TBPL2-3	72	524210
262.108	0.050999999999970895	ripple_TLL14-15	79	524216
262.119	0.0455000000000291	ripple_TLL20-21	85	524238
262.1325	0.0345	ripple_TLL31-32	96	524265
262.1375	0.184	ripple_TLL29-30	93	524275
262.161	0.03	ripple_TLL19-20	83	524322
262.165	0.0305	ripple_TLL13-14	78	524330
262.169	0.1495	ripple_TLL7-8	100	524338
262.171	0.155	ripple_TBPL1-2	71	524342
262.172	0.134	ripple_TLL30-31	95	524344
262.177	0.05	ripple_TLL9-10	101	524354
262.1885	0.0615	ripple_TLL21-22	86	524377
262.196	0.1405	ripple_TLL6-7	99	524392
262.2135	0.059	ripple_TLL28-29	92	524427
262.237	0.0675	ripple_TLL20-21	85	524474
262.247	0.1425	ripple_TLL1-2	74	524494
262.2745	0.0365	ripple_TLL23-24	88	524549
262.2775	0.0395	ripple_TLL9-10	101	524555
262.2795	0.1485	ripple_TLL14-15	79	524559
262.2905	0.0485	ripple_TLL18-19	82	524581
262.3025	0.1105	ripple_TLL15-16	80	524605
262.306	0.043	ripple_TLL31-32	96	524612
262.3255	0.0785	ripple_TLL21-22	86	524651
262.328	0.038	ripple_TLL27-28	91	524656
262.339	0.1765	ripple_TLL22-23	87	524678
262.3395	0.0575	ripple_TLL20-21	85	524679
262.3425	0.1425	ripple_TLL19-20	83	524685
262.343	0.289	ripple_TLL23-24	88	524686
262.3475	0.0205	fr_TLL4-5	30	524695
262.3485	0.04	ripple_TLL13-14	78	524697
262.361	0.0335	ripple_TLL29-30	93	524722
262.3765	0.091	ripple_TBPL1-2	71	524753
262.3785	0.058	ripple_TLL25-26	89	524757
262.4005	0.032	ripple_TLL5-6	98	524801
262.401	0.0555	ripple_TLL18-19	82	524802
262.417	0.0455	ripple_TLL6-7	99	524834
262.4515	0.0365	ripple_TLL28-29	92	524903
262.4675	0.0465	ripple_TLL2-3	84	524935
262.468	0.0905	ripple_TLL29-30	93	524936
262.4895	0.0675	ripple_TLL30-31	95	524979
262.4925	0.074	ripple_TLL1-2	74	524985
262.498	0.0435	ripple_TLL21-22	86	524996
262.5055	0.071	ripple_TBPL1-2	71	525011
262.514	0.0525	ripple_TLL10-11	75	525028
262.5225	0.0375	ripple_TLL19-20	83	525045
262.531	0.063	ripple_TLL28-29	92	525062
262.539	0.0425	ripple_TLL14-15	79	525078
262.5415	0.0405	ripple_TLL5-6	98	525083
262.5425	0.061	ripple_TLL6-7	99	525085
262.5515	0.231	ripple_TLL31-32	96	525103
262.553	0.0395	ripple_TLL15-16	80	525106
262.5535	0.0495	ripple_TLL17-18	81	525107
262.5565	0.0445	ripple_TLL9-10	101	525113
262.587	0.0695	ripple_TLL29-30	93	525174
262.5995	0.0295	ripple_TLL22-23	87	525199
262.6185	0.072	ripple_TLL26-27	90	525237
262.621	0.057	ripple_TLL20-21	85	525242
262.622	0.0835	ripple_TLL7-8	100	525244
262.6315	0.039	ripple_TLL17-18	81	525263
262.641	0.0625	ripple_TLL6-7	99	525282
262.643	0.095	ripple_TLL1-2	74	525286
262.6445	0.039	ripple_TLL15-16	80	525289
262.656	0.099	ripple_TLL23-24	88	525312
262.6575	0.186	ripple_TLL22-23	87	525315
262.66	0.153	ripple_TBPL1-2	71	525320
262.676	0.0705	ripple_TLL3-4	94	525352
262.696	0.0585	ripple_TLL4-5	97	525392
262.7095	0.0395	ripple_TLL18-19	82	525419
262.713	0.042	ripple_TLL29-30	93	525426
262.744	0.037	ripple_TLL2-3	84	525488
262.749	0.2365	ripple_TBPL2-3	72	525498
262.7645	0.052	ripple_TLL28-29	92	525529
262.8015	0.0745	ripple_TLL21-22	86	525603
262.8245	0.033	ripple_TBPL3-4	73	525649
262.829	0.0685	ripple_TLL14-15	79	525658
262.836	0.16	ripple_TBPL1-2	71	525672
262.842	0.2125	ripple_TLL1-2	74	525684
262.854	0.0335	ripple_TLL10-11	75	525708
262.866	0.131	ripple_TLL15-16	80	525732
262.881	0.099	ripple_TLL29-30	93	525762
262.8825	0.0285	ripple_TLL31-32	96	525765
262.8835	0.0545	ripple_TLL6-7	99	525767
262.8835	0.0965	ripple_TLL30-31	95	525767
262.9015	0.103	ripple_TLL22-23	87	525803
262.908	0.0325	ripple_TLL19-20	83	525816
262.9395	0.055	ripple_TLL21-22	86	525879
262.9555	0.0465	ripple_TLL20-21	85	525911
262.957	0.047	ripple_TLL27-28	91	525914
262.958	0.0905	ripple_TLL17-18	81	525916
262.9585	0.046	ripple_TLL26-27	90	525917
262.971	0.1245	ripple_TLL19-20	83	525942
262.9895	0.419	ripple_TLL31-32	96	525979
262.9905	0.0705	ripple_TLL18-19	82	525981
263.0005	0.129	ripple_TLL23-24	88	526001
263.0135	0.0655	ripple_TBPL2-3	72	526027
263.024	0.0645	ripple_TLL5-6	98	526048
263.026	0.0335	ripple_TLL22-23	87	526052
263.027	0.08	ripple_TLL7-8	100	526054
263.028	0.0755	ripple_TLL6-7	99	526056
263.0565	0.0445	ripple_TLL20-21	85	526113
263.0685	0.0485	ripple_TLL30-31	95	526137
263.101	0.1005	ripple_TLL2-3	84	526202
263.101	0.1215	ripple_TLL1-2	74	526202
263.11	0.035	ripple_TBPL3-4	73	526220
263.12	0.213	ripple_TBPL1-2	71	526240
263.133	0.044	ripple_TLL28-29	92	526266
263.1345	0.044	ripple_TLL14-15	79	526269
263.158	0.0925	ripple_TLL23-24	88	526316
263.1625	0.044	ripple_TLL27-28	91	526325
263.174	0.0435	ripple_TLL9-10	101	526348
263.1815	0.053	ripple_TLL15-16	80	526363
263.22	0.108	ripple_TLL30-31	95	526440
263.231	0.0695	ripple_TLL18-19	82	526462
263.249	0.078	ripple_TLL29-30	93	526498
263.264	0.059	ripple_TLL6-7	99	526528
263.287	0.049	ripple_TBPL2-3	72	526574
263.2925	0.1395	ripple_TLL1-2	74	526585
263.3085	0.1075	ripple_TLL23-24	88	526617
263.3105	0.0505	ripple_TLL21-22	86	526621
263.313	0.046	ripple_TBPL3-4	73	526626
263.313	0.0885	ripple_TLL27-28	91	526626
263.3175	0.0355	ripple_TLL20-21	85	526635
263.358	0.035	ripple_TLL13-14	78	526716
263.36	0.036	ripple_TLL14-15	79	526720
263.3905	0.032	ripple_TLL22-23	87	526781
263.4	0.1615	ripple_TLL20-21	85	526800
263.408	0.03	ripple_TLL2-3	84	526816
263.4125	0.0425	ripple_TLL19-20	83	526825
263.413	0.12	ripple_TLL28-29	92	526826
263.413	0.12	fr_TLL28-29	25	526826
263.413	0.12	frandr_TLL28-29	59	526826
263.4215	0.059	ripple_TLL7-8	100	526843
263.429	0.025	ripple_TLL5-6	98	526858
263.4325	0.051	ripple_TLL4-5	97	526865
263.438	0.014	fr_TLL31-32	29	526876
263.441	0.0105	fr_TLL10-11	8	526882
263.4465	0.078	ripple_TLL21-22	86	526893
263.452	0.068	ripple_TLL31-32	96	526904
263.4545	0.039	ripple_TLL11-12	76	526909
263.4555	0.12	ripple_TBPL2-3	72	526911
263.4565	0.05	ripple_TLL1-2	74	526913
263.4595	0.0385	ripple_TLL29-30	93	526919
263.4715	0.1965	ripple_TBPL1-2	71	526943
263.487	0.0485	ripple_TLL6-7	99	526974
263.502	0.046	ripple_TLL7-8	100	527004
263.547	0.0945	ripple_TLL14-15	79	527094
263.6	0.0355	ripple_TLL4-5	97	527200
263.6065	0.15	ripple_TLL6-7	99	527213
263.608	0.0535	ripple_TLL27-28	91	527216
263.609	0.058	ripple_TLL19-20	83	527218
263.6115	0.071	ripple_TLL23-24	88	527223
263.6115	0.082	ripple_TLL22-23	87	527223
263.619	0.0415	fr_TBAL3-4	3	527238
263.6255	0.0665	ripple_TLL7-8	100	527251
263.626	0.0525	ripple_TLL2-3	84	527252
263.6365	0.0995	ripple_TLL29-30	93	527273
263.637	0.0595	ripple_TLL20-21	85	527274
263.644	0.0365	ripple_TLL3-4	94	527288
263.687	0.161	ripple_TLL1-2	74	527374
263.6885	0.0255	fr_TBAL3-4	3	527377
263.6935	0.0295	ripple_TLL27-28	91	527387
263.703	0.0545	ripple_TLL4-5	97	527406
263.7065	0.0465	ripple_TLL14-15	79	527413
263.7075	0.0665	ripple_TLL15-16	80	527415
263.7085	0.088	ripple_TLL2-3	84	527417
263.712	0.139	ripple_TBPL2-3	72	527424
263.763	0.1305	ripple_TLL20-21	85	527526
263.7695	0.073	ripple_TLL22-23	87	527539
263.77	0.1585	ripple_TLL23-24	88	527540
263.781	0.076	ripple_TLL31-32	96	527562
263.782	0.063	ripple_TLL18-19	82	527564
263.7965	0.095	ripple_TLL14-15	79	527593
263.8005	0.0515	ripple_TLL6-7	99	527601
263.814	0.055	ripple_TLL5-6	98	527628
263.8295	0.1405	ripple_TLL19-20	83	527659
263.852	0.0395	ripple_TLL11-12	76	527704
263.8735	0.0785	ripple_TLL1-2	74	527747
263.8775	0.051	ripple_TLL22-23	87	527755
263.8775	0.183	ripple_TBPL2-3	72	527755
263.879	0.0295	ripple_TLL28-29	92	527758
263.8805	0.1235	ripple_TLL29-30	93	527761
263.8815	0.043	ripple_TLL3-4	94	527763
263.8835	0.0145	fr_TBAL2-3	2	527767
263.902	0.0775	ripple_TLL30-31	95	527804
263.912	0.0695	ripple_TLL4-5	97	527824
263.914	0.0475	ripple_TLL2-3	84	527828
263.917	0.069	ripple_TLL15-16	80	527834
263.947	0.032	ripple_TLL20-21	85	527894
263.9495	0.041	ripple_TBPL3-4	73	527899
263.9915	0.084	ripple_TLL19-20	83	527983
264.0035	0.0455	ripple_TLL18-19	82	528007
264.0165	0.034	ripple_TLL13-14	78	528033
264.0185	0.175	ripple_TLL7-8	100	528037
264.0245	0.1365	ripple_TLL21-22	86	528049
264.0255	0.0495	ripple_TLL28-29	92	528051
264.027	0.09	ripple_TLL23-24	88	528054
264.0555	0.044	ripple_TLL31-32	96	528111
264.0665	0.0495	ripple_TLL9-10	101	528133
264.0685	0.03	fr_TBAL3-4	3	528137
264.093	0.0675	ripple_TLL20-21	85	528186
264.132	0.038	ripple_TLL13-14	78	528264
264.1395	0.1305	ripple_TLL15-16	80	528279
264.143	0.0435	ripple_TBPL1-2	71	528286
264.1545	0.1685	ripple_TLL29-30	93	528309
264.161	0.0625	ripple_TLL31-32	96	528322
264.165	0.014	fr_TLL3-4	27	528330
264.165	0.056	ripple_TLL1-2	74	528330
264.1775	0.3555	ripple_TLL19-20	83	528355
264.181	0.0765	ripple_TBAL3-4	70	528362
264.181	0.0765	fr_TBAL3-4	3	528362
264.181	0.0765	frandr_TBAL3-4	37	528362
264.182	0.0185	fr_TLL27-28	24	528364
264.2145	0.1475	ripple_TLL20-21	85	528429
264.2185	0.0485	ripple_TLL17-18	81	528437
264.237	0.1765	ripple_TLL14-15	79	528474
264.237	0.2345	ripple_TBPL2-3	72	528474
264.237	0.2345	fr_TBPL2-3	5	528474
264.237	0.2345	frandr_TBPL2-3	39	528474
264.249	0.038	ripple_TLL21-22	86	528498
264.2515	0.1285	ripple_TLL30-31	95	528503
264.2565	0.0535	ripple_TLL6-7	99	528513
264.269	0.0345	ripple_TLL18-19	82	528538
264.271	0.058	fr_TBAL3-4	3	528542
264.281	0.027	ripple_TLL23-24	88	528562
264.282	0.04	ripple_TLL22-23	87	528564
264.291	0.1655	ripple_TLL31-32	96	528582
264.2985	0.153	ripple_TBPL1-2	71	528597
264.3105	0.0495	ripple_TLL15-16	80	528621
264.315	0.0925	ripple_TLL2-3	84	528630
264.323	0.0375	ripple_TBAL1-2	68	528646
264.3395	0.0305	ripple_TLL23-24	88	528679
264.3435	0.0285	ripple_TLL22-23	87	528687
264.349	0.046	ripple_TLL18-19	82	528698
264.372	0.1555	ripple_TLL5-6	98	528744
264.375	0.078	ripple_TLL29-30	93	528750
264.403	0.0775	ripple_TLL23-24	88	528806
264.407	0.0235	fr_TLL26-27	23	528814
264.424	0.04	ripple_TLL22-23	87	528848
264.4485	0.058	ripple_TLL15-16	80	528897
264.455	0.036	ripple_TLL18-19	82	528910
264.455	0.096	ripple_TLL21-22	86	528910
264.457	0.172	ripple_TLL1-2	74	528914
264.4625	0.0115	fr_TBAL3-4	3	528925
264.505	0.1135	ripple_TBAL3-4	70	529010
264.505	0.1135	fr_TBAL3-4	3	529010
264.505	0.1135	frandr_TBAL3-4	37	529010
264.505	0.1265	ripple_TBPL2-3	72	529010
264.5055	0.0405	ripple_TLL29-30	93	529011
264.508	0.1585	ripple_TBPL1-2	71	529016
264.516	0.048	ripple_TLL6-7	99	529032
264.525	0.0885	ripple_TLL22-23	87	529050
264.5275	0.0825	ripple_TLL23-24	88	529055
264.5365	0.034	ripple_TLL20-21	85	529073
264.538	0.1035	ripple_TLL18-19	82	529076
264.539	0.145	ripple_TLL17-18	81	529078
264.5575	0.2155	ripple_TLL19-20	83	529115
264.566	0.048	ripple_TLL14-15	79	529132
264.5705	0.0695	ripple_TLL7-8	100	529141
264.572	0.035	ripple_TLL15-16	80	529144
264.602	0.041	ripple_TLL29-30	93	529204
264.6145	0.064	ripple_TLL27-28	91	529229
264.615	0.033	ripple_TLL21-22	86	529230
264.615	0.0335	ripple_TLL5-6	98	529230
264.636	0.084	ripple_TLL3-4	94	529272
264.6425	0.077	ripple_TLL26-27	90	529285
264.6475	0.0625	ripple_TLL20-21	85	529295
264.657	0.0485	fr_TLL25-26	22	529314
264.67	0.0445	ripple_TLL2-3	84	529340
264.67	0.1115	ripple_TLL1-2	74	529340
264.672	0.052	ripple_TLL30-31	95	529344
264.6735	0.0395	ripple_TLL7-8	100	529347
264.6765	0.137	ripple_TLL31-32	96	529353
264.679	0.119	ripple_TBPL3-4	73	529358
264.709	0.09	ripple_TBAL3-4	70	529418
264.709	0.09	fr_TBAL3-4	3	529418
264.709	0.09	frandr_TBAL3-4	37	529418
264.7125	0.082	ripple_TBPL1-2	71	529425
264.72	0.03	ripple_TLL21-22	86	529440
264.725	0.058	ripple_TLL6-7	99	529450
264.7285	0.064	ripple_TLL17-18	81	529457
264.7315	0.021	fr_TLL25-26	22	529463
264.733	0.0915	ripple_TLL23-24	88	529466
264.7445	0.057	ripple_TBPL2-3	72	529489
264.7495	0.034	ripple_TLL5-6	98	529499
264.772	0.061	ripple_TLL20-21	85	529544
264.784	0.092	ripple_TLL28-29	92	529568
264.7885	0.1545	ripple_TLL27-28	91	529577
264.7885	0.1545	fr_TLL27-28	24	529577
264.7885	0.1545	frandr_TLL27-28	58	529577
264.791	0.0665	ripple_TLL18-19	82	529582
264.791	0.0865	ripple_TLL26-27	90	529582
264.811	0.047	ripple_TLL19-20	83	529622
264.8145	0.0585	ripple_TLL2-3	84	529629
264.8275	0.0435	ripple_TBPL1-2	71	529655
264.854	0.0305	ripple_TBAL3-4	70	529708
264.854	0.0305	fr_TBAL3-4	3	529708
264.854	0.0305	frandr_TBAL3-4	37	529708
264.854	0.0505	ripple_TLL14-15	79	529708
264.8685	0.2275	ripple_TLL29-30	93	529737
264.8715	0.0365	ripple_TLL11-12	76	529743
264.8715	0.0425	ripple_TLL30-31	95	529743
264.8715	0.0935	ripple_TLL3-4	94	529743
264.873	0.0435	ripple_TLL5-6	98	529746
264.879	0.0335	ripple_TBPL3-4	73	529758
264.885	0.074	ripple_TBPL2-3	72	529770
264.8975	0.0565	ripple_TLL1-2	74	529795
264.9355	0.1145	ripple_TLL22-23	87	529871
264.938	0.075	ripple_TLL21-22	86	529876
264.9405	0.0655	ripple_TBPL3-4	73	529881
264.9425	0.078	ripple_TLL30-31	95	529885
264.9425	0.1275	ripple_TLL18-19	82	529885
264.9445	0.0365	ripple_TLL20-21	85	529889
264.95	0.1315	ripple_TLL7-8	100	529900
264.9515	0.129	ripple_TLL23-24	88	529903
264.954	0.023	fr_TLL26-27	23	529908
264.9625	0.081	ripple_TLL28-29	92	529925
264.9665	0.0135	fr_TLL17-18	14	529933
264.9695	0.283	ripple_TBPL1-2	71	529939
264.981	0.0435	ripple_TLL31-32	96	529962
264.99	0.1035	ripple_TBPL2-3	72	529980
265.0	0.045	ripple_TLL14-15	79	530000
265.001	0.08	ripple_TLL1-2	74	530002
265.01	0.0405	ripple_TLL3-4	94	530020
265.027	0.0105	fr_TLL9-10	34	530054
265.03	0.0595	ripple_TLL15-16	80	530060
265.0535	0.042	ripple_TLL2-3	84	530107
265.064	0.06	ripple_TLL19-20	83	530128
265.081	0.073	ripple_TLL6-7	99	530162
265.1015	0.2035	ripple_TLL22-23	87	530203
265.102	0.211	ripple_TLL23-24	88	530204
265.108	0.043	ripple_TBAL3-4	70	530216
265.108	0.043	fr_TBAL3-4	3	530216
265.108	0.043	frandr_TBAL3-4	37	530216
265.129	0.038	ripple_TLL18-19	82	530258
265.131	0.0565	ripple_TLL27-28	91	530262
265.1325	0.043	ripple_TLL1-2	74	530265
265.133	0.0475	ripple_TLL2-3	84	530266
265.14	0.038	ripple_TLL29-30	93	530280
265.141	0.135	ripple_TLL14-15	79	530282
265.146	0.0145	fr_TBPL2-3	5	530292
265.1475	0.096	ripple_TLL28-29	92	530295
265.1695	0.03	fr_TBAL3-4	3	530339
265.1755	0.038	ripple_TBPL2-3	72	530351
265.1885	0.122	ripple_TLL15-16	80	530377
265.1885	0.129	ripple_TLL4-5	97	530377
265.206	0.044	ripple_TLL29-30	93	530412
265.216	0.0815	ripple_TLL3-4	94	530432
265.2265	0.0445	ripple_TLL31-32	96	530453
265.227	0.03	ripple_TLL20-21	85	530454
265.2285	0.061	ripple_TLL21-22	86	530457
265.241	0.075	ripple_TBAL3-4	70	530482
265.241	0.075	fr_TBAL3-4	3	530482
265.241	0.075	frandr_TBAL3-4	37	530482
265.2415	0.101	ripple_TBPL2-3	72	530483
265.253	0.043	ripple_TLL27-28	91	530506
265.2705	0.0975	ripple_TLL29-30	93	530541
265.293	0.159	ripple_TBPL1-2	71	530586
265.2965	0.211	ripple_TLL6-7	99	530593
265.306	0.0945	ripple_TLL20-21	85	530612
265.313	0.047	ripple_TLL31-32	96	530626
265.316	0.0635	ripple_TLL19-20	83	530632
265.32	0.031	ripple_TLL30-31	95	530640
265.3355	0.067	ripple_TLL3-4	94	530671
265.3415	0.0265	fr_TBAL3-4	3	530683
265.342	0.0165	fr_TLL27-28	24	530684
265.352	0.055	ripple_TLL28-29	92	530704
265.3655	0.0385	ripple_TLL4-5	97	530731
265.366	0.038	ripple_TLL21-22	86	530732
265.4025	0.054	ripple_TLL30-31	95	530805
265.405	0.0535	ripple_TLL26-27	90	530810
265.4055	0.0845	ripple_TLL7-8	100	530811
265.409	0.0995	ripple_TLL23-24	88	530818
265.4195	0.047	ripple_TLL15-16	80	530839
265.4195	0.099	ripple_TLL14-15	79	530839
265.427	0.04	ripple_TLL3-4	94	530854
265.4295	0.045	ripple_TLL29-30	93	530859
265.4405	0.122	ripple_TLL31-32	96	530881
265.462	0.0515	ripple_TLL21-22	86	530924
265.466	0.1105	ripple_TLL20-21	85	530932
265.467	0.0535	ripple_TLL5-6	98	530934
265.503	0.0485	ripple_TBPL2-3	72	531006
265.5065	0.0355	ripple_TLL1-2	74	531013
265.528	0.047	ripple_TLL30-31	95	531056
265.5455	0.046	ripple_TLL21-22	86	531091
265.5555	0.1145	ripple_TLL22-23	87	531111
265.5605	0.067	ripple_TLL3-4	94	531121
265.575	0.046	ripple_TLL28-29	92	531150
265.58	0.0315	ripple_TLL27-28	91	531160
265.581	0.0485	ripple_TLL4-5	97	531162
265.583	0.0495	ripple_TLL31-32	96	531166
265.596	0.138	ripple_TLL7-8	100	531192
265.6	0.0385	ripple_TLL14-15	79	531200
265.606	0.0105	fr_TLL1-2	7	531212
265.607	0.076	ripple_TBPL2-3	72	531214
265.6095	0.096	ripple_TLL30-31	95	531219
265.639	0.0315	ripple_TLL23-24	88	531278
265.649	0.092	ripple_TLL19-20	83	531298
265.6705	0.1175	ripple_TLL29-30	93	531341
265.68	0.103	ripple_TLL28-29	92	531360
265.6925	0.0595	ripple_TLL10-11	75	531385
265.696	0.065	ripple_TLL1-2	74	531392
265.706	0.0665	ripple_TLL3-4	94	531412
265.7075	0.035	ripple_TLL2-3	84	531415
265.7165	0.0635	ripple_TLL4-5	97	531433
265.717	0.086	ripple_TLL31-32	96	531434
265.739	0.1555	ripple_TBPL2-3	72	531478
265.7545	0.032	ripple_TLL6-7	99	531509
265.7555	0.0435	ripple_TLL5-6	98	531511
265.758	0.088	ripple_TLL14-15	79	531516
265.7595	0.055	ripple_TLL15-16	80	531519
265.776	0.0375	ripple_TBPL3-4	73	531552
265.7795	0.043	ripple_TLL21-22	86	531559
265.784	0.0435	ripple_TLL22-23	87	531568
265.805	0.1225	ripple_TLL2-3	84	531610
265.8055	0.0795	ripple_TLL1-2	74	531611
265.8145	0.034	ripple_TLL4-5	97	531629
265.816	0.0775	ripple_TLL19-20	83	531632
265.8415	0.0385	ripple_TLL30-31	95	531683
265.842	0.184	ripple_TLL29-30	93	531684
265.845	0.1	ripple_TLL23-24	88	531690
265.849	0.1485	ripple_TLL22-23	87	531698
265.8495	0.122	ripple_TLL3-4	94	531699
265.8695	0.068	ripple_TLL7-8	100	531739
265.8705	0.0505	ripple_TLL4-5	97	531741
265.8755	0.0555	ripple_TLL21-22	86	531751
265.877	0.0975	ripple_TLL15-16	80	531754
265.8975	0.1025	ripple_TLL14-15	79	531795
265.8985	0.057	ripple_TLL6-7	99	531797
265.899	0.035	ripple_TLL9-10	101	531798
265.901	0.106	ripple_TLL13-14	78	531802
265.934	0.4735	ripple_TBPL2-3	72	531868
265.938	0.076	ripple_TLL11-12	76	531876
265.9615	0.032	ripple_TLL21-22	86	531923
265.986	0.0425	ripple_TLL23-24	88	531972
265.9985	0.0675	ripple_TLL6-7	99	531997
266.0175	0.036	ripple_TLL31-32	96	532035
266.019	0.076	ripple_TLL27-28	91	532038
266.03	0.058	ripple_TLL19-20	83	532060
266.0315	0.051	ripple_TBAL3-4	70	532063
266.036	0.0505	ripple_TLL21-22	86	532072
266.0455	0.107	ripple_TLL3-4	94	532091
266.0585	0.083	ripple_TLL23-24	88	532117
266.059	0.1185	ripple_TLL22-23	87	532118
266.086	0.041	ripple_TLL15-16	80	532172
266.1025	0.038	ripple_TLL29-30	93	532205
266.111	0.0335	ripple_TLL28-29	92	532222
266.1125	0.045	ripple_TLL21-22	86	532225
266.114	0.04	ripple_TLL4-5	97	532228
266.1495	0.0755	ripple_TLL18-19	82	532299
266.158	0.0855	ripple_TLL19-20	83	532316
266.1625	0.052	ripple_TLL15-16	80	532325
266.178	0.0685	ripple_TLL28-29	92	532356
266.1805	0.083	ripple_TLL2-3	84	532361
266.195	0.0645	ripple_TLL10-11	75	532390
266.197	0.102	ripple_TLL29-30	93	532394
266.2025	0.081	ripple_TLL11-12	76	532405
266.2025	0.081	fr_TLL11-12	9	532405
266.2025	0.081	frandr_TLL11-12	43	532405
266.207	0.0515	ripple_TLL5-6	98	532414
266.2185	0.0525	ripple_TBAL3-4	70	532437
266.2205	0.0345	ripple_TLL1-2	74	532441
266.229	0.04	ripple_TLL13-14	78	532458
266.2335	0.1355	ripple_TLL6-7	99	532467
266.236	0.042	ripple_TLL26-27	90	532472
266.2405	0.142	ripple_TLL21-22	86	532481
266.241	0.0365	ripple_TLL17-18	81	532482
266.2475	0.0795	ripple_TLL22-23	87	532495
266.2505	0.045	ripple_TLL30-31	95	532501
266.2605	0.038	ripple_TLL15-16	80	532521
266.27	0.083	ripple_TLL20-21	85	532540
266.285	0.197	ripple_TLL1-2	74	532570
266.2855	0.0595	ripple_TLL23-24	88	532571
266.3165	0.094	ripple_TLL14-15	79	532633
266.318	0.055	ripple_TLL31-32	96	532636
266.3475	0.113	ripple_TLL18-19	82	532695
266.3515	0.1145	ripple_TLL30-31	95	532703
266.356	0.068	ripple_TLL28-29	92	532712
266.356	0.077	ripple_TLL19-20	83	532712
266.3595	0.064	ripple_TLL2-3	84	532719
266.3745	0.1035	ripple_TLL7-8	100	532749
266.3955	0.1295	ripple_TLL31-32	96	532791
266.399	0.0335	ripple_TLL22-23	87	532798
266.4025	0.0655	ripple_TLL29-30	93	532805
266.42	0.105	ripple_TLL26-27	90	532840
266.4245	0.0785	ripple_TBPL3-4	73	532849
266.438	0.052	ripple_TLL23-24	88	532876
266.4565	0.06	ripple_TBAL3-4	70	532913
266.4715	0.108	ripple_TLL19-20	83	532943
266.4785	0.0605	ripple_TLL20-21	85	532957
266.49	0.2425	ripple_TBPL2-3	72	532980
266.499	0.0355	ripple_TLL30-31	95	532998
266.503	0.0475	ripple_TLL11-12	76	533006
266.5085	0.037	ripple_TLL29-30	93	533017
266.5095	0.174	ripple_TLL14-15	79	533019
266.5105	0.0805	ripple_TLL21-22	86	533021
266.5275	0.0385	ripple_TLL6-7	99	533055
266.5305	0.0395	ripple_TLL18-19	82	533061
266.5345	0.031	ripple_TLL7-8	100	533069
266.55	0.0485	ripple_TLL12-13	77	533100
266.5925	0.11	ripple_TLL20-21	85	533185
266.5985	0.031	ripple_TLL6-7	99	533197
266.604	0.0555	ripple_TLL19-20	83	533208
266.618	0.0545	ripple_TBAL3-4	70	533236
266.629	0.104	ripple_TLL1-2	74	533258
266.63	0.04	ripple_TLL21-22	86	533260
266.6385	0.0535	ripple_TBAL1-2	68	533277
266.64	0.0655	ripple_TLL28-29	92	533280
266.648	0.036	ripple_TLL22-23	87	533296
266.652	0.017	fr_TBPL1-2	4	533304
266.673	0.0375	ripple_TLL31-32	96	533346
266.6785	0.077	ripple_TLL29-30	93	533357
266.6905	0.0475	ripple_TLL30-31	95	533381
266.691	0.1	ripple_TLL19-20	83	533382
266.6965	0.048	ripple_TLL21-22	86	533393
266.697	0.0415	ripple_TLL7-8	100	533394
266.727	0.2185	ripple_TLL20-21	85	533454
266.7275	0.0485	ripple_TLL18-19	82	533455
266.733	0.0525	ripple_TLL25-26	89	533466
266.744	0.0605	ripple_TLL31-32	96	533488
266.7565	0.056	ripple_TLL6-7	99	533513
266.7575	0.041	ripple_TLL22-23	87	533515
266.7595	0.0345	ripple_TLL7-8	100	533519
266.7645	0.0395	ripple_TLL26-27	90	533529
266.7655	0.049	ripple_TBPL1-2	71	533531
266.766	0.173	ripple_TLL14-15	79	533532
266.7725	0.041	ripple_TLL23-24	88	533545
266.7775	0.078	ripple_TLL29-30	93	533555
266.779	0.17	ripple_TLL1-2	74	533558
266.78	0.117	ripple_TLL27-28	91	533560
266.7905	0.085	ripple_TLL2-3	84	533581
266.8055	0.0715	ripple_TLL18-19	82	533611
266.8065	0.0605	ripple_TLL15-16	80	533613
266.81	0.0505	ripple_TLL30-31	95	533620
266.811	0.0385	ripple_TLL21-22	86	533622
266.813	0.1255	ripple_TLL19-20	83	533626
266.8285	0.1645	ripple_TLL3-4	94	533657
266.853	0.0775	ripple_TLL6-7	99	533706
266.861	0.0345	ripple_TBPL2-3	72	533722
266.862	0.035	ripple_TLL26-27	90	533724
266.865	0.071	ripple_TLL22-23	87	533730
266.8675	0.064	ripple_TLL23-24	88	533735
266.889	0.101	ripple_TLL29-30	93	533778
266.8925	0.088	ripple_TLL31-32	96	533785
266.894	0.033	ripple_TLL7-8	100	533788
266.903	0.0435	ripple_TLL4-5	97	533806
266.921	0.0315	ripple_TLL2-3	84	533842
266.922	0.0375	ripple_TBAL1-2	68	533844
266.946	0.0425	ripple_TLL28-29	92	533892
266.9505	0.064	ripple_TLL11-12	76	533901
266.954	0.2995	ripple_TLL21-22	86	533908
266.976	0.041	ripple_TLL18-19	82	533952
266.98	0.0935	ripple_TLL1-2	74	533960
266.998	0.041	ripple_TLL15-16	80	533996
267.0025	0.072	ripple_TBPL2-3	72	534005
267.017	0.115	ripple_TLL31-32	96	534034
267.021	0.0435	ripple_TLL30-31	95	534042
267.0235	0.0865	ripple_TLL20-21	85	534047
267.0305	0.0615	ripple_TLL19-20	83	534061
267.0345	0.031	ripple_TLL5-6	98	534069
267.0385	0.054	ripple_TLL23-24	88	534077
267.0415	0.062	ripple_TLL22-23	87	534083
267.052	0.102	ripple_TLL4-5	97	534104
267.055	0.1555	ripple_TLL7-8	100	534110
267.062	0.0805	ripple_TLL28-29	92	534124
267.068	0.011	fr_TBAL3-4	3	534136
267.083	0.072	ripple_TLL29-30	93	534166
267.1095	0.1025	ripple_TBPL2-3	72	534219
267.1145	0.088	ripple_TLL6-7	99	534229
267.1165	0.0315	ripple_TLL19-20	83	534233
267.1185	0.036	ripple_TLL3-4	94	534237
267.1495	0.04	ripple_TLL30-31	95	534299
267.183	0.12	ripple_TLL20-21	85	534366
267.2065	0.0305	ripple_TLL26-27	90	534413
267.209	0.081	ripple_TLL31-32	96	534418
267.2255	0.0955	ripple_TLL27-28	91	534451
267.241	0.0915	ripple_TLL3-4	94	534482
267.246	0.101	ripple_TLL18-19	82	534492
267.247	0.055	ripple_TBPL3-4	73	534494
267.249	0.0635	ripple_TLL29-30	93	534498
267.2495	0.0535	ripple_TLL30-31	95	534499
267.2505	0.015	fr_TBPL1-2	4	534501
267.269	0.1565	ripple_TBPL2-3	72	534538
267.272	0.089	ripple_TLL28-29	92	534544
267.281	0.0365	ripple_TLL26-27	90	534562
267.324	0.116	ripple_TLL31-32	96	534648
267.3295	0.0735	ripple_TLL13-14	78	534659
267.3385	0.174	ripple_TLL21-22	86	534677
267.346	0.0425	ripple_TLL2-3	84	534692
267.35	0.0395	ripple_TLL15-16	80	534700
267.3695	0.088	ripple_TLL29-30	93	534739
267.372	0.042	ripple_TBPL3-4	73	534744
267.391	0.0665	ripple_TLL18-19	82	534782
267.4025	0.097	ripple_TLL28-29	92	534805
267.4275	0.225	ripple_TLL3-4	94	534855
267.4285	0.088	ripple_TLL17-18	81	534857
267.4295	0.064	ripple_TLL7-8	100	534859
267.435	0.054	ripple_TLL13-14	78	534870
267.45	0.1825	ripple_TLL22-23	87	534900
267.4505	0.042	ripple_TLL26-27	90	534901
267.4505	0.131	ripple_TLL2-3	84	534901
267.455	0.471	ripple_TLL1-2	74	534910
267.458	0.0305	ripple_TLL6-7	99	534916
267.459	0.0595	ripple_TLL19-20	83	534918
267.484	0.0375	ripple_TLL11-12	76	534968
267.508	0.1775	ripple_TLL29-30	93	535016
267.5105	0.0565	ripple_TBAL1-2	68	535021
267.514	0.041	ripple_TLL9-10	101	535028
267.5185	0.0375	ripple_TLL30-31	95	535037
267.527	0.0495	ripple_TLL31-32	96	535054
267.5325	0.0575	ripple_TLL21-22	86	535065
267.538	0.0165	fr_TBAL3-4	3	535076
267.562	0.3355	ripple_TLL20-21	85	535124
267.564	0.0585	ripple_TBPL1-2	71	535128
267.575	0.0475	ripple_TLL11-12	76	535150
267.5755	0.0575	ripple_TLL10-11	75	535151
267.577	0.045	ripple_TLL14-15	79	535154
267.584	0.0415	ripple_TLL6-7	99	535168
267.591	0.0385	ripple_TLL15-16	80	535182
267.599	0.0455	ripple_TLL31-32	96	535198
267.6135	0.051	ripple_TLL30-31	95	535227
267.6155	0.088	ripple_TLL2-3	84	535231
267.618	0.0835	ripple_TLL21-22	86	535236
267.6185	0.0805	ripple_TLL18-19	82	535237
267.6235	0.055	ripple_TLL9-10	101	535247
267.6365	0.0715	ripple_TLL17-18	81	535273
267.652	0.037	ripple_TLL27-28	91	535304
267.6555	0.0505	ripple_TLL19-20	83	535311
267.657	0.043	ripple_TLL15-16	80	535314
267.659	0.037	ripple_TLL7-8	100	535318
267.666	0.079	ripple_TLL6-7	99	535332
267.682	0.0335	fr_TBAL3-4	3	535364
267.709	0.0585	ripple_TBPL2-3	72	535418
267.714	0.048	ripple_TBPL3-4	73	535428
267.7205	0.043	ripple_TLL27-28	91	535441
267.7205	0.059	ripple_TLL4-5	97	535441
267.723	0.146	ripple_TLL29-30	93	535446
267.726	0.0775	ripple_TLL23-24	88	535452
267.734	0.0845	ripple_TLL19-20	83	535468
267.735	0.08	ripple_TLL14-15	79	535470
267.74	0.102	ripple_TLL2-3	84	535480
267.744	0.063	ripple_TLL31-32	96	535488
267.7625	0.038	ripple_TLL28-29	92	535525
267.7715	0.0685	ripple_TLL15-16	80	535543
267.81	0.048	ripple_TBPL2-3	72	535620
267.8385	0.0455	ripple_TLL14-15	79	535677
267.8455	0.187	ripple_TLL23-24	88	535691
267.846	0.162	ripple_TLL22-23	87	535692
267.8745	0.011	fr_TBAL3-4	3	535749
267.8825	0.075	ripple_TLL31-32	96	535765
267.8845	0.125	ripple_TLL28-29	92	535769
267.9125	0.0575	ripple_TLL25-26	89	535825
267.917	0.073	ripple_TLL9-10	101	535834
267.9255	0.115	ripple_TLL15-16	80	535851
267.933	0.082	ripple_TBAL2-3	69	535866
267.933	0.082	fr_TBAL2-3	2	535866
267.933	0.082	frandr_TBAL2-3	36	535866
267.9355	0.0555	ripple_TLL26-27	90	535871
267.9365	0.1145	ripple_TLL21-22	86	535873
267.937	0.1345	ripple_TLL20-21	85	535874
267.9505	0.046	ripple_TBAL3-4	70	535901
267.9505	0.046	fr_TBAL3-4	3	535901
267.9505	0.046	frandr_TBAL3-4	37	535901
267.953	0.0495	ripple_TLL6-7	99	535906
267.978	0.036	ripple_TLL29-30	93	535956
267.996	0.306	ripple_TLL19-20	83	535992
267.9995	0.3085	ripple_TLL18-19	82	535999
268.008	0.082	ripple_TLL30-31	95	536016
268.01	0.0995	ripple_TLL1-2	74	536020
268.0455	0.42	ripple_TBPL2-3	72	536091
268.0475	0.045	ripple_TLL31-32	96	536095
268.0545	0.069	ripple_TLL27-28	91	536109
268.0675	0.0945	ripple_TLL23-24	88	536135
268.09	0.0695	ripple_TLL26-27	90	536180
268.098	0.2495	ripple_TLL29-30	93	536196
268.1035	0.0585	ripple_TLL21-22	86	536207
268.1135	0.055	ripple_TLL31-32	96	536227
268.1235	0.045	ripple_TLL20-21	85	536247
268.13	0.043	ripple_TBPL3-4	73	536260
268.1365	0.079	ripple_TLL1-2	74	536273
268.147	0.033	ripple_TBAL3-4	70	536294
268.1685	0.066	ripple_TLL17-18	81	536337
268.1705	0.0465	ripple_TLL15-16	80	536341
268.1905	0.0355	ripple_TLL30-31	95	536381
268.194	0.107	ripple_TLL14-15	79	536388
268.202	0.18	ripple_TLL20-21	85	536404
268.206	0.106	ripple_TLL23-24	88	536412
268.212	0.091	ripple_TLL21-22	86	536424
268.2335	0.093	ripple_TLL27-28	91	536467
268.258	0.063	ripple_TLL28-29	92	536516
268.259	0.0895	ripple_TLL30-31	95	536518
268.284	0.0165	fr_TBAL3-4	3	536568
268.285	0.063	ripple_TLL31-32	96	536570
268.3295	0.0845	ripple_TLL22-23	87	536659
268.333	0.081	ripple_TLL23-24	88	536666
268.365	0.0435	ripple_TLL2-3	84	536730
268.369	0.147	ripple_TLL31-32	96	536738
268.375	0.113	ripple_TLL27-28	91	536750
268.3765	0.082	ripple_TLL29-30	93	536753
268.378	0.07	ripple_TLL30-31	95	536756
268.384	0.0415	ripple_TLL5-6	98	536768
268.4265	0.0785	ripple_TLL12-13	77	536853
268.43	0.0455	ripple_TLL14-15	79	536860
268.4315	0.1625	ripple_TLL1-2	74	536863
268.4465	0.195	ripple_TLL18-19	82	536893
268.467	0.13	ripple_TLL21-22	86	536934
268.5095	0.0615	ripple_TLL7-8	100	537019
268.5145	0.076	ripple_TLL22-23	87	537029
268.515	0.076	ripple_TLL23-24	88	537030
268.5165	0.1545	ripple_TBPL1-2	71	537033
268.518	0.066	ripple_TBPL2-3	72	537036
268.5225	0.061	ripple_TLL29-30	93	537045
268.5265	0.0865	ripple_TLL19-20	83	537053
268.531	0.0325	ripple_TLL14-15	79	537062
268.5525	0.033	ripple_TLL5-6	98	537105
268.5555	0.0405	ripple_TLL30-31	95	537111
268.565	0.035	ripple_TLL25-26	89	537130
268.5695	0.0665	ripple_TLL2-3	84	537139
268.5705	0.0755	ripple_TLL27-28	91	537141
268.574	0.04	ripple_TLL26-27	90	537148
268.583	0.0305	ripple_TLL15-16	80	537166
268.5885	0.041	ripple_TLL28-29	92	537177
268.59	0.069	ripple_TLL20-21	85	537180
268.629	0.0475	ripple_TLL30-31	95	537258
268.63	0.0725	ripple_TLL29-30	93	537260
268.63	0.156	ripple_TLL1-2	74	537260
268.6325	0.0405	ripple_TLL22-23	87	537265
268.65	0.062	ripple_TLL7-8	100	537300
268.654	0.071	ripple_TLL14-15	79	537308
268.675	0.0385	ripple_TLL10-11	75	537350
268.6895	0.0545	ripple_TLL2-3	84	537379
268.707	0.0345	ripple_TLL18-19	82	537414
268.72	0.072	ripple_TLL22-23	87	537440
268.7235	0.068	ripple_TLL23-24	88	537447
268.7435	0.093	ripple_TLL29-30	93	537487
268.747	0.0875	ripple_TLL28-29	92	537494
268.7505	0.048	ripple_TLL26-27	90	537501
268.7605	0.0765	ripple_TLL20-21	85	537521
268.7615	0.0515	ripple_TBPL2-3	72	537523
268.77	0.056	ripple_TLL31-32	96	537540
268.7705	0.1265	ripple_TLL2-3	84	537541
268.779	0.062	ripple_TLL27-28	91	537558
268.7845	0.121	ripple_TLL7-8	100	537569
268.804	0.052	ripple_TLL18-19	82	537608
268.8345	0.054	ripple_TLL6-7	99	537669
268.8675	0.155	ripple_TLL20-21	85	537735
268.873	0.081	ripple_TLL1-2	74	537746
268.8765	0.0895	ripple_TLL21-22	86	537753
268.8775	0.0545	ripple_TLL5-6	98	537755
268.885	0.0275	ripple_TBPL1-2	71	537770
268.895	0.1685	ripple_TLL19-20	83	537790
268.919	0.0625	ripple_TLL26-27	90	537838
268.9315	0.047	ripple_TLL10-11	75	537863
268.962	0.1285	ripple_TLL29-30	93	537924
268.969	0.0565	ripple_TLL14-15	79	537938
268.97	0.0585	ripple_TLL13-14	78	537940
268.974	0.078	ripple_TLL28-29	92	537948
268.988	0.1295	ripple_TLL21-22	86	537976
268.9915	0.039	ripple_TLL30-31	95	537983
268.992	0.0485	ripple_TLL31-32	96	537984
268.996	0.1825	ripple_TLL23-24	88	537992
269.0125	0.064	ripple_TLL4-5	97	538025
269.013	0.034	ripple_TLL9-10	101	538026
269.0245	0.192	ripple_TLL1-2	74	538049
269.0325	0.043	ripple_TLL3-4	94	538065
269.046	0.053	ripple_TLL2-3	84	538092
269.053	0.113	ripple_TLL14-15	79	538106
269.0565	0.1015	ripple_TLL13-14	78	538113
269.0855	0.102	ripple_TLL31-32	96	538171
269.089	0.069	ripple_TLL20-21	85	538178
269.103	0.0415	ripple_TLL19-20	83	538206
269.105	0.0405	ripple_TBAL3-4	70	538210
269.105	0.041	ripple_TBAL2-3	69	538210
269.117	0.0465	ripple_TLL6-7	99	538234
269.1275	0.045	ripple_TLL28-29	92	538255
269.1355	0.106	ripple_TLL17-18	81	538271
269.157	0.085	ripple_TLL18-19	82	538314
269.166	0.0845	ripple_TLL29-30	93	538332
269.171	0.068	ripple_TLL5-6	98	538342
269.171	0.0765	ripple_TLL3-4	94	538342
269.1715	0.0795	ripple_TLL15-16	80	538343
269.1725	0.0755	ripple_TLL4-5	97	538345
269.177	0.11	ripple_TLL2-3	84	538354
269.1785	0.045	ripple_TLL21-22	86	538357
269.2	0.0495	ripple_TLL30-31	95	538400
269.202	0.032	ripple_TLL14-15	79	538404
269.2145	0.0365	ripple_TLL25-26	89	538429
269.2205	0.039	ripple_TBPL1-2	71	538441
269.2205	0.11	ripple_TLL23-24	88	538441
269.225	0.052	ripple_TLL19-20	83	538450
269.2295	0.1625	ripple_TLL22-23	87	538459
269.2335	0.061	ripple_TBAL3-4	70	538467
269.236	0.098	ripple_TLL26-27	90	538472
269.2525	0.0425	ripple_TBPL3-4	73	538505
269.2595	0.0495	ripple_TLL11-12	76	538519
269.268	0.035	ripple_TLL18-19	82	538536
269.271	0.036	ripple_TLL17-18	81	538542
269.2865	0.0545	ripple_TLL27-28	91	538573
269.3015	0.029	ripple_TLL31-32	96	538603
269.3075	0.0485	ripple_TLL29-30	93	538615
269.309	0.0485	ripple_TLL30-31	95	538618
269.3345	0.0355	ripple_TLL21-22	86	538669
269.3455	0.207	ripple_TLL20-21	85	538691
269.3505	0.043	ripple_TLL15-16	80	538701
269.365	0.051	ripple_TLL4-5	97	538730
269.3695	0.207	ripple_TLL14-15	79	538739
269.3945	0.0915	ripple_TLL30-31	95	538789
269.41	0.0425	ripple_TLL29-30	93	538820
269.414	0.0555	ripple_TLL18-19	82	538828
269.4215	0.0355	ripple_TLL21-22	86	538843
269.4295	0.0105	fr_TBAL2-3	2	538859
269.4315	0.223	ripple_TLL31-32	96	538863
269.4495	0.058	ripple_TLL28-29	92	538899
269.4725	0.048	ripple_TLL4-5	97	538945
269.4955	0.1	ripple_TLL15-16	80	538991
269.507	0.0455	ripple_TLL1-2	74	539014
269.5095	0.0345	ripple_TLL21-22	86	539019
269.5225	0.0655	ripple_TLL22-23	87	539045
269.5405	0.34	ripple_TLL23-24	88	539081
269.5415	0.0305	ripple_TLL28-29	92	539083
269.5665	0.0435	ripple_TLL2-3	84	539133
269.61	0.062	ripple_TBPL2-3	72	539220
269.616	0.0755	ripple_TBAL2-3	69	539232
269.6175	0.0465	ripple_TLL26-27	90	539235
269.6175	0.0465	fr_TLL26-27	23	539235
269.6175	0.0465	frandr_TLL26-27	57	539235
269.623	0.065	ripple_TLL18-19	82	539246
269.632	0.048	ripple_TBAL3-4	70	539264
269.632	0.11	ripple_TLL30-31	95	539264
269.6405	0.092	ripple_TLL20-21	85	539281
269.642	0.0605	ripple_TLL21-22	86	539284
269.643	0.0475	ripple_TLL22-23	87	539286
269.659	0.1595	ripple_TLL7-8	100	539318
269.6665	0.1265	ripple_TLL15-16	80	539333
269.691	0.0875	ripple_TLL14-15	79	539382
269.695	0.0325	ripple_TLL19-20	83	539390
269.7135	0.1185	ripple_TLL1-2	74	539427
269.716	0.0475	ripple_TBPL2-3	72	539432
269.7185	0.08	ripple_TLL22-23	87	539437
269.7195	0.063	ripple_TLL2-3	84	539439
269.7425	0.1785	ripple_TLL29-30	93	539485
269.771	0.0415	ripple_TLL3-4	94	539542
269.779	0.123	ripple_TLL20-21	85	539558
269.7915	0.122	ripple_TLL30-31	95	539583
269.794	0.0385	ripple_TLL27-28	91	539588
269.8245	0.047	ripple_TLL14-15	79	539649
269.841	0.0695	ripple_TLL15-16	80	539682
269.857	0.072	ripple_TLL10-11	75	539714
269.8625	0.0945	ripple_TLL2-3	84	539725
269.869	0.0505	ripple_TLL28-29	92	539738
269.8715	0.0595	ripple_TLL1-2	74	539743
269.879	0.036	ripple_TBAL2-3	69	539758
269.893	0.23	ripple_TLL31-32	96	539786
269.942	0.0275	ripple_TLL14-15	79	539884
269.958	0.0585	ripple_TLL12-13	77	539916
269.9625	0.0405	ripple_TLL19-20	83	539925
269.987	0.056	ripple_TLL29-30	93	539974
269.989	0.034	ripple_TLL3-4	94	539978
269.989	0.2945	ripple_TLL21-22	86	539978
270.0035	0.034	ripple_TLL25-26	89	540007
270.0195	0.06	ripple_TBAL3-4	70	540039
270.024	0.037	ripple_TLL6-7	99	540048
270.026	0.093	ripple_TLL22-23	87	540052
270.043	0.059	ripple_TLL7-8	100	540086
270.065	0.0675	ripple_TLL19-20	83	540130
270.0855	0.08	ripple_TBPL2-3	72	540171
270.091	0.03	ripple_TLL30-31	95	540182
270.104	0.0325	ripple_TLL12-13	77	540208
270.109	0.0555	ripple_TLL1-2	74	540218
270.1115	0.085	ripple_TLL2-3	84	540223
270.1315	0.3615	ripple_TLL23-24	88	540263
270.1455	0.297	ripple_TLL20-21	85	540291
270.1475	0.081	ripple_TLL31-32	96	540295
270.159	0.0385	ripple_TLL7-8	100	540318
270.159	0.0465	ripple_TLL30-31	95	540318
270.161	0.0385	ripple_TLL4-5	97	540322
270.1615	0.0395	ripple_TLL29-30	93	540323
270.1625	0.0435	ripple_TLL28-29	92	540325
270.173	0.041	ripple_TLL18-19	82	540346
270.1795	0.0435	ripple_TLL14-15	79	540359
270.206	0.0775	ripple_TLL27-28	91	540412
270.2065	0.0325	ripple_TLL26-27	90	540413
270.2105	0.069	ripple_TLL1-2	74	540421
270.225	0.033	ripple_TLL11-12	76	540450
270.242	0.08	ripple_TBPL2-3	72	540484
270.2585	0.082	ripple_TLL30-31	95	540517
270.26	0.0335	ripple_TLL15-16	80	540520
270.299	0.0585	ripple_TLL22-23	87	540598
270.306	0.0635	ripple_TLL31-32	96	540612
270.315	0.034	ripple_TLL19-20	83	540630
270.338	0.036	ripple_TLL7-8	100	540676
270.3565	0.0865	ripple_TLL21-22	86	540713
270.3635	0.064	ripple_TLL3-4	94	540727
270.3785	0.0345	ripple_TBPL2-3	72	540757
270.3885	0.083	ripple_TLL22-23	87	540777
270.4145	0.0915	ripple_TBPL1-2	71	540829
270.416	0.122	ripple_TLL31-32	96	540832
270.436	0.046	ripple_TLL15-16	80	540872
270.4405	0.216	ripple_TLL30-31	95	540881
270.45	0.0605	ripple_TLL19-20	83	540900
270.46	0.043	ripple_TLL7-8	100	540920
270.462	0.049	ripple_TLL1-2	74	540924
270.466	0.095	ripple_TLL3-4	94	540932
270.492	0.046	ripple_TLL22-23	87	540984
270.5055	0.135	ripple_TLL29-30	93	541011
270.5135	0.078	ripple_TLL14-15	79	541027
270.52	0.031	ripple_TBPL2-3	72	541040
270.5205	0.0365	ripple_TLL6-7	99	541041
270.531	0.1905	ripple_TLL1-2	74	541062
270.5825	0.056	ripple_TLL31-32	96	541165
270.584	0.1165	ripple_TLL21-22	86	541168
270.5845	0.0405	ripple_TLL2-3	84	541169
270.6295	0.137	ripple_TLL15-16	80	541259
270.659	0.0725	ripple_TLL14-15	79	541318
270.689	0.344	ripple_TBPL1-2	71	541378
270.6955	0.0415	ripple_TLL29-30	93	541391
270.699	0.161	ripple_TLL19-20	83	541398
270.7035	0.0775	ripple_TLL11-12	76	541407
270.7055	0.049	ripple_TLL20-21	85	541411
270.7085	0.059	ripple_TLL30-31	95	541417
270.7095	0.13	ripple_TLL31-32	96	541419
270.7115	0.1	ripple_TLL23-24	88	541423
270.735	0.051	ripple_TLL2-3	84	541470
270.7465	0.0435	ripple_TLL1-2	74	541493
270.7805	0.063	ripple_TBPL2-3	72	541561
270.785	0.0405	ripple_TLL3-4	94	541570
270.8025	0.0815	ripple_TLL20-21	85	541605
270.82	0.0755	ripple_TLL15-16	80	541640
270.829	0.0165	fr_TLL2-3	17	541658
270.8315	0.0365	ripple_TLL7-8	100	541663
270.8315	0.0445	ripple_TLL6-7	99	541663
270.839	0.035	ripple_TLL5-6	98	541678
270.8475	0.0545	ripple_TLL23-24	88	541695
270.849	0.214	ripple_TLL22-23	87	541698
270.865	0.082	ripple_TLL28-29	92	541730
270.872	0.035	ripple_TLL29-30	93	541744
270.8755	0.0545	ripple_TLL14-15	79	541751
270.8855	0.0505	ripple_TBPL2-3	72	541771
270.892	0.0465	ripple_TLL11-12	76	541784
270.894	0.042	ripple_TLL12-13	77	541788
270.904	0.0325	ripple_TLL19-20	83	541808
270.9125	0.0305	ripple_TLL18-19	82	541825
270.9135	0.048	ripple_TLL2-3	84	541827
270.9325	0.1045	ripple_TLL21-22	86	541865
270.936	0.056	ripple_TLL5-6	98	541872
270.941	0.1365	ripple_TLL31-32	96	541882
270.9605	0.1215	ripple_TLL6-7	99	541921
270.9945	0.075	ripple_TLL29-30	93	541989
271.027	0.0545	ripple_TLL28-29	92	542054
271.0345	0.048	ripple_TLL2-3	84	542069
271.04	0.082	ripple_TLL14-15	79	542080
271.0575	0.047	ripple_TLL30-31	95	542115
271.0815	0.193	ripple_TLL1-2	74	542163
271.0915	0.036	ripple_TBPL2-3	72	542183
271.107	0.045	ripple_TLL29-30	93	542214
271.112	0.142	ripple_TLL19-20	83	542224
271.12	0.1485	ripple_TLL5-6	98	542240
271.1315	0.11	ripple_TLL20-21	85	542263
271.142	0.081	ripple_TLL2-3	84	542284
271.152	0.0405	ripple_TLL7-8	100	542304
271.153	0.035	ripple_TLL22-23	87	542306
271.1535	0.0295	ripple_TLL23-24	88	542307
271.1575	0.0365	ripple_TLL6-7	99	542315
271.161	0.1925	ripple_TBPL2-3	72	542322
271.168	0.035	ripple_TBPL1-2	71	542336
271.1705	0.059	ripple_TLL28-29	92	542341
271.1715	0.041	ripple_TLL4-5	97	542343
271.1925	0.074	ripple_TLL29-30	93	542385
271.2025	0.0535	ripple_TLL31-32	96	542405
271.226	0.115	ripple_TLL23-24	88	542452
271.2305	0.111	ripple_TLL22-23	87	542461
271.246	0.0395	ripple_TLL7-8	100	542492
271.2655	0.275	ripple_TLL15-16	80	542531
271.2735	0.0415	ripple_TBPL1-2	71	542547
271.2735	0.045	ripple_TLL11-12	76	542547
271.279	0.073	ripple_TLL31-32	96	542558
271.282	0.069	ripple_TLL18-19	82	542564
271.2865	0.048	ripple_TBPL3-4	73	542573
271.3085	0.084	ripple_TLL21-22	86	542617
271.3225	0.119	ripple_TLL14-15	79	542645
271.3405	0.0265	ripple_TLL17-18	81	542681
271.3485	0.043	ripple_TLL27-28	91	542697
271.371	0.1105	ripple_TLL6-7	99	542742
271.379	0.045	ripple_TLL13-14	78	542758
271.383	0.0785	ripple_TLL2-3	84	542766
271.3845	0.013	fr_TBAL1-2	1	542769
271.387	0.101	ripple_TLL20-21	85	542774
271.407	0.0545	ripple_TBPL2-3	72	542814
271.4185	0.028	ripple_TLL9-10	101	542837
271.4335	0.104	ripple_TLL28-29	92	542867
271.449	0.106	ripple_TLL29-30	93	542898
271.4515	0.1585	ripple_TLL1-2	74	542903
271.453	0.2245	ripple_TLL19-20	83	542906
271.47	0.062	ripple_TBPL1-2	71	542940
271.472	0.2135	ripple_TLL18-19	82	542944
271.483	0.0705	ripple_TBPL3-4	73	542966
271.488	0.059	ripple_TLL26-27	90	542976
271.5095	0.0525	ripple_TLL3-4	94	543019
271.514	0.069	ripple_TLL4-5	97	543028
271.517	0.0585	ripple_TLL30-31	95	543034
271.5215	0.044	ripple_TLL5-6	98	543043
271.5235	0.0435	ripple_TLL10-11	75	543047
271.5365	0.027	ripple_TLL21-22	86	543073
271.5375	0.137	ripple_TLL20-21	85	543075
271.5555	0.0865	ripple_TLL27-28	91	543111
271.5575	0.1435	ripple_TLL28-29	92	543115
271.5805	0.0645	ripple_TLL29-30	93	543161
271.5815	0.0805	ripple_TLL22-23	87	543163
271.583	0.188	ripple_TLL23-24	88	543166
271.5835	0.188	ripple_TBPL1-2	71	543167
271.596	0.052	ripple_TLL2-3	84	543192
271.61	0.043	ripple_TLL14-15	79	543220
271.6185	0.043	ripple_TLL15-16	80	543237
271.627	0.0585	ripple_TLL31-32	96	543254
271.6435	0.051	ripple_TLL1-2	74	543287
271.686	0.0585	ripple_TLL30-31	95	543372
271.6885	0.0905	ripple_TLL22-23	87	543377
271.6955	0.215	ripple_TBPL2-3	72	543391
271.699	0.0475	ripple_TLL27-28	91	543398
271.6995	0.128	ripple_TLL29-30	93	543399
271.7005	0.048	ripple_TLL10-11	75	543401
271.7155	0.048	ripple_TLL1-2	74	543431
271.7245	0.086	ripple_TLL13-14	78	543449
271.725	0.1965	ripple_TLL20-21	85	543450
271.7255	0.041	ripple_TLL7-8	100	543451
271.7345	0.036	ripple_TLL6-7	99	543469
271.7435	0.038	ripple_TLL19-20	83	543487
271.757	0.185	ripple_TLL3-4	94	543514
271.7625	0.0445	ripple_TLL21-22	86	543525
271.768	0.2115	ripple_TLL18-19	82	543536
271.7915	0.25	ripple_TLL23-24	88	543583
271.796	0.0395	ripple_TLL2-3	84	543592
271.805	0.0615	ripple_TLL28-29	92	543610
271.828	0.1705	ripple_TLL14-15	79	543656
271.841	0.029	ripple_TLL22-23	87	543682
271.8455	0.048	ripple_TLL13-14	78	543691
271.86	0.0855	ripple_TBPL1-2	71	543720
271.87	0.151	ripple_TLL29-30	93	543740
271.883	0.1445	ripple_TLL1-2	74	543766
271.8875	0.1025	ripple_TLL30-31	95	543775
271.8935	0.0955	ripple_TLL2-3	84	543787
271.8945	0.0405	ripple_TLL15-16	80	543789
271.906	0.0385	ripple_TLL17-18	81	543812
271.9085	0.137	ripple_TLL22-23	87	543817
271.9315	0.27	ripple_TLL21-22	86	543863
271.9325	0.0505	ripple_TLL28-29	92	543865
271.9495	0.0995	ripple_TLL31-32	96	543899
271.9665	0.1725	ripple_TLL20-21	85	543933
271.969	0.068	ripple_TLL6-7	99	543938
271.971	0.0715	ripple_TLL27-28	91	543942
271.9725	0.0465	ripple_TLL7-8	100	543945
271.9915	0.075	ripple_TLL26-27	90	543983
271.998	0.054	ripple_TLL19-20	83	543996
272.004	0.043	ripple_TBPL3-4	73	544008
272.0055	0.045	ripple_TLL3-4	94	544011
272.0275	0.111	ripple_TLL2-3	84	544055
272.05	0.119	ripple_TLL30-31	95	544100
272.056	0.109	ripple_TLL18-19	82	544112
272.067	0.07	ripple_TLL14-15	79	544134
272.0695	0.08	ripple_TLL1-2	74	544139
272.07	0.0585	ripple_TLL13-14	78	544140
272.075	0.061	ripple_TLL11-12	76	544150
272.077	0.05	ripple_TLL10-11	75	544154
272.0785	0.062	ripple_TLL29-30	93	544157
272.08	0.1235	ripple_TLL23-24	88	544160
272.0855	0.044	ripple_TLL19-20	83	544171
272.1005	0.045	ripple_TLL15-16	80	544201
272.11	0.093	ripple_TLL22-23	87	544220
272.1115	0.0765	ripple_TBPL2-3	72	544223
272.1715	0.0535	ripple_TLL1-2	74	544343
272.172	0.067	ripple_TLL7-8	100	544344
272.188	0.044	ripple_TLL27-28	91	544376
272.193	0.046	ripple_TLL26-27	90	544386
272.195	0.063	ripple_TLL29-30	93	544390
272.2055	0.0615	ripple_TLL30-31	95	544411
272.2095	0.0345	ripple_TBPL2-3	72	544419
272.212	0.033	ripple_TBPL1-2	71	544424
272.2515	0.3585	ripple_TLL23-24	88	544503
272.255	0.0355	ripple_TLL10-11	75	544510
272.258	0.0565	ripple_TLL31-32	96	544516
272.2665	0.1185	ripple_TLL6-7	99	544533
272.277	0.053	ripple_TLL7-8	100	544554
272.286	0.1735	ripple_TLL1-2	74	544572
272.3035	0.101	ripple_TBPL2-3	72	544607
272.32	0.04	ripple_TLL20-21	85	544640
272.333	0.0985	ripple_TLL28-29	92	544666
272.343	0.06	ripple_TLL18-19	82	544686
272.3545	0.036	ripple_TLL14-15	79	544709
272.3605	0.046	ripple_TLL29-30	93	544721
272.3695	0.1055	ripple_TLL30-31	95	544739
272.3865	0.257	ripple_TLL20-21	85	544773
272.416	0.142	ripple_TLL14-15	79	544832
272.4215	0.071	ripple_TLL3-4	94	544843
272.442	0.1675	ripple_TLL22-23	87	544884
272.4485	0.0385	ripple_TLL13-14	78	544897
272.47	0.2015	ripple_TLL31-32	96	544940
272.471	0.0525	ripple_TLL15-16	80	544942
272.4835	0.126	ripple_TLL1-2	74	544967
272.4845	0.067	ripple_TBPL2-3	72	544969
272.4965	0.146	ripple_TLL21-22	86	544993
272.499	0.037	ripple_TLL9-10	101	544998
272.499	0.1075	ripple_TLL2-3	84	544998
272.5125	0.098	ripple_TBPL1-2	71	545025
272.528	0.0945	ripple_TLL6-7	99	545056
272.5325	0.07	ripple_TLL19-20	83	545065
272.538	0.065	ripple_TLL27-28	91	545076
272.554	0.0535	ripple_TLL7-8	100	545108
272.5665	0.0485	ripple_TLL15-16	80	545133
272.6005	0.035	ripple_TLL14-15	79	545201
272.6195	0.2135	ripple_TLL30-31	95	545239
272.63	0.099	ripple_TLL5-6	98	545260
272.642	0.067	ripple_TLL4-5	97	545284
272.644	0.4125	ripple_TLL23-24	88	545288
272.6455	0.356	ripple_TLL22-23	87	545291
272.652	0.1025	ripple_TLL29-30	93	545304
272.653	0.0955	ripple_TLL2-3	84	545306
272.656	0.1585	ripple_TLL1-2	74	545312
272.6665	0.078	ripple_TLL14-15	79	545333
272.6915	0.045	ripple_TLL15-16	80	545383
272.6935	0.0645	ripple_TLL20-21	85	545387
272.695	0.031	ripple_TLL31-32	96	545390
272.696	0.0305	ripple_TBPL1-2	71	545392
272.7105	0.141	ripple_TLL27-28	91	545421
272.7355	0.131	ripple_TBPL2-3	72	545471
272.758	0.1765	ripple_TLL21-22	86	545516
272.7595	0.055	ripple_TLL6-7	99	545519
272.762	0.036	ripple_TLL18-19	82	545524
272.7645	0.1255	ripple_TBPL1-2	71	545529
272.766	0.0595	ripple_TLL3-4	94	545532
272.7715	0.0405	ripple_TLL15-16	80	545543
272.774	0.0335	ripple_TLL4-5	97	545548
272.7825	0.0415	ripple_TLL7-8	100	545565
272.8	0.0475	ripple_TLL20-21	85	545600
272.825	0.107	ripple_TLL31-32	96	545650
272.829	0.051	ripple_TLL5-6	98	545658
272.843	0.0405	ripple_TLL14-15	79	545686
272.8515	0.152	ripple_TLL4-5	97	545703
272.859	0.0805	ripple_TLL18-19	82	545718
272.8635	0.0445	ripple_TLL3-4	94	545727
272.8735	0.0565	ripple_TLL9-10	101	545747
272.892	0.0275	ripple_TLL6-7	99	545784
272.9405	0.0695	ripple_TLL15-16	80	545881
272.942	0.015	fr_TLL20-21	18	545884
272.947	0.036	ripple_TBPL3-4	73	545894
272.9635	0.173	ripple_TLL14-15	79	545927
272.9845	0.1105	ripple_TLL7-8	100	545969
273.001	0.0765	ripple_TLL20-21	85	546002
273.0035	0.134	ripple_TLL21-22	86	546007
273.022	0.0395	ripple_TLL22-23	87	546044
273.0325	0.057	ripple_TLL6-7	99	546065
273.0505	0.0345	ripple_TLL2-3	84	546101
273.056	0.142	ripple_TLL15-16	80	546112
273.076	0.0435	ripple_TLL1-2	74	546152
273.0905	0.0305	ripple_TBPL2-3	72	546181
273.1025	0.036	ripple_TLL13-14	78	546205
273.104	0.039	ripple_TLL10-11	75	546208
273.1235	0.089	ripple_TLL29-30	93	546247
273.1415	0.153	ripple_TLL31-32	96	546283
273.1525	0.0325	ripple_TLL1-2	74	546305
273.1535	0.0205	fr_TLL19-20	16	546307
273.1765	0.244	ripple_TLL20-21	85	546353
273.177	0.07	ripple_TLL7-8	100	546354
273.18	0.058	ripple_TLL21-22	86	546360
273.1945	0.049	ripple_TLL3-4	94	546389
273.224	0.051	ripple_TLL18-19	82	546448
273.2435	0.042	ripple_TLL28-29	92	546487
273.2455	0.045	ripple_TLL30-31	95	546491
273.2455	0.0545	ripple_TLL14-15	79	546491
273.246	0.149	ripple_TBPL2-3	72	546492
273.246	0.2175	ripple_TLL29-30	93	546492
273.262	0.0455	ripple_TLL21-22	86	546524
273.2665	0.0485	ripple_TLL15-16	80	546533
273.267	0.0665	ripple_TLL10-11	75	546534
273.272	0.0395	ripple_TLL11-12	76	546544
273.2785	0.069	ripple_TLL6-7	99	546557
273.315	0.138	ripple_TLL28-29	92	546630
273.3455	0.164	ripple_TLL31-32	96	546691
273.353	0.117	ripple_TLL30-31	95	546706
273.3605	0.0505	ripple_TLL18-19	82	546721
273.3685	0.185	ripple_TLL1-2	74	546737
273.3735	0.0725	ripple_TLL19-20	83	546747
273.375	0.0415	ripple_TLL6-7	99	546750
273.3865	0.0365	ripple_TLL12-13	77	546773
273.39	0.0405	ripple_TLL2-3	84	546780
273.434	0.114	ripple_TLL15-16	80	546868
273.44	0.0385	ripple_TBPL1-2	71	546880
273.449	0.0685	ripple_TBPL2-3	72	546898
273.452	0.036	ripple_TLL6-7	99	546904
273.4555	0.0335	ripple_TLL2-3	84	546911
273.4705	0.1805	ripple_TLL20-21	85	546941
273.4785	0.051	ripple_TBAL3-4	70	546957
273.483	0.0365	ripple_TLL19-20	83	546966
273.4915	0.124	ripple_TLL14-15	79	546983
273.495	0.31	ripple_TLL21-22	86	546990
273.509	0.0415	ripple_TLL2-3	84	547018
273.5125	0.0455	ripple_TLL17-18	81	547025
273.5655	0.0725	ripple_TBPL1-2	71	547131
273.5685	0.049	ripple_TLL4-5	97	547137
273.5735	0.129	ripple_TBPL2-3	72	547147
273.5855	0.0355	ripple_TLL7-8	100	547171
273.5875	0.0405	ripple_TLL15-16	80	547175
273.589	0.0395	ripple_TLL6-7	99	547178
273.5935	0.0455	ripple_TLL19-20	83	547187
273.608	0.154	ripple_TLL9-10	101	547216
273.6265	0.043	ripple_TLL2-3	84	547253
273.645	0.1165	ripple_TLL30-31	95	547290
273.655	0.099	ripple_TLL29-30	93	547310
273.6605	0.0725	ripple_TLL31-32	96	547321
273.6705	0.229	ripple_TLL6-7	99	547341
273.672	0.073	ripple_TLL7-8	100	547344
273.6965	0.035	ripple_TLL5-6	98	547393
273.704	0.2	ripple_TLL19-20	83	547408
273.7065	0.0375	ripple_TLL10-11	75	547413
273.737	0.189	ripple_TLL14-15	79	547474
273.7985	0.04	ripple_TLL10-11	75	547597
273.811	0.033	ripple_TLL4-5	97	547622
273.822	0.082	ripple_TLL28-29	92	547644
273.827	0.0665	ripple_TLL29-30	93	547654
273.827	0.095	ripple_TLL30-31	95	547654
273.8295	0.059	ripple_TLL27-28	91	547659
273.843	0.0465	ripple_TLL7-8	100	547686
273.8725	0.059	ripple_TLL1-2	74	547745
273.886	0.065	ripple_TLL25-26	89	547772
273.893	0.047	ripple_TLL9-10	101	547786
273.898	0.062	ripple_TLL15-16	80	547796
273.9055	0.1375	ripple_TLL31-32	96	547811
273.921	0.0465	ripple_TLL6-7	99	547842
273.9265	0.1065	ripple_TLL19-20	83	547853
273.9815	0.0335	ripple_TLL14-15	79	547963
273.9985	0.0425	ripple_TLL1-2	74	547997
274.0185	0.1265	ripple_TLL30-31	95	548037
274.0305	0.041	ripple_TLL6-7	99	548061
274.032	0.072	ripple_TLL27-28	91	548064
274.036	0.0625	ripple_TLL18-19	82	548072
274.0535	0.031	ripple_TLL20-21	85	548107
274.0545	0.075	ripple_TLL21-22	86	548109
274.0575	0.0675	ripple_TLL15-16	80	548115
274.0635	0.0415	ripple_TBPL2-3	72	548127
274.0635	0.0545	ripple_TLL19-20	83	548127
274.0685	0.166	ripple_TLL1-2	74	548137
274.074	0.0845	ripple_TLL31-32	96	548148
274.1175	0.1295	ripple_TLL22-23	87	548235
274.119	0.071	ripple_TLL2-3	84	548238
274.1505	0.0685	ripple_TLL4-5	97	548301
274.1545	0.131	ripple_TLL19-20	83	548309
274.1665	0.051	ripple_TLL7-8	100	548333
274.1715	0.1055	ripple_TLL20-21	85	548343
274.1915	0.044	ripple_TLL30-31	95	548383
274.1925	0.0755	ripple_TLL31-32	96	548385
274.202	0.0775	ripple_TLL28-29	92	548404
274.21	0.0345	ripple_TLL27-28	91	548420
274.2105	0.05	ripple_TLL21-22	86	548421
274.2145	0.09	ripple_TLL18-19	82	548429
274.218	0.036	ripple_TLL5-6	98	548436
274.2185	0.0595	ripple_TBAL3-4	70	548437
274.227	0.0435	ripple_TBAL2-3	69	548454
274.227	0.065	ripple_TLL3-4	94	548454
274.251	0.04	ripple_TLL4-5	97	548502
274.306	0.1005	ripple_TLL19-20	83	548612
274.3315	0.05	ripple_TLL25-26	89	548663
274.3355	0.03	ripple_TLL2-3	84	548671
274.3395	0.048	ripple_TBPL3-4	73	548679
274.3415	0.0375	ripple_TLL1-2	74	548683
274.346	0.155	ripple_TLL21-22	86	548692
274.3475	0.253	ripple_TLL20-21	85	548695
274.3525	0.0455	ripple_TLL7-8	100	548705
274.3595	0.0405	ripple_TLL15-16	80	548719
274.362	0.0575	ripple_TLL31-32	96	548724
274.382	0.061	ripple_TLL14-15	79	548764
274.392	0.0635	ripple_TLL27-28	91	548784
274.394	0.1	ripple_TLL28-29	92	548788
274.412	0.133	ripple_TLL2-3	84	548824
274.4145	0.0435	ripple_TBAL3-4	70	548829
274.4365	0.139	ripple_TLL22-23	87	548873
274.439	0.046	ripple_TBPL2-3	72	548878
274.4515	0.089	ripple_TLL30-31	95	548903
274.475	0.0585	ripple_TLL1-2	74	548950
274.4765	0.1765	ripple_TLL23-24	88	548953
274.4855	0.239	ripple_TBPL1-2	71	548971
274.4995	0.0365	ripple_TLL19-20	83	548999
274.536	0.047	ripple_TLL5-6	98	549072
274.5595	0.0945	ripple_TLL31-32	96	549119
274.5765	0.0325	ripple_TLL2-3	84	549153
274.578	0.06	ripple_TLL14-15	79	549156
274.5865	0.0715	ripple_TLL19-20	83	549173
274.5875	0.067	ripple_TLL3-4	94	549175
274.5985	0.2225	ripple_TLL18-19	82	549197
274.6105	0.071	ripple_TLL1-2	74	549221
274.621	0.08	ripple_TLL22-23	87	549242
274.6255	0.04	ripple_TLL27-28	91	549251
274.631	0.059	ripple_TLL30-31	95	549262
274.6365	0.1055	ripple_TLL15-16	80	549273
274.639	0.0385	ripple_TLL29-30	93	549278
274.645	0.052	ripple_TLL26-27	90	549290
274.653	0.039	ripple_TBPL2-3	72	549306
274.6535	0.1885	ripple_TLL21-22	86	549307
274.657	0.034	ripple_TLL7-8	100	549314
274.6655	0.073	ripple_TLL14-15	79	549331
274.667	0.1285	ripple_TLL13-14	78	549334
274.6765	0.2665	ripple_TLL23-24	88	549353
274.6875	0.0445	ripple_TLL5-6	98	549375
274.723	0.057	ripple_TLL9-10	101	549446
274.729	0.104	ripple_TLL22-23	87	549458
274.7315	0.034	ripple_TLL28-29	92	549463
274.7335	0.041	ripple_TLL3-4	94	549467
274.7375	0.0595	ripple_TLL2-3	84	549475
274.7385	0.068	ripple_TLL17-18	81	549477
274.7445	0.056	ripple_TLL20-21	85	549489
274.7535	0.0875	ripple_TLL1-2	74	549507
274.7645	0.141	ripple_TLL14-15	79	549529
274.7655	0.037	ripple_TLL7-8	100	549531
274.772	0.05	ripple_TLL27-28	91	549544
274.7745	0.079	ripple_TLL15-16	80	549549
274.788	0.0355	ripple_TLL31-32	96	549576
274.796	0.082	ripple_TBPL2-3	72	549592
274.816	0.0485	ripple_TLL19-20	83	549632
274.8335	0.029	ripple_TLL2-3	84	549667
274.8455	0.084	ripple_TLL4-5	97	549691
274.8675	0.0455	ripple_TLL29-30	93	549735
274.87	0.0545	ripple_TLL3-4	94	549740
274.876	0.0705	ripple_TLL22-23	87	549752
274.887	0.072	ripple_TLL31-32	96	549774
274.891	0.111	ripple_TLL30-31	95	549782
274.901	0.0365	ripple_TLL15-16	80	549802
274.901	0.254	ripple_TLL19-20	83	549802
274.905	0.2745	ripple_TLL18-19	82	549810
274.9095	0.0565	ripple_TLL17-18	81	549819
274.911	0.1705	ripple_TBPL2-3	72	549822
274.949	0.0985	ripple_TLL20-21	85	549898
274.951	0.047	ripple_TLL11-12	76	549902
274.9545	0.0395	ripple_TBAL3-4	70	549909
274.9625	0.204	ripple_TLL1-2	74	549925
274.9665	0.321	ripple_TLL21-22	86	549933
274.9685	0.047	ripple_TLL23-24	88	549937
274.9975	0.0525	ripple_TLL13-14	78	549995
274.998	0.0695	ripple_TLL4-5	97	549996
275.0	0.0475	ripple_TLL7-8	100	550000
275.0035	0.0515	ripple_TLL12-13	77	550007
275.0055	0.129	ripple_TLL15-16	80	550011
275.006	0.1575	ripple_TLL14-15	79	550012
275.0075	0.4365	ripple_TLL2-3	84	550015
275.0075	0.4365	fr_TLL2-3	17	550015
275.0075	0.4365	frandr_TLL2-3	51	550015
275.009	0.042	ripple_TLL31-32	96	550018
275.0195	0.04	ripple_TLL22-23	87	550039
275.037	0.069	ripple_TLL29-30	93	550074
275.0425	0.0685	ripple_TLL28-29	92	550085
275.055	0.1305	ripple_TLL11-12	76	550110
275.082	0.101	ripple_TLL17-18	81	550164
275.104	0.0515	ripple_TLL20-21	85	550208
275.105	0.367	ripple_TBPL2-3	72	550210
275.106	0.0705	ripple_TLL26-27	90	550212
275.1075	0.3655	ripple_TLL22-23	87	550215
275.1195	0.244	ripple_TLL3-4	94	550239
275.1245	0.351	ripple_TLL23-24	88	550249
275.1675	0.0375	ripple_TLL15-16	80	550335
275.1685	0.0525	ripple_TLL27-28	91	550337
275.1735	0.056	ripple_TLL28-29	92	550347
275.179	0.0535	ripple_TLL4-5	97	550358
275.194	0.2115	ripple_TLL31-32	96	550388
275.2025	0.0545	ripple_TLL19-20	83	550405
275.2155	0.0955	ripple_TLL14-15	79	550431
275.223	0.2045	ripple_TLL20-21	85	550446
275.2315	0.0365	ripple_TLL29-30	93	550463
275.239	0.0425	ripple_TLL15-16	80	550478
275.256	0.067	ripple_TLL4-5	97	550512
275.263	0.048	ripple_TLL13-14	78	550526
275.2705	0.033	ripple_TLL18-19	82	550541
275.271	0.191	ripple_TLL1-2	74	550542
275.2935	0.039	ripple_TLL17-18	81	550587
275.299	0.0505	ripple_TLL10-11	75	550598
275.2995	0.0505	ripple_TLL6-7	99	550599
275.3175	0.0395	ripple_TLL7-8	100	550635
275.3595	0.0485	ripple_TLL30-31	95	550719
275.375	0.0535	ripple_TLL29-30	93	550750
275.38	0.046	ripple_TLL18-19	82	550760
275.3915	0.049	ripple_TLL9-10	101	550783
275.43	0.038	ripple_TLL15-16	80	550860
275.448	0.037	ripple_TLL18-19	82	550896
275.4495	0.191	ripple_TLL29-30	93	550899
275.4585	0.047	ripple_TLL30-31	95	550917
275.459	0.0685	ripple_TLL27-28	91	550918
275.4645	0.0735	ripple_TLL26-27	90	550929
275.4645	0.0735	fr_TLL26-27	23	550929
275.4645	0.0735	frandr_TLL26-27	57	550929
275.4705	0.0475	ripple_TBAL3-4	70	550941
275.4865	0.2885	ripple_TLL20-21	85	550973
275.493	0.0805	ripple_TLL2-3	84	550986
275.496	0.0445	ripple_TLL7-8	100	550992
275.5005	0.0675	ripple_TLL1-2	74	551001
275.5025	0.0745	ripple_TLL13-14	78	551005
275.513	0.0385	ripple_TLL31-32	96	551026
275.523	0.036	ripple_TLL21-22	86	551046
275.553	0.067	ripple_TBPL2-3	72	551106
275.579	0.196	ripple_TLL7-8	100	551158
275.5885	0.0725	ripple_TLL19-20	83	551177
275.6105	0.1085	ripple_TLL31-32	96	551221
275.6155	0.064	ripple_TLL1-2	74	551231
275.6205	0.0445	ripple_TLL9-10	101	551241
275.647	0.126	ripple_TLL6-7	99	551294
275.649	0.0455	ripple_TLL30-31	95	551298
275.655	0.0485	ripple_TLL28-29	92	551310
275.6585	0.057	ripple_TLL5-6	98	551317
275.67	0.0485	ripple_TBAL3-4	70	551340
275.674	0.0375	ripple_TLL4-5	97	551348
275.6755	0.0665	ripple_TLL14-15	79	551351
275.676	0.0445	ripple_TBAL2-3	69	551352
275.6775	0.043	ripple_TLL21-22	86	551355
275.6935	0.0485	ripple_TLL15-16	80	551387
275.7505	0.0395	ripple_TLL3-4	94	551501
275.754	0.0355	ripple_TLL4-5	97	551508
275.774	0.1035	ripple_TLL19-20	83	551548
275.775	0.0395	ripple_TLL31-32	96	551550
275.776	0.1025	ripple_TLL14-15	79	551552
275.7925	0.1165	ripple_TLL29-30	93	551585
275.8065	0.0665	ripple_TLL13-14	78	551613
275.8075	0.0615	ripple_TBPL2-3	72	551615
275.8085	0.03	ripple_TLL21-22	86	551617
275.8125	0.0425	ripple_TBAL1-2	68	551625
275.843	0.0485	ripple_TLL31-32	96	551686
275.8655	0.0755	ripple_TLL30-31	95	551731
275.8835	0.0455	ripple_TLL6-7	99	551767
275.8855	0.0345	ripple_TLL7-8	100	551771
275.9005	0.055	ripple_TLL11-12	76	551801
275.906	0.0625	ripple_TLL18-19	82	551812
275.931	0.1215	ripple_TLL20-21	85	551862
275.9355	0.142	ripple_TLL1-2	74	551871
275.949	0.2155	ripple_TLL19-20	83	551898
275.951	0.0485	ripple_TLL29-30	93	551902
275.952	0.109	ripple_TLL15-16	80	551904
275.9655	0.0455	ripple_TLL6-7	99	551931
275.98	0.0455	ripple_TLL21-22	86	551960
275.9895	0.1105	ripple_TLL14-15	79	551979
275.9935	0.0385	ripple_TLL3-4	94	551987
276.0035	0.066	ripple_TLL2-3	84	552007
276.004	0.0275	ripple_TLL17-18	81	552008
276.016	0.0535	ripple_TLL28-29	92	552032
276.057	0.0455	ripple_TLL7-8	100	552114
276.075	0.0685	ripple_TLL18-19	82	552150
276.076	0.099	ripple_TLL29-30	93	552152
276.077	0.0385	ripple_TLL13-14	78	552154
276.092	0.0825	ripple_TLL28-29	92	552184
276.0935	0.122	ripple_TBPL1-2	71	552187
276.0955	0.089	ripple_TLL3-4	94	552191
276.1025	0.1035	ripple_TLL2-3	84	552205
276.1295	0.0385	ripple_TLL7-8	100	552259
276.136	0.057	ripple_TLL14-15	79	552272
276.1375	0.05	ripple_TLL5-6	98	552275
276.1655	0.0925	ripple_TLL18-19	82	552331
276.1675	0.0515	ripple_TLL1-2	74	552335
276.1725	0.0535	ripple_TLL15-16	80	552345
276.1805	0.094	ripple_TLL21-22	86	552361
276.185	0.044	ripple_TLL31-32	96	552370
276.2035	0.1575	ripple_TLL30-31	95	552407
276.208	0.052	ripple_TLL20-21	85	552416
276.2205	0.2795	ripple_TLL29-30	93	552441
276.221	0.0625	ripple_TLL28-29	92	552442
276.2235	0.152	ripple_TLL27-28	91	552447
276.2725	0.051	ripple_TLL1-2	74	552545
276.273	0.111	ripple_TLL15-16	80	552546
276.289	0.06	ripple_TBPL1-2	71	552578
276.2985	0.0565	ripple_TLL23-24	88	552597
276.2985	0.159	ripple_TLL20-21	85	552597
276.301	0.1275	ripple_TLL22-23	87	552602
276.313	0.251	ripple_TBPL2-3	72	552626
276.3205	0.04	ripple_TLL13-14	78	552641
276.3225	0.042	ripple_TLL19-20	83	552645
276.3435	0.064	ripple_TLL28-29	92	552687
276.3625	0.0645	ripple_TLL4-5	97	552725
276.3795	0.041	ripple_TLL6-7	99	552759
276.3825	0.037	ripple_TLL7-8	100	552765
276.384	0.0565	ripple_TLL1-2	74	552768
276.3935	0.228	ripple_TLL21-22	86	552787
276.405	0.153	ripple_TLL31-32	96	552810
276.4215	0.066	ripple_TLL18-19	82	552843
276.428	0.0365	ripple_TLL17-18	81	552856
276.428	0.0395	ripple_TLL9-10	101	552856
276.4295	0.094	ripple_TLL13-14	78	552859
276.447	0.0245	ripple_TLL28-29	92	552894
276.4495	0.121	ripple_TLL23-24	88	552899
276.4575	0.0395	ripple_TLL6-7	99	552915
276.4805	0.0395	ripple_TLL7-8	100	552961
276.485	0.0425	ripple_TLL20-21	85	552970
276.4925	0.1125	ripple_TLL19-20	83	552985
276.4935	0.0545	ripple_TLL14-15	79	552987
276.5055	0.0815	ripple_TLL15-16	80	553011
276.515	0.029	ripple_TLL2-3	84	553030
276.529	0.104	ripple_TLL29-30	93	553058
276.532	0.0885	ripple_TLL30-31	95	553064
276.559	0.054	ripple_TLL20-21	85	553118
276.571	0.035	ripple_TLL7-8	100	553142
276.5725	0.0885	ripple_TLL22-23	87	553145
276.5825	0.0345	ripple_TLL17-18	81	553165
276.5885	0.0335	ripple_TLL26-27	90	553177
276.59	0.099	ripple_TLL1-2	74	553180
276.598	0.0485	ripple_TBPL2-3	72	553196
276.606	0.055	ripple_TLL23-24	88	553212
276.6185	0.1165	ripple_TLL31-32	96	553237
276.658	0.2305	ripple_TLL19-20	83	553316
276.676	0.0705	ripple_TLL18-19	82	553352
276.678	0.0865	ripple_TLL29-30	93	553356
276.6815	0.0275	ripple_TLL22-23	87	553363
276.6855	0.0355	ripple_TLL6-7	99	553371
276.693	0.044	ripple_TLL30-31	95	553386
276.6985	0.283	ripple_TBPL1-2	71	553397
276.718	0.037	ripple_TLL26-27	90	553436
276.7205	0.138	ripple_TLL1-2	74	553441
276.7535	0.094	ripple_TBPL2-3	72	553507
276.755	0.0955	ripple_TLL21-22	86	553510
276.7575	0.106	ripple_TLL5-6	98	553515
276.762	0.089	ripple_TLL23-24	88	553524
276.763	0.0955	ripple_TLL22-23	87	553526
276.7715	0.06	ripple_TLL28-29	92	553543
276.8	0.041	ripple_TLL15-16	80	553600
276.802	0.0615	ripple_TLL7-8	100	553604
276.8255	0.0545	ripple_TLL27-28	91	553651
276.8355	0.043	ripple_TLL2-3	84	553671
276.845	0.0755	ripple_TLL14-15	79	553690
276.846	0.028	ripple_TLL29-30	93	553692
276.853	0.0495	ripple_TLL30-31	95	553706
276.873	0.074	ripple_TLL31-32	96	553746
276.8735	0.052	ripple_TLL6-7	99	553747
276.889	0.106	ripple_TLL1-2	74	553778
276.8965	0.0445	ripple_TLL18-19	82	553793
276.899	0.0295	ripple_TLL17-18	81	553798
276.904	0.1315	ripple_TLL29-30	93	553808
276.9305	0.0585	ripple_TLL5-6	98	553861
276.934	0.163	ripple_TLL20-21	85	553868
276.939	0.0645	ripple_TLL21-22	86	553878
276.944	0.039	ripple_TLL11-12	76	553888
276.9465	0.0345	ripple_TLL12-13	77	553893
276.949	0.0425	ripple_TLL15-16	80	553898
276.9495	0.2095	ripple_TLL6-7	99	553899
276.9525	0.0435	ripple_TBPL3-4	73	553905
276.964	0.0545	ripple_TLL4-5	97	553928
276.967	0.0425	ripple_TLL23-24	88	553934
276.9765	0.062	ripple_TLL7-8	100	553953
276.979	0.358	ripple_TLL28-29	92	553958
276.9795	0.1795	ripple_TLL31-32	96	553959
277.002	0.06	ripple_TLL19-20	83	554004
277.0075	0.1655	ripple_TLL14-15	79	554015
277.0235	0.0985	ripple_TLL15-16	80	554047
277.031	0.089	ripple_TLL30-31	95	554062
277.056	0.033	ripple_TLL23-24	88	554112
277.059	0.03	ripple_TLL21-22	86	554118
277.0645	0.0665	ripple_TLL12-13	77	554129
277.065	0.075	ripple_TLL18-19	82	554130
277.065	0.075	fr_TLL18-19	15	554130
277.065	0.075	frandr_TLL18-19	49	554130
277.0775	0.031	ripple_TLL4-5	97	554155
277.0855	0.097	ripple_TBPL1-2	71	554171
277.0955	0.0345	ripple_TLL1-2	74	554191
277.099	0.112	ripple_TLL22-23	87	554198
277.102	0.394	ripple_TLL19-20	83	554204
277.116	0.045	ripple_TLL13-14	78	554232
277.1305	0.0125	fr_TLL4-5	30	554261
277.135	0.109	ripple_TBPL2-3	72	554270
277.143	0.0665	ripple_TLL7-8	100	554286
277.1445	0.2135	ripple_TLL30-31	95	554289
277.1755	0.0355	ripple_TLL21-22	86	554351
277.1915	0.0435	ripple_TLL11-12	76	554383
277.217	0.083	ripple_TLL18-19	82	554434
277.222	0.195	ripple_TLL2-3	84	554444
277.2225	0.173	ripple_TLL20-21	85	554445
277.266	0.0435	ripple_TLL23-24	88	554532
277.267	0.22	ripple_TBPL2-3	72	554534
277.2675	0.257	ripple_TLL29-30	93	554535
277.268	0.0355	ripple_TLL22-23	87	554536
277.2805	0.0425	ripple_TLL11-12	76	554561
277.2825	0.0705	ripple_TLL27-28	91	554565
277.333	0.0715	ripple_TLL21-22	86	554666
277.3345	0.0985	ripple_TLL3-4	94	554669
277.3425	0.0425	ripple_TLL15-16	80	554685
277.345	0.0435	ripple_TLL23-24	88	554690
277.3505	0.0775	ripple_TLL31-32	96	554701
277.366	0.052	ripple_TLL1-2	74	554732
277.3895	0.066	ripple_TLL6-7	99	554779
277.4	0.0925	ripple_TLL30-31	95	554800
277.4095	0.0905	ripple_TLL14-15	79	554819
277.428	0.239	ripple_TLL20-21	85	554856
277.43	0.0395	ripple_TLL27-28	91	554860
277.4305	0.1175	ripple_TLL23-24	88	554861
277.4395	0.055	ripple_TLL13-14	78	554879
277.4405	0.0375	ripple_TLL1-2	74	554881
277.481	0.0435	ripple_TLL18-19	82	554962
277.4825	0.1265	ripple_TLL31-32	96	554965
277.486	0.0605	ripple_TLL22-23	87	554972
277.4865	0.046	ripple_TLL7-8	100	554973
277.4895	0.071	ripple_TLL5-6	98	554979
277.4985	0.089	ripple_TLL28-29	92	554997
277.5235	0.0475	ripple_TLL2-3	84	555047
277.5285	0.1385	ripple_TBPL2-3	72	555057
277.535	0.0365	ripple_TLL26-27	90	555070
277.539	0.031	ripple_TLL17-18	81	555078
277.545	0.0485	ripple_TLL1-2	74	555090
277.561	0.06	ripple_TLL21-22	86	555122
277.579	0.274	ripple_TLL15-16	80	555158
277.6125	0.042	ripple_TLL30-31	95	555225
277.6125	0.046	ripple_TLL7-8	100	555225
277.6195	0.201	ripple_TLL22-23	87	555239
277.6265	0.029	ripple_TLL23-24	88	555253
277.6275	0.2405	ripple_TLL29-30	93	555255
277.632	0.179	ripple_TLL31-32	96	555264
277.6825	0.043	ripple_TLL21-22	86	555365
277.6835	0.1035	ripple_TLL30-31	95	555367
277.6885	0.17	ripple_TLL20-21	85	555377
277.699	0.054	ripple_TLL14-15	79	555398
277.7025	0.1245	ripple_TLL23-24	88	555405
277.709	0.132	ripple_TLL1-2	74	555418
277.718	0.2485	ripple_TLL6-7	99	555436
277.752	0.011	fr_TLL5-6	31	555504
277.775	0.097	ripple_TLL7-8	100	555550
277.7805	0.052	ripple_TLL13-14	78	555561
277.7855	0.047	ripple_TLL2-3	84	555571
277.7955	0.031	ripple_TLL10-11	75	555591
277.8035	0.0365	ripple_TLL19-20	83	555607
277.8185	0.1825	ripple_TLL30-31	95	555637
277.847	0.0385	ripple_TLL3-4	94	555694
277.8475	0.121	ripple_TLL31-32	96	555695
277.85	0.0445	ripple_TLL28-29	92	555700
277.8545	0.043	ripple_TLL2-3	84	555709
277.884	0.051	ripple_TLL22-23	87	555768
277.8955	0.134	ripple_TLL20-21	85	555791
277.903	0.127	ripple_TLL1-2	74	555806
277.9055	0.048	ripple_TLL13-14	78	555811
277.929	0.095	ripple_TLL5-6	98	555858
277.9315	0.116	ripple_TLL14-15	79	555863
277.9355	0.132	ripple_TLL15-16	80	555871
277.9495	0.0805	ripple_TLL28-29	92	555899
277.954	0.041	ripple_TLL23-24	88	555908
277.955	0.052	ripple_TLL19-20	83	555910
277.9575	0.063	ripple_TLL3-4	94	555915
277.965	0.0455	ripple_TLL18-19	82	555930
277.9695	0.089	ripple_TLL2-3	84	555939
277.972	0.06	ripple_TLL29-30	93	555944
278.0015	0.057	ripple_TLL7-8	100	556003
278.011	0.0505	ripple_TLL6-7	99	556022
278.038	0.01	fr_TLL11-12	9	556076
278.0455	0.0485	ripple_TLL27-28	91	556091
278.0585	0.0485	ripple_TLL31-32	96	556117
278.061	0.0455	ripple_TLL30-31	95	556122
278.0665	0.031	ripple_TLL21-22	86	556133
278.074	0.064	ripple_TBPL2-3	72	556148
278.0755	0.058	ripple_TLL18-19	82	556151
278.0785	0.092	ripple_TLL9-10	101	556157
278.08	0.085	ripple_TLL2-3	84	556160
278.112	0.034	ripple_TLL28-29	92	556224
278.1165	0.045	ripple_TLL7-8	100	556233
278.128	0.0535	ripple_TLL1-2	74	556256
278.1415	0.0585	ripple_TLL14-15	79	556283
278.156	0.0905	ripple_TBPL3-4	73	556312
278.168	0.0395	ripple_TLL6-7	99	556336
278.1755	0.066	ripple_TBPL2-3	72	556351
278.1785	0.1065	ripple_TLL20-21	85	556357
278.181	0.081	ripple_TLL21-22	86	556362
278.1955	0.0355	ripple_TLL19-20	83	556391
278.2005	0.112	ripple_TLL2-3	84	556401
278.209	0.035	ripple_TLL13-14	78	556418
278.221	0.036	ripple_TLL31-32	96	556442
278.223	0.0465	ripple_TLL30-31	95	556446
278.224	0.06	ripple_TLL1-2	74	556448
278.2295	0.05	ripple_TLL6-7	99	556459
278.2295	0.056	ripple_TLL7-8	100	556459
278.2405	0.0355	ripple_TLL25-26	89	556481
278.242	0.0375	ripple_TLL15-16	80	556484
278.2465	0.0725	ripple_TLL28-29	92	556493
278.2575	0.0335	ripple_TLL4-5	97	556515
278.284	0.058	ripple_TLL29-30	93	556568
278.298	0.1335	ripple_TLL21-22	86	556596
278.316	0.1515	ripple_TBPL3-4	73	556632
278.3315	0.1155	ripple_TLL1-2	74	556663
278.3325	0.08	ripple_TLL2-3	84	556665
278.341	0.047	ripple_TLL19-20	83	556682
278.3485	0.038	ripple_TLL15-16	80	556697
278.351	0.0715	ripple_TLL17-18	81	556702
278.3645	0.0475	ripple_TLL14-15	79	556729
278.3775	0.0695	ripple_TLL3-4	94	556755
278.3795	0.05	ripple_TLL6-7	99	556759
278.3825	0.04	ripple_TLL7-8	100	556765
278.388	0.0465	ripple_TLL18-19	82	556776
278.411	0.054	ripple_TLL26-27	90	556822
278.419	0.046	ripple_TLL28-29	92	556838
278.4525	0.0315	ripple_TLL14-15	79	556905
278.4705	0.097	ripple_TLL19-20	83	556941
278.474	0.0335	ripple_TLL27-28	91	556948
278.48	0.0555	ripple_TLL23-24	88	556960
278.481	0.0545	ripple_TLL22-23	87	556962
278.494	0.048	ripple_TBPL2-3	72	556988
278.5	0.0995	ripple_TLL31-32	96	557000
278.5275	0.083	ripple_TLL21-22	86	557055
278.552	0.089	ripple_TLL18-19	82	557104
278.567	0.0585	ripple_TLL9-10	101	557134
278.581	0.1675	ripple_TBPL2-3	72	557162
278.588	0.0445	ripple_TLL17-18	81	557176
278.5925	0.034	ripple_TBAL1-2	68	557185
278.5965	0.1005	ripple_TLL29-30	93	557193
278.599	0.293	ripple_TLL19-20	83	557198
278.5995	0.098	ripple_TLL20-21	85	557199
278.611	0.2395	ripple_TLL7-8	100	557222
278.642	0.051	ripple_TLL25-26	89	557284
278.655	0.0375	ripple_TLL23-24	88	557310
278.6715	0.0555	ripple_TLL30-31	95	557343
278.675	0.094	ripple_TLL6-7	99	557350
278.6785	0.1415	ripple_TLL31-32	96	557357
278.68	0.058	ripple_TLL18-19	82	557360
278.695	0.1155	ripple_TLL1-2	74	557390
278.7065	0.0595	ripple_TLL17-18	81	557413
278.7185	0.046	ripple_TLL21-22	86	557437
278.722	0.0425	ripple_TLL2-3	84	557444
278.7405	0.0455	ripple_TLL23-24	88	557481
278.771	0.1455	ripple_TLL18-19	82	557542
278.777	0.0505	ripple_TLL29-30	93	557554
278.78	0.0605	ripple_TLL30-31	95	557560
278.787	0.0595	ripple_TLL14-15	79	557574
278.8	0.079	ripple_TLL27-28	91	557600
278.808	0.0125	fr_TBPL1-2	4	557616
278.8175	0.033	ripple_TLL28-29	92	557635
278.832	0.042	ripple_TLL1-2	74	557664
278.8325	0.046	ripple_TLL23-24	88	557665
278.866	0.0445	ripple_TBPL3-4	73	557732
278.87	0.052	ripple_TLL29-30	93	557740
278.875	0.05	ripple_TLL30-31	95	557750
278.8865	0.0595	ripple_TLL21-22	86	557773
278.9095	0.126	ripple_TLL31-32	96	557819
278.925	0.1715	ripple_TBPL1-2	71	557850
278.9395	0.085	ripple_TLL6-7	99	557879
278.9435	0.1055	ripple_TLL29-30	93	557887
278.956	0.049	ripple_TLL25-26	89	557912
278.965	0.1915	ripple_TLL1-2	74	557930
278.966	0.055	ripple_TLL21-22	86	557932
278.9695	0.0555	ripple_TLL30-31	95	557939
278.971	0.096	ripple_TBPL2-3	72	557942
278.979	0.1245	ripple_TLL2-3	84	557958
278.9865	0.096	ripple_TLL23-24	88	557973
278.9915	0.057	ripple_TLL14-15	79	557983
278.9925	0.226	ripple_TLL15-16	80	557985
279.004	0.032	ripple_TLL28-29	92	558008
279.02	0.072	ripple_TLL18-19	82	558040
279.028	0.1875	ripple_TLL20-21	85	558056
279.0285	0.0455	ripple_TLL5-6	98	558057
279.029	0.0395	ripple_TLL3-4	94	558058
279.031	0.0475	ripple_TBPL3-4	73	558062
279.0485	0.248	ripple_TLL21-22	86	558097
279.0555	0.146	ripple_TLL31-32	96	558111
279.056	0.036	ripple_TLL30-31	95	558112
279.0805	0.1715	ripple_TLL13-14	78	558161
279.0905	0.058	ripple_TLL14-15	79	558181
279.1095	0.183	ripple_TLL29-30	93	558219
279.1275	0.0655	ripple_TBPL2-3	72	558255
279.159	0.0395	ripple_TLL6-7	99	558318
279.203	0.119	ripple_TLL1-2	74	558406
279.2065	0.081	ripple_TLL14-15	79	558413
279.2075	0.0615	ripple_TLL7-8	100	558415
279.22	0.3025	ripple_TLL19-20	83	558440
279.2435	0.1135	ripple_TLL15-16	80	558487
279.248	0.0415	ripple_TLL10-11	75	558496
279.2585	0.0655	ripple_TBPL2-3	72	558517
279.276	0.0305	ripple_TLL11-12	76	558552
279.277	0.05	ripple_TLL13-14	78	558554
279.2905	0.015	fr_TLL23-24	21	558581
279.3025	0.066	ripple_TLL17-18	81	558605
279.3065	0.0565	ripple_TLL27-28	91	558613
279.3105	0.041	ripple_TLL6-7	99	558621
279.3135	0.05	ripple_TLL14-15	79	558627
279.3215	0.036	ripple_TLL9-10	101	558643
279.326	0.0365	ripple_TLL20-21	85	558652
279.3505	0.0985	ripple_TLL4-5	97	558701
279.3525	0.0925	ripple_TLL3-4	94	558705
279.37	0.0265	ripple_TLL29-30	93	558740
279.37	0.055	ripple_TBPL2-3	72	558740
279.3875	0.0565	ripple_TLL13-14	78	558775
279.392	0.136	ripple_TLL21-22	86	558784
279.4095	0.0365	ripple_TLL2-3	84	558819
279.4135	0.06	ripple_TLL7-8	100	558827
279.4195	0.059	ripple_TLL18-19	82	558839
279.4445	0.0395	ripple_TLL28-29	92	558889
279.454	0.075	ripple_TLL20-21	85	558908
279.456	0.0365	ripple_TBPL3-4	73	558912
279.4615	0.512	ripple_TLL30-31	95	558923
279.474	0.089	ripple_TLL14-15	79	558948
279.4835	0.0425	ripple_TLL3-4	94	558967
279.4945	0.023	fr_TLL23-24	21	558989
279.51	0.0495	ripple_TLL12-13	77	559020
279.535	0.0985	ripple_TLL15-16	80	559070
279.5385	0.0415	ripple_TLL2-3	84	559077
279.541	0.0685	ripple_TLL31-32	96	559082
279.5735	0.046	ripple_TLL28-29	92	559147
279.574	0.042	ripple_TLL20-21	85	559148
279.5775	0.1165	ripple_TLL21-22	86	559155
279.5845	0.0615	ripple_TLL29-30	93	559169
279.587	0.23	ripple_TBPL2-3	72	559174
279.6075	0.062	ripple_TLL7-8	100	559215
279.6345	0.0635	ripple_TLL31-32	96	559269
279.6475	0.093	ripple_TLL19-20	83	559295
279.6555	0.061	ripple_TLL28-29	92	559311
279.656	0.135	ripple_TLL18-19	82	559312
279.6785	0.0495	ripple_TLL5-6	98	559357
279.6795	0.1135	ripple_TLL1-2	74	559359
279.682	0.034	ripple_TLL2-3	84	559364
279.704	0.011	fr_TLL15-16	13	559408
279.7075	0.159	ripple_TLL29-30	93	559415
279.7225	0.0855	ripple_TLL15-16	80	559445
279.7525	0.048	ripple_TLL7-8	100	559505
279.7595	0.0695	ripple_TLL31-32	96	559519
279.772	0.016	fr_TLL22-23	20	559544
279.773	0.067	ripple_TLL26-27	90	559546
279.777	0.0525	ripple_TLL11-12	76	559554
279.7945	0.109	ripple_TLL21-22	86	559589
279.8035	0.1765	ripple_TLL17-18	81	559607
279.809	0.0475	ripple_TLL27-28	91	559618
279.809	0.076	ripple_TLL5-6	98	559618
279.815	0.035	ripple_TLL6-7	99	559630
279.816	0.0765	ripple_TLL13-14	78	559632
279.827	0.0465	ripple_TLL18-19	82	559654
279.8395	0.061	ripple_TLL12-13	77	559679
279.85	0.302	ripple_TLL20-21	85	559700
279.853	0.096	ripple_TLL19-20	83	559706
279.8595	0.129	ripple_TBPL2-3	72	559719
279.8625	0.1055	ripple_TLL14-15	79	559725
279.886	0.1305	ripple_TLL31-32	96	559772
279.894	0.112	ripple_TLL4-5	97	559788
279.9105	0.0535	ripple_TLL28-29	92	559821
279.9105	0.0995	ripple_TLL29-30	93	559821
279.9115	0.049	ripple_TLL11-12	76	559823
279.927	0.0365	ripple_TLL3-4	94	559854
279.9325	0.071	ripple_TLL5-6	98	559865
279.951	0.087	ripple_TLL6-7	99	559902
279.956	0.0395	ripple_TLL27-28	91	559912
279.982	0.089	ripple_TLL7-8	100	559964
279.9925	0.273	ripple_TLL1-2	74	559985
279.9975	0.109	ripple_TLL21-22	86	559995
280.0145	0.0415	ripple_TLL12-13	77	560029
280.042	0.182	ripple_TLL29-30	93	560084
280.0435	0.1235	ripple_TLL28-29	92	560087
280.057	0.034	ripple_TLL19-20	83	560114
280.0615	0.069	ripple_TBPL2-3	72	560123
280.0695	0.0395	ripple_TLL2-3	84	560139
280.0815	0.0575	ripple_TBPL1-2	71	560163
280.084	0.0965	ripple_TLL27-28	91	560168
280.09	0.192	ripple_TLL30-31	95	560180
280.0945	0.163	ripple_TLL4-5	97	560189
280.0985	0.051	ripple_TLL18-19	82	560197
280.114	0.096	ripple_TLL19-20	83	560228
280.1275	0.0255	ripple_TLL21-22	86	560255
280.151	0.109	ripple_TLL2-3	84	560302
280.163	0.095	ripple_TLL3-4	94	560326
280.17	0.0415	ripple_TLL26-27	90	560340
280.196	0.091	ripple_TLL22-23	87	560392
280.2045	0.0475	ripple_TBPL2-3	72	560409
280.205	0.0305	ripple_TLL17-18	81	560410
280.212	0.086	ripple_TBPL1-2	71	560424
280.2215	0.064	ripple_TLL15-16	80	560443
280.2235	0.1125	ripple_TLL6-7	99	560447
280.2255	0.1675	ripple_TLL7-8	100	560451
280.244	0.0445	ripple_TLL26-27	90	560488
280.2655	0.034	ripple_TLL21-22	86	560531
280.269	0.0615	ripple_TLL17-18	81	560538
280.2695	0.129	ripple_TLL28-29	92	560539
280.274	0.0605	ripple_TLL19-20	83	560548
280.2915	0.0325	ripple_TLL14-15	79	560583
280.3	0.159	ripple_TLL29-30	93	560600
280.3275	0.1245	ripple_TLL1-2	74	560655
280.3295	0.101	ripple_TLL20-21	85	560659
280.33	0.0755	ripple_TBPL2-3	72	560660
280.3345	0.032	ripple_TLL31-32	96	560669
280.3385	0.076	ripple_TLL26-27	90	560677
280.344	0.0885	ripple_TLL30-31	95	560688
280.35	0.189	ripple_TLL2-3	84	560700
280.366	0.0405	ripple_TLL15-16	80	560732
280.373	0.067	ripple_TLL19-20	83	560746
280.402	0.0655	ripple_TLL18-19	82	560804
280.402	0.0955	ripple_TLL6-7	99	560804
280.407	0.039	ripple_TLL21-22	86	560814
280.412	0.0935	ripple_TLL14-15	79	560824
280.4155	0.0705	ripple_TLL3-4	94	560831
280.423	0.0645	ripple_TLL7-8	100	560846
280.429	0.1085	ripple_TBPL2-3	72	560858
280.441	0.0635	ripple_TLL31-32	96	560882
280.444	0.0395	ripple_TLL13-14	78	560888
280.4565	0.012	fr_TBAL1-2	1	560913
280.473	0.03	ripple_TLL19-20	83	560946
280.4785	0.044	ripple_TLL20-21	85	560957
280.4785	0.1205	ripple_TLL1-2	74	560957
280.48	0.0455	ripple_TLL5-6	98	560960
280.488	0.05	ripple_TLL11-12	76	560976
280.5065	0.035	ripple_TLL17-18	81	561013
280.5255	0.108	ripple_TLL21-22	86	561051
280.5325	0.032	ripple_TBPL3-4	73	561065
280.5485	0.0375	ripple_TBAL1-2	68	561097
280.5505	0.07	ripple_TLL28-29	92	561101
280.552	0.084	ripple_TLL29-30	93	561104
280.559	0.0895	ripple_TLL30-31	95	561118
280.5595	0.0845	ripple_TLL14-15	79	561119
280.5685	0.0365	ripple_TLL7-8	100	561137
280.5715	0.032	ripple_TLL6-7	99	561143
280.6075	0.0595	ripple_TBPL2-3	72	561215
280.609	0.0335	ripple_TLL19-20	83	561218
280.6095	0.283	ripple_TLL23-24	88	561219
280.633	0.039	ripple_TLL1-2	74	561266
280.657	0.039	ripple_TLL27-28	91	561314
280.6705	0.0585	ripple_TLL29-30	93	561341
280.6835	0.0965	ripple_TLL2-3	84	561367
280.691	0.026	ripple_TLL21-22	86	561382
280.691	0.084	ripple_TLL14-15	79	561382
280.711	0.0845	ripple_TLL22-23	87	561422
280.7185	0.034	ripple_TLL26-27	90	561437
280.7195	0.0415	ripple_TBPL2-3	72	561439
280.7205	0.0825	ripple_TLL31-32	96	561441
280.7435	0.0455	ripple_TLL1-2	74	561487
280.762	0.0375	ripple_TLL27-28	91	561524
280.767	0.227	ripple_TLL20-21	85	561534
280.771	0.033	ripple_TLL7-8	100	561542
280.778	0.034	ripple_TLL12-13	77	561556
280.7985	0.0465	ripple_TLL19-20	83	561597
280.8085	0.037	ripple_TLL29-30	93	561617
280.8085	0.087	ripple_TBPL1-2	71	561617
280.82	0.0885	ripple_TLL5-6	98	561640
280.828	0.063	ripple_TLL10-11	75	561656
280.8355	0.052	ripple_TLL15-16	80	561671
280.859	0.0335	ripple_TLL22-23	87	561718
280.8725	0.069	ripple_TLL18-19	82	561745
280.878	0.0335	ripple_TLL31-32	96	561756
280.888	0.1245	ripple_TBPL2-3	72	561776
280.903	0.0945	ripple_TLL30-31	95	561806
280.934	0.036	ripple_TLL6-7	99	561868
280.9515	0.093	ripple_TLL2-3	84	561903
280.957	0.062	ripple_TLL4-5	97	561914
280.963	0.044	ripple_TLL3-4	94	561926
280.9875	0.043	ripple_TLL28-29	92	561975
280.999	0.033	ripple_TLL31-32	96	561998
280.999	0.0575	ripple_TLL21-22	86	561998
281.017	0.0365	ripple_TLL1-2	74	562034
281.0265	0.067	ripple_TLL30-31	95	562053
281.046	0.0495	ripple_TLL22-23	87	562092
281.0485	0.0645	ripple_TLL23-24	88	562097
281.0515	0.0355	ripple_TLL7-8	100	562103
281.056	0.2415	ripple_TLL19-20	83	562112
281.058	0.088	ripple_TLL6-7	99	562116
281.059	0.043	ripple_TBAL1-2	68	562118
281.0815	0.0305	ripple_TLL5-6	98	562163
281.0845	0.055	ripple_TLL29-30	93	562169
281.09	0.0315	ripple_TLL17-18	81	562180
281.1045	0.1015	ripple_TLL21-22	86	562209
281.1145	0.0465	ripple_TLL30-31	95	562229
281.126	0.057	ripple_TLL18-19	82	562252
281.131	0.082	ripple_TLL26-27	90	562262
281.141	0.036	ripple_TLL13-14	78	562282
281.1415	0.246	ripple_TLL20-21	85	562283
281.1675	0.068	ripple_TLL6-7	99	562335
281.169	0.0435	ripple_TLL27-28	91	562338
281.1695	0.0285	ripple_TLL5-6	98	562339
281.1695	0.0305	ripple_TLL17-18	81	562339
281.171	0.113	ripple_TLL15-16	80	562342
281.1725	0.213	ripple_TLL22-23	87	562345
281.175	0.063	ripple_TLL28-29	92	562350
281.1825	0.1885	ripple_TLL30-31	95	562365
281.1845	0.049	ripple_TLL14-15	79	562369
281.189	0.048	ripple_TLL7-8	100	562378
281.2245	0.0355	ripple_TLL10-11	75	562449
281.235	0.1735	ripple_TLL2-3	84	562470
281.244	0.0725	ripple_TLL13-14	78	562488
281.257	0.069	ripple_TLL14-15	79	562514
281.2585	0.164	ripple_TBPL2-3	72	562517
281.266	0.106	ripple_TLL12-13	77	562532
281.27	0.097	ripple_TLL21-22	86	562540
281.2785	0.031	ripple_TLL4-5	97	562557
281.286	0.06	ripple_TLL9-10	101	562572
281.29	0.077	ripple_TLL1-2	74	562580
281.2905	0.036	ripple_TLL5-6	98	562581
281.301	0.1035	ripple_TLL18-19	82	562602
281.3035	0.1085	ripple_TLL29-30	93	562607
281.31	0.0665	ripple_TLL23-24	88	562620
281.326	0.096	ripple_TLL19-20	83	562652
281.35	0.2775	ripple_TLL31-32	96	562700
281.3785	0.203	ripple_TLL6-7	99	562757
281.38	0.051	ripple_TLL14-15	79	562760
281.382	0.067	ripple_TLL5-6	98	562764
281.3845	0.032	ripple_TLL13-14	78	562769
281.3985	0.055	ripple_TLL9-10	101	562797
281.4155	0.097	ripple_TLL23-24	88	562831
281.431	0.162	ripple_TLL7-8	100	562862
281.4435	0.0455	ripple_TLL28-29	92	562887
281.4445	0.114	ripple_TLL20-21	85	562889
281.4455	0.063	ripple_TLL30-31	95	562891
281.48	0.0675	ripple_TBPL2-3	72	562960
281.483	0.11	ripple_TLL22-23	87	562966
281.485	0.0285	ripple_TLL18-19	82	562970
281.485	0.079	ripple_TLL4-5	97	562970
281.49	0.096	ripple_TLL21-22	86	562980
281.49	0.138	ripple_TLL19-20	83	562980
281.498	0.044	ripple_TLL1-2	74	562996
281.5075	0.0425	ripple_TBPL3-4	73	563015
281.518	0.107	ripple_TLL2-3	84	563036
281.524	0.056	ripple_TLL11-12	76	563048
281.5405	0.0575	ripple_TLL23-24	88	563081
281.5465	0.056	ripple_TLL26-27	90	563093
281.554	0.0455	ripple_TLL30-31	95	563108
281.5595	0.0555	ripple_TLL15-16	80	563119
281.591	0.089	ripple_TLL20-21	85	563182
281.6015	0.041	ripple_TLL17-18	81	563203
281.6245	0.0655	ripple_TLL23-24	88	563249
281.6265	0.1485	ripple_TLL14-15	79	563253
281.6415	0.0555	ripple_TLL13-14	78	563283
281.6475	0.0395	ripple_TLL22-23	87	563295
281.667	0.0775	ripple_TBPL1-2	71	563334
281.6735	0.0565	ripple_TLL17-18	81	563347
281.6805	0.08	ripple_TLL31-32	96	563361
281.683	0.052	ripple_TLL12-13	77	563366
281.705	0.083	ripple_TLL18-19	82	563410
281.7055	0.041	ripple_TLL21-22	86	563411
281.736	0.0945	ripple_TLL29-30	93	563472
281.747	0.011	fr_TLL9-10	34	563494
281.7585	0.0575	ripple_TLL19-20	83	563517
281.772	0.052	ripple_TLL10-11	75	563544
281.772	0.066	ripple_TLL2-3	84	563544
281.773	0.053	ripple_TLL22-23	87	563546
281.7745	0.0445	ripple_TLL23-24	88	563549
281.801	0.072	ripple_TLL31-32	96	563602
281.807	0.268	ripple_TLL20-21	85	563614
281.809	0.0855	ripple_TLL9-10	101	563618
281.81	0.056	ripple_TLL1-2	74	563620
281.8325	0.0885	ripple_TLL15-16	80	563665
281.838	0.3455	ripple_TLL21-22	86	563676
281.8455	0.0365	ripple_TLL18-19	82	563691
281.8465	0.087	ripple_TLL30-31	95	563693
281.8555	0.315	ripple_TLL13-14	78	563711
281.8585	0.074	ripple_TBPL2-3	72	563717
281.8785	0.084	ripple_TLL19-20	83	563757
281.892	0.0525	ripple_TLL29-30	93	563784
281.8955	0.3345	ripple_TLL14-15	79	563791
281.9	0.038	ripple_TLL1-2	74	563800
281.9045	0.2695	ripple_TLL11-12	76	563809
281.9085	0.1395	ripple_TLL18-19	82	563817
281.9295	0.038	ripple_TLL7-8	100	563859
281.936	0.0325	ripple_TBPL1-2	71	563872
281.9645	0.0475	ripple_TLL5-6	98	563929
281.975	0.0565	ripple_TLL2-3	84	563950
281.9755	0.1115	ripple_TLL31-32	96	563951
281.9835	0.0275	ripple_TBPL2-3	72	563967
281.986	0.0385	ripple_TLL10-11	75	563972
282.0055	0.0365	ripple_TLL7-8	100	564011
282.0065	0.053	ripple_TLL4-5	97	564013
282.014	0.1315	ripple_TLL15-16	80	564028
282.019	0.033	ripple_TLL3-4	94	564038
282.049	0.0425	ripple_TLL17-18	81	564098
282.0635	0.0755	ripple_TLL7-8	100	564127
282.0665	0.0605	ripple_TLL29-30	93	564133
282.0665	0.0605	fr_TLL29-30	26	564133
282.0665	0.0605	frandr_TLL29-30	60	564133
282.079	0.0425	ripple_TLL28-29	92	564158
282.0805	0.107	ripple_TLL18-19	82	564161
282.0815	0.0515	ripple_TLL1-2	74	564163
282.087	0.0325	ripple_TLL2-3	84	564174
282.0935	0.121	ripple_TLL9-10	101	564187
282.1315	0.131	ripple_TLL27-28	91	564263
282.134	0.084	ripple_TLL30-31	95	564268
282.153	0.113	ripple_TLL1-2	74	564306
282.1615	0.3305	ripple_TLL29-30	93	564323
282.162	0.046	ripple_TBPL3-4	73	564324
282.164	0.193	ripple_TLL31-32	96	564328
282.189	0.0355	ripple_TLL15-16	80	564378
282.1945	0.085	ripple_TLL20-21	85	564389
282.207	0.0605	ripple_TLL6-7	99	564414
282.2145	0.064	ripple_TLL22-23	87	564429
282.2155	0.136	ripple_TLL23-24	88	564431
282.221	0.087	ripple_TLL21-22	86	564442
282.2285	0.039	ripple_TLL2-3	84	564457
282.235	0.033	ripple_TLL10-11	75	564470
282.2545	0.038	ripple_TLL30-31	95	564509
282.255	0.1335	ripple_TLL14-15	79	564510
282.285	0.071	ripple_TLL19-20	83	564570
282.2865	0.0595	ripple_TLL1-2	74	564573
282.287	0.0635	ripple_TLL28-29	92	564574
282.3015	0.0645	ripple_TBPL1-2	71	564603
282.3125	0.035	ripple_TLL18-19	82	564625
282.317	0.0895	ripple_TLL17-18	81	564634
282.3195	0.1085	ripple_TLL30-31	95	564639
282.3255	0.034	ripple_TLL6-7	99	564651
282.344	0.067	ripple_TLL13-14	78	564688
282.351	0.085	ripple_TLL2-3	84	564702
282.3565	0.042	ripple_TLL22-23	87	564713
282.4065	0.2215	ripple_TLL21-22	86	564813
282.4125	0.0305	ripple_TLL6-7	99	564825
282.413	0.563	ripple_TLL31-32	96	564826
282.4155	0.081	ripple_TLL14-15	79	564831
282.4315	0.041	ripple_TLL1-2	74	564863
282.4325	0.0315	ripple_TLL3-4	94	564865
282.4425	0.0515	ripple_TLL19-20	83	564885
282.446	0.0665	ripple_TLL15-16	80	564892
282.446	0.081	ripple_TLL18-19	82	564892
282.4515	0.0375	ripple_TBPL2-3	72	564903
282.489	0.185	ripple_TLL7-8	100	564978
282.4995	0.0495	ripple_TLL30-31	95	564999
282.513	0.1035	ripple_TBPL2-3	72	565026
282.523	0.116	ripple_TLL20-21	85	565046
282.5365	0.035	ripple_TBPL3-4	73	565073
282.544	0.056	ripple_TLL26-27	90	565088
282.5675	0.0815	ripple_TLL19-20	83	565135
282.6095	0.0305	ripple_TLL4-5	97	565219
282.617	0.068	ripple_TLL14-15	79	565234
282.6425	0.2725	ripple_TLL30-31	95	565285
282.649	0.0575	ripple_TLL29-30	93	565298
282.6595	0.053	ripple_TLL13-14	78	565319
282.6875	0.1405	ripple_TLL4-5	97	565375
282.6915	0.03	ripple_TLL2-3	84	565383
282.6915	0.128	ripple_TLL1-2	74	565383
282.6955	0.0735	ripple_TLL18-19	82	565391
282.719	0.1215	ripple_TLL9-10	101	565438
282.725	0.0485	ripple_TLL17-18	81	565450
282.7255	0.06	ripple_TLL10-11	75	565451
282.7365	0.2335	ripple_TLL14-15	79	565473
282.747	0.1085	ripple_TBPL2-3	72	565494
282.7555	0.0755	ripple_TLL5-6	98	565511
282.759	0.097	ripple_TLL15-16	80	565518
282.7665	0.0815	ripple_TLL3-4	94	565533
282.7725	0.07	ripple_TLL13-14	78	565545
282.7785	0.0355	ripple_TLL28-29	92	565557
282.78	0.0555	ripple_TLL2-3	84	565560
282.7885	0.048	ripple_TLL11-12	76	565577
282.818	0.04	ripple_TLL26-27	90	565636
282.8335	0.0435	ripple_TLL25-26	89	565667
282.8495	0.0395	ripple_TLL10-11	75	565699
282.8585	0.043	ripple_TLL28-29	92	565717
282.861	0.067	ripple_TLL18-19	82	565722
282.874	0.0335	ripple_TLL1-2	74	565748
282.875	0.062	ripple_TLL13-14	78	565750
282.8835	0.0755	ripple_TLL29-30	93	565767
282.887	0.057	ripple_TLL9-10	101	565774
282.8945	0.172	ripple_TBPL2-3	72	565789
282.899	0.0685	ripple_TLL5-6	98	565798
282.9095	0.038	ripple_TLL6-7	99	565819
282.9155	0.0345	ripple_TLL7-8	100	565831
282.9185	0.076	ripple_TLL21-22	86	565837
282.9515	0.0755	ripple_TLL28-29	92	565903
282.9735	0.1365	ripple_TLL13-14	78	565947
282.9835	0.032	ripple_TLL7-8	100	565967
282.991	0.0675	ripple_TLL2-3	84	565982
282.998	0.041	ripple_TLL9-10	101	565996
283.0035	0.041	ripple_TLL30-31	95	566007
283.0075	0.123	ripple_TLL3-4	94	566015
283.033	0.107	ripple_TLL1-2	74	566066
283.035	0.0655	ripple_TLL18-19	82	566070
283.04	0.074	ripple_TLL6-7	99	566080
283.049	0.0565	ripple_TLL19-20	83	566098
283.049	0.191	ripple_TLL21-22	86	566098
283.0565	0.069	ripple_TLL29-30	93	566113
283.0585	0.0455	ripple_TLL5-6	98	566117
283.0625	0.084	ripple_TLL4-5	97	566125
283.063	0.043	ripple_TLL20-21	85	566126
283.083	0.0795	ripple_TLL15-16	80	566166
283.099	0.118	ripple_TBPL2-3	72	566198
283.0995	0.033	ripple_TLL10-11	75	566199
283.111	0.1285	ripple_TLL14-15	79	566222
283.121	0.048	ripple_TLL17-18	81	566242
283.1515	0.049	ripple_TLL31-32	96	566303
283.152	0.0595	ripple_TLL5-6	98	566304
283.1605	0.042	ripple_TLL19-20	83	566321
283.165	0.0395	ripple_TLL23-24	88	566330
283.169	0.0475	ripple_TLL30-31	95	566338
283.1715	0.047	ripple_TLL29-30	93	566343
283.189	0.0825	ripple_TLL2-3	84	566378
283.191	0.104	ripple_TLL3-4	94	566382
283.196	0.054	ripple_TLL7-8	100	566392
283.2075	0.0375	ripple_TLL4-5	97	566415
283.236	0.3125	ripple_TLL19-20	83	566472
283.2425	0.4635	ripple_TLL20-21	85	566485
283.243	0.101	ripple_TLL10-11	75	566486
283.246	0.072	ripple_TLL15-16	80	566492
283.2605	0.2995	ripple_TLL23-24	88	566521
283.262	0.0615	ripple_TLL22-23	87	566524
283.262	0.1225	ripple_TBPL1-2	71	566524
283.283	0.2565	ripple_TBPL2-3	72	566566
283.2835	0.0625	ripple_TLL28-29	92	566567
283.284	0.0395	ripple_TLL17-18	81	566568
283.2895	0.0225	fr_TLL14-15	12	566579
283.298	0.042	ripple_TLL27-28	91	566596
283.304	0.055	ripple_TLL11-12	76	566608
283.304	0.0665	ripple_TLL29-30	93	566608
283.306	0.085	ripple_TLL30-31	95	566612
283.3065	0.052	ripple_TLL2-3	84	566613
283.3255	0.2245	ripple_TLL1-2	74	566651
283.3345	0.0985	ripple_TLL14-15	79	566669
283.3425	0.0435	ripple_TBAL1-2	68	566685
283.3475	0.1025	ripple_TBPL3-4	73	566695
283.36	0.0645	ripple_TLL18-19	82	566720
283.3615	0.0345	ripple_TLL21-22	86	566723
283.364	0.0165	fr_TLL26-27	23	566728
283.366	0.0445	ripple_TLL3-4	94	566732
283.3725	0.04	ripple_TLL27-28	91	566745
283.3865	0.0535	ripple_TLL28-29	92	566773
283.4055	0.0515	ripple_TLL29-30	93	566811
283.406	0.05	ripple_TLL31-32	96	566812
283.4225	0.0505	ripple_TLL5-6	98	566845
283.4325	0.0325	ripple_TLL13-14	78	566865
283.4405	0.0815	ripple_TLL30-31	95	566881
283.442	0.0425	ripple_TLL15-16	80	566884
283.4485	0.06	ripple_TLL3-4	94	566897
283.4525	0.08	ripple_TLL7-8	100	566905
283.4555	0.0505	ripple_TLL4-5	97	566911
283.4565	0.011	fr_TBPL1-2	4	566913
283.492	0.033	ripple_TLL14-15	79	566984
283.498	0.0465	ripple_TLL6-7	99	566996
283.5115	0.0475	ripple_TLL31-32	96	567023
283.514	0.071	ripple_TLL27-28	91	567028
283.515	0.04	ripple_TLL10-11	75	567030
283.519	0.0955	ripple_TLL22-23	87	567038
283.529	0.0575	ripple_TLL3-4	94	567058
283.5295	0.1125	ripple_TLL18-19	82	567059
283.5485	0.089	ripple_TLL28-29	92	567097
283.5535	0.1425	ripple_TLL15-16	80	567107
283.556	0.0355	ripple_TBAL2-3	69	567112
283.5835	0.0335	ripple_TLL23-24	88	567167
283.59	0.0675	ripple_TLL14-15	79	567180
283.5945	0.0765	ripple_TLL1-2	74	567189
283.601	0.105	ripple_TLL29-30	93	567202
283.6035	0.044	ripple_TLL17-18	81	567207
283.6095	0.0455	ripple_TLL30-31	95	567219
283.6115	0.0365	ripple_TLL19-20	83	567223
283.625	0.039	ripple_TBPL2-3	72	567250
283.6275	0.06	ripple_TLL6-7	99	567255
283.6345	0.045	ripple_TLL21-22	86	567269
283.6425	0.1375	ripple_TLL2-3	84	567285
283.6455	0.0145	fr_TLL26-27	23	567291
283.6455	0.057	ripple_TLL31-32	96	567291
283.658	0.212	ripple_TLL22-23	87	567316
283.6625	0.1665	ripple_TLL23-24	88	567325
283.677	0.047	ripple_TLL5-6	98	567354
283.6905	0.049	ripple_TLL26-27	90	567381
283.704	0.0415	ripple_TLL18-19	82	567408
283.706	0.089	ripple_TLL7-8	100	567412
283.711	0.19	ripple_TLL1-2	74	567422
283.7145	0.113	ripple_TLL14-15	79	567429
283.7225	0.029	ripple_TLL15-16	80	567445
283.724	0.036	ripple_TLL4-5	97	567448
283.741	0.4395	ripple_TLL29-30	93	567482
283.7415	0.083	ripple_TLL20-21	85	567483
283.7855	0.049	ripple_TLL9-10	101	567571
283.7875	0.0425	ripple_TLL13-14	78	567575
283.8065	0.0345	ripple_TLL31-32	96	567613
283.808	0.0435	ripple_TLL3-4	94	567616
283.8095	0.035	ripple_TLL30-31	95	567619
283.828	0.0705	ripple_TLL25-26	89	567656
283.834	0.049	ripple_TLL5-6	98	567668
283.8445	0.3	ripple_TBPL2-3	72	567689
283.8495	0.08	ripple_TLL28-29	92	567699
283.868	0.056	ripple_TLL7-8	100	567736
283.8725	0.052	ripple_TLL15-16	80	567745
283.8785	0.0435	ripple_TLL19-20	83	567757
283.8855	0.0795	ripple_TLL2-3	84	567771
283.887	0.054	ripple_TBPL1-2	71	567774
283.887	0.124	ripple_TLL23-24	88	567774
283.9085	0.212	ripple_TLL20-21	85	567817
283.9175	0.034	ripple_TLL18-19	82	567835
283.94	0.0865	ripple_TLL31-32	96	567880
283.9425	0.0625	ripple_TLL21-22	86	567885
283.9655	0.1805	ripple_TBPL1-2	71	567931
283.9685	0.0375	ripple_TLL6-7	99	567937
283.992	0.036	ripple_TLL19-20	83	567984
284.007	0.05	ripple_TLL5-6	98	568014
284.016	0.0345	ripple_TLL3-4	94	568032
284.019	0.0645	ripple_TLL30-31	95	568038
284.021	0.071	ripple_TLL11-12	76	568042
284.0555	0.0375	ripple_TLL19-20	83	568111
284.072	0.11	ripple_TLL31-32	96	568144
284.0725	0.053	ripple_TLL21-22	86	568145
284.075	0.1295	ripple_TLL1-2	74	568150
284.086	0.0705	ripple_TLL7-8	100	568172
284.0965	0.038	ripple_TLL13-14	78	568193
284.1055	0.018	fr_TLL11-12	9	568211
284.1155	0.0585	ripple_TLL30-31	95	568231
284.1515	0.0745	ripple_TLL3-4	94	568303
284.1555	0.0505	ripple_TLL2-3	84	568311
284.173	0.0395	ripple_TLL19-20	83	568346
284.173	0.0715	ripple_TLL20-21	85	568346
284.1845	0.077	ripple_TBPL2-3	72	568369
284.195	0.043	ripple_TLL7-8	100	568390
284.2025	0.0365	ripple_TBPL3-4	73	568405
284.2105	0.0575	ripple_TLL30-31	95	568421
284.2195	0.0695	ripple_TBPL1-2	71	568439
284.229	0.195	ripple_TLL31-32	96	568458
284.2305	0.054	ripple_TLL26-27	90	568461
284.239	0.0425	ripple_TLL27-28	91	568478
284.252	0.1415	ripple_TLL23-24	88	568504
284.285	0.064	ripple_TLL13-14	78	568570
284.286	0.1055	ripple_TLL22-23	87	568572
284.294	0.084	ripple_TLL29-30	93	568588
284.296	0.084	ripple_TBPL2-3	72	568592
284.312	0.1415	ripple_TLL1-2	74	568624
284.3245	0.0695	ripple_TLL5-6	98	568649
284.325	0.069	ripple_TLL6-7	99	568650
284.368	0.0765	ripple_TLL15-16	80	568736
284.3895	0.2835	ripple_TLL20-21	85	568779
284.39	0.066	ripple_TLL14-15	79	568780
284.3985	0.046	ripple_TBPL1-2	71	568797
284.415	0.0775	ripple_TLL7-8	100	568830
284.4195	0.091	ripple_TLL30-31	95	568839
284.424	0.2	ripple_TLL19-20	83	568848
284.4365	0.052	ripple_TLL6-7	99	568873
284.449	0.267	ripple_TLL23-24	88	568898
284.4495	0.154	ripple_TLL22-23	87	568899
284.462	0.062	ripple_TLL28-29	92	568924
284.4655	0.04	ripple_TLL31-32	96	568931
284.48	0.0575	ripple_TLL18-19	82	568960
284.5225	0.104	ripple_TLL14-15	79	569045
284.535	0.0705	ripple_TLL13-14	78	569070
284.5445	0.039	ripple_TLL7-8	100	569089
284.568	0.13	ripple_TLL15-16	80	569136
284.5755	0.1405	ripple_TLL31-32	96	569151
284.5765	0.0365	ripple_TLL12-13	77	569153
284.6125	0.041	ripple_TLL6-7	99	569225
284.639	0.04	ripple_TLL3-4	94	569278
284.6415	0.044	ripple_TLL29-30	93	569283
284.643	0.0255	ripple_TLL18-19	82	569286
284.649	0.0385	ripple_TLL22-23	87	569298
284.651	0.05	ripple_TLL1-2	74	569302
284.6535	0.0385	ripple_TLL10-11	75	569307
284.658	0.034	ripple_TLL2-3	84	569316
284.6645	0.037	ripple_TBPL2-3	72	569329
284.6715	0.034	ripple_TLL17-18	81	569343
284.6945	0.0405	ripple_TLL6-7	99	569389
284.695	0.075	ripple_TLL19-20	83	569390
284.701	0.038	ripple_TLL30-31	95	569402
284.704	0.0735	ripple_TLL5-6	98	569408
284.705	0.067	ripple_TLL20-21	85	569410
284.709	0.031	ripple_TLL29-30	93	569418
284.727	0.042	ripple_TLL28-29	92	569454
284.7305	0.0715	ripple_TBPL2-3	72	569461
284.7345	0.3785	ripple_TLL1-2	74	569469
284.7345	0.3785	fr_TLL1-2	7	569469
284.7345	0.3785	frandr_TLL1-2	41	569469
284.7375	0.033	ripple_TBPL3-4	73	569475
284.7375	0.0685	ripple_TLL2-3	84	569475
284.7465	0.0875	ripple_TLL22-23	87	569493
284.748	0.0425	ripple_TLL14-15	79	569496
284.749	0.038	ripple_TLL13-14	78	569498
284.75	0.056	ripple_TLL23-24	88	569500
284.761	0.069	ripple_TLL7-8	100	569522
284.77	0.086	ripple_TLL29-30	93	569540
284.771	0.2225	ripple_TLL31-32	96	569542
284.796	0.0655	ripple_TLL28-29	92	569592
284.797	0.2625	ripple_TLL19-20	83	569594
284.805	0.0375	ripple_TLL5-6	98	569610
284.8115	0.041	ripple_TLL21-22	86	569623
284.817	0.1235	ripple_TLL20-21	85	569634
284.8295	0.1905	ripple_TLL18-19	82	569659
284.838	0.081	ripple_TLL10-11	75	569676
284.842	0.053	ripple_TLL15-16	80	569684
284.8495	0.1385	ripple_TBPL2-3	72	569699
284.875	0.08	ripple_TLL5-6	98	569750
284.883	0.0715	ripple_TLL2-3	84	569766
284.885	0.093	ripple_TLL27-28	91	569770
284.902	0.0535	ripple_TLL28-29	92	569804
284.9125	0.0355	ripple_TLL14-15	79	569825
284.917	0.0845	ripple_TLL13-14	78	569834
284.923	0.222	ripple_TLL6-7	99	569846
284.9255	0.0565	ripple_TBPL1-2	71	569851
284.927	0.0745	ripple_TLL15-16	80	569854
284.967	0.2695	ripple_TLL7-8	100	569934
284.973	0.14	ripple_TLL29-30	93	569946
284.977	0.0795	ripple_TLL22-23	87	569954
284.9835	0.0335	ripple_TLL2-3	84	569967
284.984	0.133	ripple_TLL21-22	86	569968
284.987	0.0465	ripple_TLL10-11	75	569974
285.0085	0.0435	ripple_TLL3-4	94	570017
285.009	0.0405	ripple_TLL4-5	97	570018
285.0415	0.0425	ripple_TLL15-16	80	570083
285.0445	0.056	ripple_TLL2-3	84	570089
285.053	0.0925	ripple_TBPL2-3	72	570106
285.064	0.071	ripple_TLL23-24	88	570128
285.0645	0.0275	ripple_TLL30-31	95	570129
285.112	0.0425	ripple_TLL19-20	83	570224
285.114	0.0635	ripple_TBPL3-4	73	570228
285.1275	0.0435	ripple_TLL18-19	82	570255
285.134	0.056	ripple_TLL4-5	97	570268
285.1375	0.0345	ripple_TLL29-30	93	570275
285.138	0.08	ripple_TLL2-3	84	570276
285.145	0.105	ripple_TLL20-21	85	570290
285.15	0.0875	ripple_TLL30-31	95	570300
285.1655	0.0995	ripple_TBPL2-3	72	570331
285.171	0.075	ripple_TLL11-12	76	570342
285.1835	0.0545	ripple_TLL12-13	77	570367
285.193	0.0885	ripple_TLL27-28	91	570386
285.2465	0.201	ripple_TLL22-23	87	570493
285.254	0.0375	ripple_TLL5-6	98	570508
285.267	0.072	ripple_TLL1-2	74	570534
285.272	0.0615	ripple_TLL4-5	97	570544
285.2765	0.047	ripple_TLL3-4	94	570553
285.2885	0.039	ripple_TLL2-3	84	570577
285.2915	0.0375	ripple_TBPL2-3	72	570583
285.2915	0.085	ripple_TLL29-30	93	570583
285.3005	0.059	ripple_TLL21-22	86	570601
285.3135	0.0405	ripple_TLL20-21	85	570627
285.327	0.084	ripple_TLL30-31	95	570654
285.339	0.036	ripple_TLL14-15	79	570678
285.349	0.078	ripple_TLL13-14	78	570698
285.369	0.125	ripple_TLL7-8	100	570738
285.3815	0.041	ripple_TLL1-2	74	570763
285.3935	0.1865	ripple_TLL23-24	88	570787
285.398	0.124	ripple_TLL15-16	80	570796
285.4035	0.056	ripple_TLL27-28	91	570807
285.415	0.0435	ripple_TLL10-11	75	570830
285.448	0.0535	ripple_TLL18-19	82	570896
285.45	0.1265	ripple_TBPL2-3	72	570900
285.456	0.0405	ripple_TLL31-32	96	570912
285.462	0.042	ripple_TLL21-22	86	570924
285.471	0.058	ripple_TLL2-3	84	570942
285.471	0.0615	ripple_TLL28-29	92	570942
285.4935	0.047	ripple_TLL22-23	87	570987
285.503	0.091	ripple_TLL20-21	85	571006
285.5165	0.191	ripple_TLL29-30	93	571033
285.5175	0.0115	fr_TBPL1-2	4	571035
285.531	0.0555	ripple_TLL30-31	95	571062
285.5345	0.0905	ripple_TLL14-15	79	571069
285.554	0.145	ripple_TLL28-29	92	571108
285.568	0.0415	ripple_TLL10-11	75	571136
285.57	0.075	ripple_TLL31-32	96	571140
285.574	0.068	ripple_TLL18-19	82	571148
285.587	0.094	ripple_TLL6-7	99	571174
285.609	0.053	ripple_TLL21-22	86	571218
285.619	0.191	ripple_TLL7-8	100	571238
285.639	0.1435	ripple_TLL19-20	83	571278
285.6475	0.146	ripple_TLL30-31	95	571295
285.6515	0.067	ripple_TLL22-23	87	571303
285.6575	0.0565	ripple_TBPL2-3	72	571315
285.677	0.078	ripple_TLL15-16	80	571354
285.6775	0.059	ripple_TLL4-5	97	571355
285.6825	0.196	ripple_TLL21-22	86	571365
285.6875	0.1025	ripple_TLL23-24	88	571375
285.718	0.163	ripple_TLL27-28	91	571436
285.7205	0.088	ripple_TLL31-32	96	571441
285.734	0.081	ripple_TLL18-19	82	571468
285.7345	0.0305	ripple_TLL6-7	99	571469
285.7405	0.0475	ripple_TLL17-18	81	571481
285.7435	0.1005	ripple_TLL26-27	90	571487
285.757	0.0565	ripple_TLL29-30	93	571514
285.766	0.05	ripple_TLL14-15	79	571532
285.795	0.0505	ripple_TLL3-4	94	571590
285.812	0.056	ripple_TLL23-24	88	571624
285.8135	0.0545	ripple_TLL22-23	87	571627
285.836	0.071	ripple_TLL30-31	95	571672
285.848	0.1175	ripple_TLL18-19	82	571696
285.8575	0.0725	ripple_TLL29-30	93	571715
285.888	0.032	ripple_TLL22-23	87	571776
285.897	0.084	ripple_TLL28-29	92	571794
285.898	0.046	ripple_TLL26-27	90	571796
285.9005	0.0365	ripple_TLL4-5	97	571801
285.9035	0.5905	ripple_TLL20-21	85	571807
285.908	0.0415	ripple_TLL10-11	75	571816
285.9095	0.0605	ripple_TLL14-15	79	571819
285.912	0.2225	ripple_TLL19-20	83	571824
285.925	0.041	ripple_TLL2-3	84	571850
285.926	0.057	ripple_TLL1-2	74	571852
285.9345	0.0455	ripple_TLL13-14	78	571869
285.935	0.1375	ripple_TLL15-16	80	571870
285.9355	0.1425	ripple_TLL21-22	86	571871
285.9365	0.2	ripple_TBPL2-3	72	571873
285.952	0.034	ripple_TLL5-6	98	571904
285.9695	0.0295	ripple_TBPL3-4	73	571939
285.977	0.039	ripple_TLL7-8	100	571954
285.9775	0.1525	ripple_TLL29-30	93	571955
286.002	0.5445	ripple_TLL23-24	88	572004
286.0125	0.06	ripple_TLL31-32	96	572025
286.023	0.041	ripple_TLL3-4	94	572046
286.032	0.042	ripple_TLL13-14	78	572064
286.0355	0.038	ripple_TLL14-15	79	572071
286.042	0.0295	fr_TBAL3-4	3	572084
286.0475	0.123	ripple_TLL22-23	87	572095
286.056	0.085	ripple_TLL28-29	92	572112
286.0695	0.036	ripple_TLL7-8	100	572139
286.097	0.041	ripple_TLL9-10	101	572194
286.1135	0.056	ripple_TLL15-16	80	572227
286.1185	0.036	ripple_TLL21-22	86	572237
286.131	0.159	ripple_TLL1-2	74	572262
286.187	0.0265	ripple_TLL29-30	93	572374
286.19	0.0465	ripple_TLL21-22	86	572380
286.205	0.1235	ripple_TLL6-7	99	572410
286.2135	0.1075	ripple_TLL19-20	83	572427
286.2175	0.0345	fr_TBAL3-4	3	572435
286.2205	0.036	ripple_TLL10-11	75	572441
286.2245	0.0505	ripple_TLL18-19	82	572449
286.256	0.04	ripple_TLL31-32	96	572512
286.272	0.038	ripple_TLL30-31	95	572544
286.283	0.0645	ripple_TLL11-12	76	572566
286.2835	0.0155	fr_TBAL3-4	3	572567
286.3025	0.043	ripple_TBPL3-4	73	572605
286.3095	0.046	ripple_TLL17-18	81	572619
286.312	0.056	ripple_TLL21-22	86	572624
286.3165	0.0375	ripple_TBAL1-2	68	572633
286.324	0.048	ripple_TLL1-2	74	572648
286.3625	0.098	ripple_TBAL2-3	69	572725
286.3625	0.128	ripple_TLL19-20	83	572725
286.368	0.0475	ripple_TLL3-4	94	572736
286.369	0.149	ripple_TLL28-29	92	572738
286.3765	0.071	ripple_TLL2-3	84	572753
286.385	0.0755	ripple_TLL27-28	91	572770
286.3935	0.054	ripple_TLL26-27	90	572787
286.399	0.0395	ripple_TBAL3-4	70	572798
286.438	0.053	ripple_TLL31-32	96	572876
286.4385	0.0955	ripple_TLL3-4	94	572877
286.458	0.1015	ripple_TLL22-23	87	572916
286.461	0.031	ripple_TLL1-2	74	572922
286.462	0.0465	ripple_TLL13-14	78	572924
286.466	0.041	ripple_TLL30-31	95	572932
286.4705	0.1205	ripple_TLL29-30	93	572941
286.526	0.1495	ripple_TLL31-32	96	573052
286.558	0.0135	fr_TBAL3-4	3	573116
286.5625	0.0745	ripple_TLL28-29	92	573125
286.57	0.0475	ripple_TLL1-2	74	573140
286.5745	0.0785	ripple_TLL2-3	84	573149
286.5775	0.085	ripple_TLL27-28	91	573155
286.5775	0.159	ripple_TBPL2-3	72	573155
286.586	0.06	ripple_TBAL2-3	69	573172
286.5875	0.121	ripple_TLL19-20	83	573175
286.589	0.145	ripple_TLL20-21	85	573178
286.59	0.046	ripple_TLL26-27	90	573180
286.595	0.0405	ripple_TBAL3-4	70	573190
286.5995	0.0345	ripple_TLL10-11	75	573199
286.611	0.035	ripple_TLL15-16	80	573222
286.6125	0.04	ripple_TLL9-10	101	573225
286.6355	0.038	ripple_TLL6-7	99	573271
286.6525	0.0595	ripple_TLL30-31	95	573305
286.6565	0.092	ripple_TLL29-30	93	573313
286.6625	0.0655	ripple_TLL1-2	74	573325
286.6745	0.043	ripple_TLL11-12	76	573349
286.676	0.0515	ripple_TLL14-15	79	573352
286.687	0.0425	ripple_TLL2-3	84	573374
286.722	0.0455	ripple_TLL6-7	99	573444
286.7505	0.065	ripple_TLL19-20	83	573501
286.7525	0.0365	ripple_TLL23-24	88	573505
286.764	0.04	ripple_TLL15-16	80	573528
286.775	0.091	ripple_TLL9-10	101	573550
286.777	0.101	ripple_TLL18-19	82	573554
286.7915	0.0865	ripple_TBAL2-3	69	573583
286.8	0.073	ripple_TLL4-5	97	573600
286.8015	0.052	ripple_TLL21-22	86	573603
286.818	0.047	ripple_TLL30-31	95	573636
286.819	0.0695	ripple_TLL28-29	92	573638
286.8255	0.047	ripple_TBAL3-4	70	573651
286.8385	0.0375	ripple_TLL3-4	94	573677
286.8485	0.0595	ripple_TLL23-24	88	573697
286.86	0.1665	ripple_TLL2-3	84	573720
286.86	0.4325	ripple_TLL1-2	74	573720
286.8935	0.0605	ripple_TLL10-11	75	573787
286.8945	0.0315	ripple_TLL11-12	76	573789
286.9035	0.0445	ripple_TLL21-22	86	573807
286.9225	0.0605	ripple_TLL22-23	87	573845
286.929	0.061	ripple_TLL23-24	88	573858
286.932	0.1415	ripple_TBPL2-3	72	573864
286.946	0.105	ripple_TLL31-32	96	573892
286.9565	0.0545	ripple_TLL19-20	83	573913
286.9565	0.0745	ripple_TLL20-21	85	573913
286.9795	0.082	ripple_TLL18-19	82	573959
286.9835	0.061	ripple_TLL29-30	93	573967
287.022	0.075	ripple_TLL4-5	97	574044
287.023	0.0685	ripple_TLL14-15	79	574046
287.032	0.416	ripple_TLL23-24	88	574064
287.0395	0.057	ripple_TLL5-6	98	574079
287.0395	0.262	ripple_TLL21-22	86	574079
287.04	0.0735	ripple_TLL19-20	83	574080
287.0485	0.0395	ripple_TLL6-7	99	574097
287.0685	0.051	ripple_TLL26-27	90	574137
287.085	0.077	ripple_TLL31-32	96	574170
287.0865	0.048	ripple_TLL29-30	93	574173
287.1	0.033	ripple_TLL28-29	92	574200
287.1375	0.1225	ripple_TLL19-20	83	574275
287.1485	0.0665	ripple_TLL18-19	82	574297
287.172	0.0935	ripple_TLL29-30	93	574344
287.184	0.046	ripple_TLL30-31	95	574368
287.1875	0.041	ripple_TLL2-3	84	574375
287.1885	0.119	ripple_TLL28-29	92	574377
287.198	0.0385	ripple_TLL22-23	87	574396
287.2165	0.0805	ripple_TLL14-15	79	574433
287.22	0.0355	ripple_TLL5-6	98	574440
287.2255	0.069	ripple_TLL7-8	100	574451
287.2445	0.115	ripple_TLL31-32	96	574489
287.2495	0.0435	ripple_TLL27-28	91	574499
287.259	0.049	ripple_TLL12-13	77	574518
287.266	0.044	ripple_TLL11-12	76	574532
287.2725	0.2435	ripple_TLL30-31	95	574545
287.279	0.1675	ripple_TLL22-23	87	574558
287.284	0.0185	fr_TBAL2-3	2	574568
287.3165	0.1225	ripple_TLL1-2	74	574633
287.317	0.2885	ripple_TLL29-30	93	574634
287.3615	0.034	ripple_TLL6-7	99	574723
287.369	0.047	ripple_TLL21-22	86	574738
287.37	0.061	ripple_TLL2-3	84	574740
287.3795	0.068	ripple_TLL11-12	76	574759
287.399	0.2945	ripple_TLL20-21	85	574798
287.404	0.0545	ripple_TLL19-20	83	574808
287.4325	0.036	ripple_TLL18-19	82	574865
287.44	0.065	ripple_TLL31-32	96	574880
287.4425	0.2145	ripple_TLL15-16	80	574885
287.4475	0.5385	ripple_TLL28-29	92	574895
287.4525	0.051	ripple_TLL21-22	86	574905
287.484	0.0365	ripple_TLL7-8	100	574968
287.49	0.1215	ripple_TLL11-12	76	574980
287.491	0.1785	ripple_TLL22-23	87	574982
287.493	0.0555	ripple_TLL23-24	88	574986
287.4945	0.064	ripple_TLL14-15	79	574989
287.5085	0.048	ripple_TLL1-2	74	575017
287.51	0.056	ripple_TLL2-3	84	575020
287.533	0.082	ripple_TLL21-22	86	575066
287.543	0.04	ripple_TLL12-13	77	575086
287.5465	0.071	ripple_TLL6-7	99	575093
287.5595	0.0685	ripple_TLL31-32	96	575119
287.5645	0.1365	ripple_TLL19-20	83	575129
287.5735	0.068	ripple_TLL18-19	82	575147
287.575	0.0625	ripple_TLL30-31	95	575150
287.595	0.0665	ripple_TLL2-3	84	575190
287.61	0.072	ripple_TLL14-15	79	575220
287.617	0.06	ripple_TLL23-24	88	575234
287.633	0.0485	ripple_TLL1-2	74	575266
287.6335	0.1245	ripple_TLL29-30	93	575267
287.6455	0.045	ripple_TLL11-12	76	575291
287.653	0.144	ripple_TLL21-22	86	575306
287.6565	0.0335	ripple_TLL27-28	91	575313
287.657	0.035	ripple_TLL26-27	90	575314
287.712	0.0415	ripple_TLL18-19	82	575424
287.716	0.1365	ripple_TLL31-32	96	575432
287.7435	0.071	ripple_TLL20-21	85	575487
287.755	0.051	ripple_TLL14-15	79	575510
287.755	0.185	ripple_TBPL2-3	72	575510
287.765	0.0625	ripple_TLL1-2	74	575530
287.7695	0.135	ripple_TLL12-13	77	575539
287.77	0.05	ripple_TLL2-3	84	575540
287.777	0.04	ripple_TLL15-16	80	575554
287.794	0.114	ripple_TLL22-23	87	575588
287.8015	0.0685	ripple_TLL7-8	100	575603
287.8075	0.112	ripple_TLL29-30	93	575615
287.8155	0.1155	ripple_TLL30-31	95	575631
287.816	0.0695	ripple_TLL3-4	94	575632
287.827	0.097	ripple_TLL6-7	99	575654
287.8295	0.0635	ripple_TLL21-22	86	575659
287.8595	0.0735	ripple_TLL15-16	80	575719
287.86	0.0635	ripple_TLL1-2	74	575720
287.8605	0.0355	ripple_TLL2-3	84	575721
287.8705	0.0795	ripple_TLL20-21	85	575741
287.8995	0.173	ripple_TLL31-32	96	575799
287.916	0.117	ripple_TLL23-24	88	575832
287.9445	0.149	ripple_TLL22-23	87	575889
287.959	0.0285	ripple_TLL7-8	100	575918
287.9945	0.031	ripple_TLL14-15	79	575989
288.013	0.0355	ripple_TLL11-12	76	576026
288.021	0.13	ripple_TBPL2-3	72	576042
288.022	0.043	ripple_TLL1-2	74	576044
288.0255	0.096	ripple_TLL19-20	83	576051
288.027	0.055	ripple_TLL21-22	86	576054
288.0285	0.094	ripple_TLL20-21	85	576057
288.0295	0.0245	ripple_TLL26-27	90	576059
288.0305	0.15	ripple_TLL2-3	84	576061
288.0495	0.1695	ripple_TLL30-31	95	576099
288.059	0.292	ripple_TLL29-30	93	576118
288.06	0.0495	ripple_TLL18-19	82	576120
288.0625	0.0375	ripple_TLL6-7	99	576125
288.0755	0.051	ripple_TLL15-16	80	576151
288.084	0.0365	ripple_TLL12-13	77	576168
288.095	0.06	ripple_TLL28-29	92	576190
288.103	0.0495	ripple_TLL23-24	88	576206
288.108	0.0375	ripple_TLL27-28	91	576216
288.1175	0.0245	ripple_TLL26-27	90	576235
288.1235	0.091	ripple_TLL31-32	96	576247
288.1325	0.0245	fr_TLL17-18	14	576265
288.153	0.1165	ripple_TBPL1-2	71	576306
288.1555	0.054	ripple_TLL13-14	78	576311
288.1615	0.046	ripple_TLL19-20	83	576323
288.2025	0.096	ripple_TLL21-22	86	576405
288.2285	0.1895	ripple_TLL20-21	85	576457
288.2315	0.05	ripple_TLL1-2	74	576463
288.236	0.086	ripple_TLL13-14	78	576472
288.2485	0.051	ripple_TLL19-20	83	576497
288.257	0.076	ripple_TLL14-15	79	576514
288.2595	0.264	ripple_TLL18-19	82	576519
288.273	0.1035	ripple_TLL31-32	96	576546
288.278	0.26	ripple_TBPL2-3	72	576556
288.281	0.052	ripple_TLL30-31	95	576562
288.29	0.044	ripple_TLL7-8	100	576580
288.2965	0.0365	ripple_TLL6-7	99	576593
288.318	0.166	ripple_TLL28-29	92	576636
288.3375	0.1515	ripple_TLL23-24	88	576675
288.338	0.2325	ripple_TBPL1-2	71	576676
288.3525	0.0155	fr_TLL5-6	31	576705
288.3615	0.046	ripple_TLL19-20	83	576723
288.3685	0.034	ripple_TLL5-6	98	576737
288.3765	0.0605	ripple_TLL14-15	79	576753
288.429	0.103	ripple_TLL19-20	83	576858
288.4295	0.046	ripple_TLL21-22	86	576859
288.4295	0.1095	ripple_TLL27-28	91	576859
288.4405	0.032	ripple_TLL29-30	93	576881
288.4685	0.056	ripple_TLL11-12	76	576937
288.4695	0.0615	ripple_TLL26-27	90	576939
288.4945	0.039	ripple_TLL6-7	99	576989
288.5	0.1395	ripple_TLL7-8	100	577000
288.507	0.182	ripple_TLL31-32	96	577014
288.517	0.0435	ripple_TLL21-22	86	577034
288.533	0.106	ripple_TLL14-15	79	577066
288.5355	0.4015	ripple_TLL29-30	93	577071
288.55	0.135	ripple_TLL1-2	74	577100
288.564	0.04	ripple_TLL15-16	80	577128
288.575	0.071	ripple_TLL20-21	85	577150
288.588	0.0425	ripple_TLL30-31	95	577176
288.5995	0.0325	ripple_TLL13-14	78	577199
288.6175	0.055	ripple_TLL26-27	90	577235
288.623	0.048	ripple_TBAL3-4	70	577246
288.63	0.039	ripple_TLL19-20	83	577260
288.635	0.0385	ripple_TLL15-16	80	577270
288.647	0.057	ripple_TLL21-22	86	577294
288.6485	0.05	ripple_TLL2-3	84	577297
288.6495	0.0375	ripple_TBPL2-3	72	577299
288.6545	0.069	ripple_TLL22-23	87	577309
288.6895	0.0525	ripple_TLL7-8	100	577379
288.6925	0.037	ripple_TBPL3-4	73	577385
288.6925	0.1175	ripple_TLL6-7	99	577385
288.696	0.089	ripple_TLL15-16	80	577392
288.716	0.158	ripple_TLL30-31	95	577432
288.7355	0.0375	ripple_TLL12-13	77	577471
288.741	0.1235	ripple_TLL21-22	86	577482
288.7465	0.4475	ripple_TLL22-23	87	577493
288.748	0.1475	ripple_TLL23-24	88	577496
288.759	0.039	ripple_TLL13-14	78	577518
288.7645	0.136	ripple_TLL18-19	82	577529
288.8025	0.0535	ripple_TLL2-3	84	577605
288.8055	0.0735	ripple_TLL1-2	74	577611
288.8385	0.102	ripple_TBPL2-3	72	577677
288.8445	0.031	ripple_TLL5-6	98	577689
288.845	0.0955	ripple_TBPL3-4	73	577690
288.8465	0.0395	ripple_TLL28-29	92	577693
288.8585	0.0665	ripple_TLL6-7	99	577717
288.8625	0.044	ripple_TLL26-27	90	577725
288.8755	0.0365	ripple_TLL31-32	96	577751
288.881	0.0195	fr_TLL2-3	17	577762
288.904	0.051	ripple_TLL30-31	95	577808
288.917	0.096	ripple_TLL1-2	74	577834
288.923	0.1175	ripple_TLL28-29	92	577846
288.9275	0.0345	ripple_TLL14-15	79	577855
288.93	0.078	ripple_TLL23-24	88	577860
288.945	0.052	ripple_TLL18-19	82	577890
288.954	0.0975	ripple_TLL6-7	99	577908
288.9585	0.049	ripple_TBAL1-2	68	577917
288.988	0.2395	ripple_TLL29-30	93	577976
288.995	0.1025	ripple_TLL30-31	95	577990
289.006	0.058	ripple_TLL19-20	83	578012
289.018	0.079	ripple_TLL31-32	96	578036
289.0335	0.0955	ripple_TLL23-24	88	578067
289.0475	0.095	ripple_TLL21-22	86	578095
289.084	0.0705	ripple_TLL27-28	91	578168
289.0995	0.0555	ripple_TLL5-6	98	578199
289.111	0.1285	ripple_TBPL2-3	72	578222
289.115	0.1315	ripple_TLL19-20	83	578230
289.119	0.1765	ripple_TLL28-29	92	578238
289.122	0.1675	ripple_TLL30-31	95	578244
289.137	0.048	ripple_TLL2-3	84	578274
289.139	0.0475	ripple_TLL7-8	100	578278
289.1685	0.179	ripple_TLL20-21	85	578337
289.17	0.0355	ripple_TLL31-32	96	578340
289.171	0.041	ripple_TLL21-22	86	578342
289.1725	0.0305	ripple_TLL23-24	88	578345
289.1905	0.0315	ripple_TLL14-15	79	578381
289.195	0.1125	ripple_TLL15-16	80	578390
289.199	0.036	ripple_TLL18-19	82	578398
289.216	0.0905	ripple_TLL6-7	99	578432
289.2285	0.0475	ripple_TLL7-8	100	578457
289.251	0.065	ripple_TLL21-22	86	578502
289.2785	0.031	ripple_TLL19-20	83	578557
289.304	0.0255	ripple_TBPL2-3	72	578608
289.333	0.0355	ripple_TLL1-2	74	578666
289.3555	0.0535	ripple_TLL23-24	88	578711
289.358	0.0385	ripple_TLL30-31	95	578716
289.361	0.0395	ripple_TLL2-3	84	578722
289.3895	0.076	ripple_TLL28-29	92	578779
289.392	0.0545	ripple_TLL22-23	87	578784
289.409	0.036	ripple_TLL21-22	86	578818
289.4105	0.156	ripple_TLL20-21	85	578821
289.4485	0.0885	ripple_TLL23-24	88	578897
289.453	0.1295	ripple_TLL30-31	95	578906
289.4545	0.05	ripple_TBPL1-2	71	578909
289.457	0.033	ripple_TLL15-16	80	578914
289.5005	0.0525	ripple_TLL31-32	96	579001
289.5025	0.107	ripple_TLL26-27	90	579005
289.5105	0.0755	ripple_TLL19-20	83	579021
289.531	0.246	ripple_TBPL2-3	72	579062
289.5325	0.054	ripple_TLL29-30	93	579065
289.5405	0.051	ripple_TLL1-2	74	579081
289.546	0.0655	ripple_TLL18-19	82	579092
289.5575	0.092	ripple_TLL23-24	88	579115
289.569	0.098	ripple_TLL21-22	86	579138
289.5765	0.059	ripple_TLL31-32	96	579153
289.5865	0.0775	ripple_TLL20-21	85	579173
289.624	0.1005	ripple_TLL22-23	87	579248
289.634	0.0685	ripple_TBPL3-4	73	579268
289.6375	0.042	ripple_TLL28-29	92	579275
289.644	0.061	ripple_TLL14-15	79	579288
289.655	0.0295	ripple_TLL2-3	84	579310
289.663	0.046	ripple_TLL1-2	74	579326
289.6755	0.0485	ripple_TLL30-31	95	579351
289.6905	0.038	ripple_TLL29-30	93	579381
289.698	0.051	ripple_TLL12-13	77	579396
289.7005	0.0545	ripple_TLL11-12	76	579401
289.7015	0.137	ripple_TLL20-21	85	579403
289.7025	0.1005	ripple_TLL6-7	99	579405
289.7325	0.136	ripple_TLL15-16	80	579465
289.7355	0.103	ripple_TLL19-20	83	579471
289.738	0.097	ripple_TLL18-19	82	579476
289.7415	0.0725	ripple_TLL21-22	86	579483
289.7525	0.061	ripple_TLL4-5	97	579505
289.7555	0.0505	ripple_TLL14-15	79	579511
289.7585	0.048	ripple_TLL5-6	98	579517
289.7675	0.0835	ripple_TLL2-3	84	579535
289.7685	0.0425	ripple_TLL27-28	91	579537
289.773	0.116	ripple_TLL26-27	90	579546
289.781	0.0765	ripple_TLL1-2	74	579562
289.786	0.1445	ripple_TLL31-32	96	579572
289.8065	0.079	ripple_TLL11-12	76	579613
289.824	0.06	ripple_TLL10-11	75	579648
289.825	0.1735	ripple_TLL29-30	93	579650
289.8315	0.043	ripple_TLL14-15	79	579663
289.8515	0.1345	ripple_TLL28-29	92	579703
289.8615	0.0515	ripple_TLL20-21	85	579723
289.8665	0.0535	ripple_TLL23-24	88	579733
289.867	0.053	ripple_TLL22-23	87	579734
289.8795	0.045	ripple_TLL30-31	95	579759
289.8965	0.056	ripple_TLL27-28	91	579793
289.907	0.0675	ripple_TLL11-12	76	579814
289.946	0.05	ripple_TLL19-20	83	579892
289.9625	0.154	ripple_TLL30-31	95	579925
289.965	0.0415	ripple_TLL7-8	100	579930
289.971	0.167	ripple_TLL23-24	88	579942
289.972	0.0305	ripple_TLL22-23	87	579944
289.978	0.088	ripple_TLL31-32	96	579956
289.9875	0.0705	ripple_TLL1-2	74	579975
289.988	0.0365	ripple_TLL2-3	84	579976
290.0285	0.0645	ripple_TLL18-19	82	580057
290.035	0.0505	ripple_TLL5-6	98	580070
290.0385	0.067	ripple_TLL21-22	86	580077
290.0455	0.0455	ripple_TLL6-7	99	580091
290.0655	0.0605	ripple_TLL3-4	94	580131
290.0855	0.0415	ripple_TLL4-5	97	580171
290.0885	0.3125	ripple_TLL1-2	74	580177
290.093	0.2625	ripple_TLL20-21	85	580186
290.098	0.039	ripple_TLL13-14	78	580196
290.111	0.0625	ripple_TLL19-20	83	580222
290.1205	0.0975	ripple_TLL18-19	82	580241
290.1415	0.04	ripple_TLL30-31	95	580283
290.18	0.164	ripple_TLL3-4	94	580360
290.187	0.0365	ripple_TLL14-15	79	580374
290.2055	0.0375	ripple_TLL31-32	96	580411
290.206	0.033	ripple_TLL30-31	95	580412
290.233	0.1005	ripple_TLL7-8	100	580466
290.251	0.1195	ripple_TLL22-23	87	580502
290.2675	0.1135	ripple_TLL29-30	93	580535
290.2675	0.1135	fr_TLL29-30	26	580535
290.2675	0.1135	frandr_TLL29-30	60	580535
290.2785	0.01	fr_TLL9-10	34	580557
290.2865	0.058	ripple_TLL30-31	95	580573
290.2865	0.069	ripple_TLL14-15	79	580573
290.287	0.063	ripple_TLL31-32	96	580574
290.2915	0.054	ripple_TLL2-3	84	580583
290.293	0.0395	ripple_TLL6-7	99	580586
290.294	0.039	ripple_TLL19-20	83	580588
290.2995	0.231	ripple_TLL23-24	88	580599
290.3105	0.4355	ripple_TBPL2-3	72	580621
290.3155	0.0405	ripple_TLL5-6	98	580631
290.3605	0.0735	ripple_TLL4-5	97	580721
290.3785	0.037	ripple_TLL13-14	78	580757
290.399	0.263	ripple_TLL14-15	79	580798
290.404	0.07	ripple_TLL19-20	83	580808
290.418	0.08	ripple_TLL22-23	87	580836
290.424	0.035	ripple_TLL2-3	84	580848
290.4335	0.0835	ripple_TLL30-31	95	580867
290.439	0.145	ripple_TLL20-21	85	580878
290.454	0.058	ripple_TLL15-16	80	580908
290.4605	0.046	ripple_TLL31-32	96	580921
290.4675	0.047	ripple_TLL27-28	91	580935
290.473	0.0615	ripple_TBPL3-4	73	580946
290.4915	0.0875	ripple_TLL21-22	86	580983
290.496	0.0835	ripple_TLL13-14	78	580992
290.512	0.0335	ripple_TLL19-20	83	581024
290.513	0.0445	ripple_TLL10-11	75	581026
290.529	0.124	ripple_TLL1-2	74	581058
290.559	0.063	ripple_TLL15-16	80	581118
290.569	0.07	ripple_TLL2-3	84	581138
290.607	0.035	ripple_TLL26-27	90	581214
290.608	0.0515	ripple_TLL18-19	82	581216
290.6165	0.055	ripple_TLL6-7	99	581233
290.624	0.151	ripple_TLL19-20	83	581248
290.6635	0.1755	ripple_TLL2-3	84	581327
290.674	0.228	ripple_TLL31-32	96	581348
290.678	0.0565	ripple_TLL11-12	76	581356
290.69	0.0455	ripple_TLL17-18	81	581380
290.7225	0.0415	ripple_TLL14-15	79	581445
290.7265	0.2265	ripple_TLL20-21	85	581453
290.7275	0.044	ripple_TLL22-23	87	581455
290.728	0.219	ripple_TLL1-2	74	581456
290.7285	0.086	ripple_TLL23-24	88	581457
290.743	0.067	ripple_TLL15-16	80	581486
290.755	0.06	ripple_TLL7-8	100	581510
290.7835	0.054	ripple_TLL25-26	89	581567
290.7835	0.054	fr_TLL25-26	22	581567
290.7835	0.054	frandr_TLL25-26	56	581567
290.794	0.0995	ripple_TLL30-31	95	581588
290.8	0.053	ripple_TLL4-5	97	581600
290.8125	0.0675	ripple_TBPL2-3	72	581625
290.822	0.052	ripple_TLL3-4	94	581644
290.845	0.1195	ripple_TLL23-24	88	581690
290.846	0.0575	ripple_TLL13-14	78	581692
290.848	0.0805	ripple_TLL5-6	98	581696
290.8525	0.014	fr_TLL9-10	34	581705
290.857	0.0145	fr_TBAL3-4	3	581714
290.873	0.0345	ripple_TLL22-23	87	581746
290.8865	0.029	ripple_TLL19-20	83	581773
290.891	0.04	ripple_TLL6-7	99	581782
290.895	0.034	ripple_TLL11-12	76	581790
290.9015	0.0385	ripple_TLL14-15	79	581803
290.917	0.1025	ripple_TLL7-8	100	581834
290.926	0.1285	ripple_TLL2-3	84	581852
290.9315	0.1035	ripple_TLL30-31	95	581863
290.9365	0.3105	ripple_TLL29-30	93	581873
290.9385	0.2065	ripple_TLL28-29	92	581877
290.9425	0.04	ripple_TLL3-4	94	581885
290.9435	0.0805	ripple_TLL31-32	96	581887
290.947	0.0545	ripple_TLL17-18	81	581894
290.9805	0.056	ripple_TLL22-23	87	581961
290.9805	0.058	ripple_TLL20-21	85	581961
290.9835	0.039	ripple_TLL19-20	83	581967
290.9885	0.0555	ripple_TLL1-2	74	581977
290.998	0.0435	ripple_TLL21-22	86	581996
291.0015	0.032	ripple_TBPL3-4	73	582003
291.0135	0.0405	ripple_TLL14-15	79	582027
291.0215	0.0445	ripple_TBAL3-4	70	582043
291.027	0.073	ripple_TLL26-27	90	582054
291.0595	0.031	ripple_TLL15-16	80	582119
291.0925	0.1065	ripple_TLL7-8	100	582185
291.098	0.0545	ripple_TLL2-3	84	582196
291.099	0.0775	ripple_TLL20-21	85	582198
291.1025	0.0555	ripple_TLL19-20	83	582205
291.106	0.103	ripple_TLL1-2	74	582212
291.1345	0.176	ripple_TLL23-24	88	582269
291.143	0.044	ripple_TLL21-22	86	582286
291.1625	0.0255	ripple_TBPL2-3	72	582325
291.182	0.155	ripple_TLL30-31	95	582364
291.1955	0.0985	ripple_TLL14-15	79	582391
291.2015	0.046	ripple_TBAL3-4	70	582403
291.212	0.0385	ripple_TLL27-28	91	582424
291.215	0.0335	ripple_TLL26-27	90	582430
291.226	0.0375	ripple_TLL2-3	84	582452
291.2275	0.4545	ripple_TLL22-23	87	582455
291.231	0.0615	ripple_TLL15-16	80	582462
291.252	0.045	ripple_TLL13-14	78	582504
291.2535	0.0685	ripple_TLL18-19	82	582507
291.259	0.1735	ripple_TBPL2-3	72	582518
291.263	0.0685	ripple_TBPL3-4	73	582526
291.284	0.082	ripple_TLL29-30	93	582568
291.306	0.087	ripple_TLL19-20	83	582612
291.3505	0.037	ripple_TLL15-16	80	582701
291.3505	0.042	ripple_TLL21-22	86	582701
291.3515	0.053	ripple_TLL2-3	84	582703
291.3545	0.3285	ripple_TLL23-24	88	582709
291.359	0.095	ripple_TLL31-32	96	582718
291.3645	0.165	ripple_TLL7-8	100	582729
291.371	0.063	ripple_TLL6-7	99	582742
291.3855	0.0105	fr_TLL1-2	7	582771
291.388	0.0695	ripple_TLL29-30	93	582776
291.391	0.037	ripple_TLL30-31	95	582782
291.392	0.043	ripple_TLL5-6	98	582784
291.428	0.0455	ripple_TLL3-4	94	582856
291.434	0.168	ripple_TLL19-20	83	582868
291.446	0.09	ripple_TLL4-5	97	582892
291.4595	0.048	ripple_TLL18-19	82	582919
291.4685	0.048	ripple_TLL15-16	80	582937
291.471	0.04	ripple_TLL28-29	92	582942
291.4715	0.208	ripple_TLL21-22	86	582943
291.4825	0.0365	ripple_TLL13-14	78	582965
291.49	0.0805	ripple_TLL1-2	74	582980
291.5275	0.0405	ripple_TLL2-3	84	583055
291.5325	0.082	ripple_TLL29-30	93	583065
291.5335	0.035	ripple_TLL28-29	92	583067
291.5475	0.086	ripple_TBPL2-3	72	583095
291.5915	0.133	ripple_TLL30-31	95	583183
291.593	0.041	ripple_TBPL3-4	73	583186
291.5955	0.097	ripple_TLL14-15	79	583191
291.6075	0.0455	ripple_TLL28-29	92	583215
291.611	0.0475	ripple_TLL15-16	80	583222
291.628	0.1065	ripple_TLL20-21	85	583256
291.63	0.031	ripple_TLL1-2	74	583260
291.6345	0.0375	ripple_TLL29-30	93	583269
291.6365	0.036	ripple_TLL2-3	84	583273
291.6465	0.218	ripple_TLL19-20	83	583293
291.65	0.063	ripple_TLL26-27	90	583300
291.6555	0.1245	ripple_TLL7-8	100	583311
291.6575	0.036	ripple_TBPL2-3	72	583315
291.658	0.072	ripple_TLL31-32	96	583316
291.6775	0.045	ripple_TLL13-14	78	583355
291.687	0.04	ripple_TLL28-29	92	583374
291.687	0.0675	ripple_TLL4-5	97	583374
291.6925	0.134	ripple_TBPL1-2	71	583385
291.698	0.128	ripple_TLL1-2	74	583396
291.699	0.044	ripple_TLL29-30	93	583398
291.6995	0.229	ripple_TLL3-4	94	583399
291.7355	0.1055	ripple_TLL6-7	99	583471
291.738	0.133	ripple_TBPL2-3	72	583476
291.744	0.0945	ripple_TLL21-22	86	583488
291.752	0.1525	ripple_TLL31-32	96	583504
291.76	0.1235	ripple_TLL30-31	95	583520
291.772	0.0565	ripple_TLL20-21	85	583544
291.773	0.0445	ripple_TLL25-26	89	583546
291.8295	0.039	ripple_TLL15-16	80	583659
291.8365	0.059	ripple_TLL29-30	93	583673
291.851	0.0355	ripple_TLL2-3	84	583702
291.8535	0.116	ripple_TLL20-21	85	583707
291.855	0.216	ripple_TLL1-2	74	583710
291.9055	0.123	ripple_TBPL2-3	72	583811
291.913	0.033	ripple_TLL23-24	88	583826
291.9165	0.06	ripple_TLL2-3	84	583833
291.9165	0.0675	ripple_TLL27-28	91	583833
291.9425	0.053	ripple_TLL17-18	81	583885
291.9565	0.0395	ripple_TLL29-30	93	583913
291.9735	0.1325	ripple_TLL30-31	95	583947
291.974	0.0655	ripple_TLL3-4	94	583948
291.9855	0.1745	ripple_TLL31-32	96	583971
291.9855	0.1745	fr_TLL31-32	29	583971
291.9855	0.1745	frandr_TLL31-32	62	583971
291.9925	0.0815	ripple_TLL21-22	86	583985
291.9955	0.0475	ripple_TLL7-8	100	583991
292.0165	0.1345	ripple_TLL29-30	93	584033
292.028	0.062	ripple_TLL28-29	92	584056
292.037	0.1125	ripple_TLL23-24	88	584074
292.0485	0.051	ripple_TLL13-14	78	584097
292.052	0.147	ripple_TLL19-20	83	584104
292.054	0.047	ripple_TLL27-28	91	584108
292.055	0.0585	ripple_TBAL3-4	70	584110
292.0615	0.043	ripple_TLL22-23	87	584123
292.063	0.051	ripple_TBPL2-3	72	584126
292.067	0.0675	ripple_TLL6-7	99	584134
292.1015	0.0715	ripple_TLL15-16	80	584203
292.1135	0.0545	ripple_TLL17-18	81	584227
292.118	0.1285	ripple_TLL20-21	85	584236
292.1305	0.161	ripple_TLL30-31	95	584261
292.134	0.164	ripple_TLL27-28	91	584268
292.136	0.0205	fr_TLL10-11	8	584272
292.1545	0.151	ripple_TLL26-27	90	584309
292.1585	0.086	ripple_TLL21-22	86	584317
292.162	0.1515	ripple_TLL1-2	74	584324
292.19	0.058	ripple_TLL29-30	93	584380
292.1985	0.0585	ripple_TBPL2-3	72	584397
292.209	0.1425	ripple_TLL28-29	92	584418
292.222	0.0435	ripple_TLL13-14	78	584444
292.2335	0.0705	ripple_TLL19-20	83	584467
292.248	0.187	ripple_TLL31-32	96	584496
292.258	0.0555	ripple_TLL15-16	80	584516
292.2615	0.193	ripple_TBPL1-2	71	584523
292.2685	0.0805	ripple_TLL29-30	93	584537
292.2925	0.0675	ripple_TLL2-3	84	584585
292.3	0.128	ripple_TLL22-23	87	584600
292.306	0.16	ripple_TBPL2-3	72	584612
292.3085	0.098	ripple_TLL23-24	88	584617
292.317	0.0515	ripple_TLL20-21	85	584634
292.344	0.0665	ripple_TLL14-15	79	584688
292.346	0.0405	ripple_TLL26-27	90	584692
292.3485	0.0405	ripple_TLL17-18	81	584697
292.3525	0.054	ripple_TLL10-11	75	584705
292.3975	0.044	ripple_TLL3-4	94	584795
292.4065	0.0445	ripple_TLL20-21	85	584813
292.418	0.045	ripple_TLL2-3	84	584836
292.421	0.0345	ripple_TLL1-2	74	584842
292.4275	0.0725	ripple_TLL19-20	83	584855
292.4285	0.044	ripple_TLL28-29	92	584857
292.434	0.0495	ripple_TLL23-24	88	584868
292.4435	0.062	ripple_TLL15-16	80	584887
292.447	0.182	ripple_TLL29-30	93	584894
292.4605	0.043	ripple_TLL18-19	82	584921
292.478	0.1855	ripple_TLL20-21	85	584956
292.5155	0.0355	ripple_TBPL2-3	72	585031
292.518	0.078	ripple_TLL23-24	88	585036
292.529	0.0735	ripple_TLL30-31	95	585058
292.5305	0.052	ripple_TLL3-4	94	585061
292.5325	0.0315	ripple_TLL31-32	96	585065
292.5325	0.062	ripple_TLL21-22	86	585065
292.5415	0.2515	ripple_TLL19-20	83	585083
292.5565	0.0455	ripple_TLL14-15	79	585113
292.567	0.1505	ripple_TLL1-2	74	585134
292.5815	0.0325	ripple_TLL2-3	84	585163
292.588	0.0325	ripple_TLL28-29	92	585176
292.5915	0.043	ripple_TBPL2-3	72	585183
292.5925	0.044	ripple_TLL6-7	99	585185
292.618	0.0885	ripple_TLL31-32	96	585236
292.623	0.033	ripple_TLL18-19	82	585246
292.623	0.139	ripple_TLL7-8	100	585246
292.6655	0.0315	ripple_TLL2-3	84	585331
292.681	0.083	ripple_TLL30-31	95	585362
292.702	0.0805	ripple_TLL22-23	87	585404
292.718	0.044	ripple_TLL4-5	97	585436
292.7305	0.0285	ripple_TLL20-21	85	585461
292.7855	0.033	ripple_TLL7-8	100	585571
292.7985	0.0355	ripple_TLL21-22	86	585597
292.8175	0.0705	ripple_TLL19-20	83	585635
292.826	0.0995	ripple_TBPL2-3	72	585652
292.845	0.1255	ripple_TLL1-2	74	585690
292.856	0.259	ripple_TLL23-24	88	585712
292.86	0.09	ripple_TLL22-23	87	585720
292.8625	0.0985	ripple_TLL31-32	96	585725
292.866	0.066	ripple_TLL7-8	100	585732
292.8685	0.0795	ripple_TLL6-7	99	585737
292.892	0.058	ripple_TLL21-22	86	585784
292.909	0.0445	ripple_TLL29-30	93	585818
292.9115	0.06	ripple_TLL28-29	92	585823
292.9155	0.1445	ripple_TLL14-15	79	585831
292.92	0.05	ripple_TLL15-16	80	585840
292.931	0.01	fr_TLL2-3	17	585862
292.954	0.0825	ripple_TLL20-21	85	585908
292.9635	0.1055	ripple_TLL18-19	82	585927
292.972	0.076	ripple_TLL13-14	78	585944
292.974	0.0365	ripple_TLL6-7	99	585948
292.974	0.075	ripple_TLL30-31	95	585948
292.9855	0.068	ripple_TLL7-8	100	585971
292.987	0.075	ripple_TLL5-6	98	585974
293.0045	0.0465	ripple_TLL3-4	94	586009
293.0105	0.113	ripple_TLL19-20	83	586021
293.032	0.064	ripple_TLL31-32	96	586064
293.0515	0.053	ripple_TLL1-2	74	586103
293.086	0.1105	ripple_TLL15-16	80	586172
293.0905	0.089	ripple_TBPL1-2	71	586181
293.098	0.049	ripple_TLL14-15	79	586196
293.099	0.081	ripple_TLL7-8	100	586198
293.11	0.0655	ripple_TBPL2-3	72	586220
293.1115	0.05	ripple_TLL6-7	99	586223
293.116	0.083	ripple_TLL31-32	96	586232
293.121	0.0525	ripple_TLL3-4	94	586242
293.1285	0.1035	ripple_TLL28-29	92	586257
293.135	0.0355	ripple_TLL9-10	101	586270
293.1485	0.027	ripple_TLL22-23	87	586297
293.162	0.034	ripple_TLL13-14	78	586324
293.162	0.091	ripple_TLL21-22	86	586324
293.1655	0.156	ripple_TLL20-21	85	586331
293.1965	0.038	ripple_TLL5-6	98	586393
293.1975	0.047	ripple_TLL6-7	99	586395
293.201	0.09	ripple_TLL29-30	93	586402
293.202	0.0515	ripple_TLL7-8	100	586404
293.202	0.0585	ripple_TLL30-31	95	586404
293.206	0.1115	ripple_TBPL1-2	71	586412
293.209	0.054	ripple_TLL23-24	88	586418
293.2105	0.176	ripple_TLL22-23	87	586421
293.213	0.0455	ripple_TLL2-3	84	586426
293.214	0.028	ripple_TLL27-28	91	586428
293.2165	0.0815	ripple_TBPL2-3	72	586433
293.224	0.0375	ripple_TLL19-20	83	586448
293.2265	0.0365	ripple_TLL18-19	82	586453
293.2325	0.118	ripple_TLL31-32	96	586465
293.281	0.033	ripple_TLL13-14	78	586562
293.2845	0.1035	ripple_TLL23-24	88	586569
293.293	0.13	ripple_TLL28-29	92	586586
293.312	0.0565	ripple_TLL1-2	74	586624
293.3125	0.1	ripple_TLL30-31	95	586625
293.32	0.011	fr_TLL12-13	10	586640
293.3595	0.0475	ripple_TLL15-16	80	586719
293.36	0.0655	ripple_TBPL2-3	72	586720
293.369	0.0805	ripple_TLL2-3	84	586738
293.396	0.0495	ripple_TLL7-8	100	586792
293.416	0.0365	ripple_TLL13-14	78	586832
293.4345	0.0665	ripple_TLL18-19	82	586869
293.4405	0.045	ripple_TLL21-22	86	586881
293.451	0.0585	ripple_TBAL3-4	70	586902
293.4615	0.043	ripple_TLL30-31	95	586923
293.464	0.044	ripple_TLL6-7	99	586928
293.468	0.1415	ripple_TLL20-21	85	586936
293.472	0.304	ripple_TLL22-23	87	586944
293.476	0.0375	ripple_TLL7-8	100	586952
293.505	0.0505	ripple_TLL2-3	84	587010
293.5085	0.1595	ripple_TLL15-16	80	587017
293.515	0.309	ripple_TLL23-24	88	587030
293.517	0.115	ripple_TLL14-15	79	587034
293.519	0.0385	ripple_TBPL2-3	72	587038
293.528	0.048	ripple_TLL5-6	98	587056
293.5545	0.048	ripple_TLL28-29	92	587109
293.5545	0.0585	ripple_TLL6-7	99	587109
293.5595	0.031	ripple_TLL7-8	100	587119
293.5855	0.089	ripple_TLL30-31	95	587171
293.5995	0.2395	ripple_TLL29-30	93	587199
293.6095	0.038	ripple_TLL31-32	96	587219
293.6165	0.0755	ripple_TLL17-18	81	587233
293.63	0.0345	ripple_TLL11-12	76	587260
293.633	0.0515	ripple_TLL13-14	78	587266
293.6385	0.162	ripple_TLL19-20	83	587277
293.648	0.125	ripple_TLL6-7	99	587296
293.651	0.1095	ripple_TLL18-19	82	587302
293.6715	0.2035	ripple_TLL31-32	96	587343
293.673	0.033	ripple_TLL3-4	94	587346
293.6785	0.447	ripple_TBPL2-3	72	587357
293.683	0.033	ripple_TLL9-10	101	587366
293.6835	0.067	ripple_TLL4-5	97	587367
293.6975	0.164	ripple_TLL30-31	95	587395
293.7025	0.0375	ripple_TLL7-8	100	587405
293.717	0.0415	ripple_TLL21-22	86	587434
293.7395	0.07	ripple_TLL26-27	90	587479
293.743	0.075	ripple_TLL20-21	85	587486
293.7515	0.142	ripple_TLL2-3	84	587503
293.7555	0.041	ripple_TLL14-15	79	587511
293.7575	0.0955	ripple_TLL27-28	91	587515
293.779	0.1505	ripple_TLL21-22	86	587558
293.799	0.227	ripple_TLL15-16	80	587598
293.8015	0.0995	ripple_TLL7-8	100	587603
293.8445	0.057	ripple_TLL6-7	99	587689
293.8455	0.0475	ripple_TLL1-2	74	587691
293.853	0.018	fr_TBPL1-2	4	587706
293.8565	0.036	ripple_TLL14-15	79	587713
293.8585	0.194	ripple_TLL19-20	83	587717
293.8605	0.057	ripple_TLL3-4	94	587721
293.862	0.0475	ripple_TLL11-12	76	587724
293.8625	0.042	ripple_TLL12-13	77	587725
293.87	0.3665	ripple_TLL23-24	88	587740
293.8725	0.0645	ripple_TLL29-30	93	587745
293.898	0.043	ripple_TLL4-5	97	587796
293.9	0.063	ripple_TLL22-23	87	587800
293.911	0.092	ripple_TLL17-18	81	587822
293.913	0.107	ripple_TLL14-15	79	587826
293.9165	0.0435	ripple_TLL9-10	101	587833
293.945	0.04	ripple_TLL18-19	82	587890
293.974	0.0975	ripple_TLL29-30	93	587948
293.985	0.049	ripple_TLL31-32	96	587970
293.9925	0.037	ripple_TLL7-8	100	587985
293.9965	0.1885	ripple_TLL6-7	99	587993
294.003	0.104	ripple_TBPL1-2	71	588006
294.012	0.1155	ripple_TBPL3-4	73	588024
294.0355	0.045	ripple_TLL4-5	97	588071
294.037	0.08	ripple_TLL21-22	86	588074
294.0585	0.0505	ripple_TLL15-16	80	588117
294.0635	0.0415	ripple_TLL20-21	85	588127
294.078	0.0845	ripple_TLL31-32	96	588156
294.079	0.078	ripple_TLL7-8	100	588158
294.1345	0.0725	ripple_TLL18-19	82	588269
294.1645	0.066	ripple_TLL29-30	93	588329
294.1675	0.0445	ripple_TLL10-11	75	588335
294.1725	0.066	ripple_TLL13-14	78	588345
294.178	0.1345	ripple_TBPL2-3	72	588356
294.18	0.077	ripple_TLL28-29	92	588360
294.19	0.0635	ripple_TLL14-15	79	588380
294.204	0.0325	ripple_TBPL3-4	73	588408
294.25	0.0445	ripple_TLL7-8	100	588500
294.2525	0.097	ripple_TLL1-2	74	588505
294.2555	0.0305	ripple_TLL2-3	84	588511
294.258	0.208	ripple_TLL21-22	86	588516
294.2595	0.0305	ripple_TLL31-32	96	588519
294.2645	0.04	ripple_TLL22-23	87	588529
294.266	0.0375	ripple_TLL23-24	88	588532
294.291	0.0565	ripple_TLL29-30	93	588582
294.2915	0.036	ripple_TLL30-31	95	588583
294.2935	0.082	ripple_TLL15-16	80	588587
294.324	0.0635	ripple_TLL20-21	85	588648
294.3385	0.043	ripple_TLL14-15	79	588677
294.3625	0.041	ripple_TLL12-13	77	588725
294.3895	0.047	ripple_TBPL2-3	72	588779
294.399	0.052	ripple_TLL6-7	99	588798
294.402	0.1295	ripple_TLL31-32	96	588804
294.404	0.038	ripple_TLL15-16	80	588808
294.406	0.0405	ripple_TLL26-27	90	588812
294.4255	0.125	ripple_TLL29-30	93	588851
294.4255	0.1285	ripple_TLL28-29	92	588851
294.479	0.04	ripple_TLL20-21	85	588958
294.487	0.0515	ripple_TLL21-22	86	588974
294.4895	0.1495	ripple_TLL30-31	95	588979
294.4915	0.115	ripple_TLL7-8	100	588983
294.5025	0.2	ripple_TBPL2-3	72	589005
294.542	0.025	ripple_TLL20-21	85	589084
294.59	0.0455	ripple_TLL29-30	93	589180
294.595	0.0805	ripple_TLL1-2	74	589190
294.6095	0.05	ripple_TLL14-15	79	589219
294.6145	0.04	ripple_TLL13-14	78	589229
294.6205	0.15	ripple_TLL21-22	86	589241
294.623	0.064	ripple_TLL15-16	80	589246
294.6475	0.0755	ripple_TLL19-20	83	589295
294.6585	0.05	ripple_TLL18-19	82	589317
294.662	0.0425	ripple_TBPL1-2	71	589324
294.687	0.0375	ripple_TLL28-29	92	589374
294.714	0.184	ripple_TLL31-32	96	589428
294.7245	0.032	ripple_TLL7-8	100	589449
294.7375	0.0775	ripple_TLL20-21	85	589475
294.7385	0.011	fr_TLL22-23	20	589477
294.7585	0.102	ripple_TBPL1-2	71	589517
294.7665	0.118	ripple_TLL14-15	79	589533
294.769	0.0755	ripple_TLL22-23	87	589538
294.7735	0.06	ripple_TLL13-14	78	589547
294.7765	0.0825	ripple_TLL1-2	74	589553
294.7775	0.039	ripple_TLL7-8	100	589555
294.785	0.0575	ripple_TLL29-30	93	589570
294.79	0.0915	ripple_TLL6-7	99	589580
294.796	0.0485	ripple_TLL23-24	88	589592
294.797	0.0385	ripple_TLL30-31	95	589594
294.827	0.0635	ripple_TLL15-16	80	589654
294.858	0.03	ripple_TLL18-19	82	589716
294.8635	0.169	ripple_TLL29-30	93	589727
294.93	0.088	ripple_TLL28-29	92	589860
294.932	0.0485	ripple_TLL4-5	97	589864
294.961	0.036	ripple_TLL30-31	95	589922
294.965	0.045	ripple_TLL21-22	86	589930
294.9785	0.2665	ripple_TLL31-32	96	589957
294.984	0.055	ripple_TLL6-7	99	589968
294.9855	0.0555	ripple_TLL1-2	74	589971
294.994	0.0515	ripple_TLL2-3	84	589988
294.9965	0.0675	ripple_TLL3-4	94	589993
295.0005	0.057	ripple_TBAL2-3	69	590001
295.002	0.117	ripple_TBPL1-2	71	590004
295.0065	0.089	ripple_TLL18-19	82	590013
295.0105	0.043	ripple_TLL19-20	83	590021
295.0385	0.042	ripple_TLL13-14	78	590077
295.078	0.19	ripple_TLL30-31	95	590156
295.079	0.0725	ripple_TLL1-2	74	590158
295.0795	0.095	ripple_TLL14-15	79	590159
295.0945	0.0385	ripple_TLL21-22	86	590189
295.095	0.0495	ripple_TLL20-21	85	590190
295.099	0.0785	ripple_TBPL2-3	72	590198
295.1105	0.0335	ripple_TLL7-8	100	590221
295.115	0.087	ripple_TLL22-23	87	590230
295.1175	0.0385	ripple_TLL2-3	84	590235
295.127	0.294	ripple_TLL23-24	88	590254
295.133	0.18	ripple_TLL13-14	78	590266
295.137	0.052	ripple_TLL3-4	94	590274
295.144	0.078	ripple_TLL15-16	80	590288
295.146	0.072	ripple_TLL26-27	90	590292
295.1505	0.207	ripple_TBPL1-2	71	590301
295.161	0.166	ripple_TLL6-7	99	590322
295.1665	0.08	ripple_TLL4-5	97	590333
295.182	0.04	ripple_TLL19-20	83	590364
295.1825	0.1785	ripple_TLL18-19	82	590365
295.202	0.053	ripple_TLL7-8	100	590404
295.202	0.154	ripple_TLL1-2	74	590404
295.219	0.064	ripple_TLL2-3	84	590438
295.246	0.037	ripple_TLL19-20	83	590492
295.248	0.04	ripple_TLL11-12	76	590496
295.2485	0.066	ripple_TLL12-13	77	590497
295.2535	0.0635	ripple_TLL20-21	85	590507
295.2785	0.054	ripple_TLL7-8	100	590557
295.281	0.0475	ripple_TLL27-28	91	590562
295.2825	0.0375	ripple_TLL14-15	79	590565
295.2835	0.0315	ripple_TLL29-30	93	590567
295.2845	0.039	ripple_TBPL2-3	72	590569
295.307	0.1615	ripple_TLL19-20	83	590614
295.3275	0.5	ripple_TLL22-23	87	590655
295.347	0.0445	ripple_TBPL3-4	73	590694
295.357	0.1345	ripple_TLL14-15	79	590714
295.369	0.1145	ripple_TLL31-32	96	590738
295.3815	0.087	ripple_TLL29-30	93	590763
295.3825	0.1835	ripple_TLL2-3	84	590765
295.3835	0.2855	ripple_TLL1-2	74	590767
295.384	0.1185	ripple_TLL6-7	99	590768
295.3865	0.1105	ripple_TLL18-19	82	590773
295.394	0.0715	ripple_TLL30-31	95	590788
295.395	0.0435	ripple_TLL11-12	76	590790
295.4105	0.0915	ripple_TLL7-8	100	590821
295.412	0.1215	ripple_TBPL1-2	71	590824
295.451	0.0325	ripple_TLL4-5	97	590902
295.452	0.0835	ripple_TLL27-28	91	590904
295.458	0.091	ripple_TLL23-24	88	590916
295.468	0.027	ripple_TLL15-16	80	590936
295.514	0.0755	ripple_TLL20-21	85	591028
295.5765	0.0745	ripple_TLL29-30	93	591153
295.5795	0.036	ripple_TLL17-18	81	591159
295.5895	0.08	ripple_TLL7-8	100	591179
295.6	0.0805	ripple_TLL23-24	88	591200
295.6545	0.0405	ripple_TLL30-31	95	591309
295.66	0.055	ripple_TLL3-4	94	591320
295.6865	0.04	ripple_TLL19-20	83	591373
295.716	0.0445	ripple_TLL27-28	91	591432
295.752	0.0385	ripple_TLL19-20	83	591504
295.766	0.041	ripple_TLL30-31	95	591532
295.7735	0.1035	ripple_TLL21-22	86	591547
295.777	0.1185	ripple_TLL29-30	93	591554
295.784	0.0385	ripple_TLL28-29	92	591568
295.805	0.174	ripple_TLL20-21	85	591610
295.836	0.0595	ripple_TBPL3-4	73	591672
295.8455	0.112	ripple_TLL19-20	83	591691
295.847	0.1215	ripple_TLL2-3	84	591694
295.855	0.044	ripple_TBPL2-3	72	591710
295.903	0.037	ripple_TLL18-19	82	591806
295.9125	0.0875	ripple_TLL15-16	80	591825
295.9245	0.068	ripple_TLL29-30	93	591849
295.927	0.053	ripple_TLL31-32	96	591854
295.928	0.156	ripple_TBPL2-3	72	591856
295.9335	0.0365	ripple_TLL21-22	86	591867
295.937	0.142	ripple_TLL22-23	87	591874
295.937	0.2085	ripple_TLL23-24	88	591874
295.958	0.0695	ripple_TLL6-7	99	591916
295.962	0.238	ripple_TLL30-31	95	591924
295.987	0.0485	ripple_TLL19-20	83	591974
296.0085	0.042	ripple_TLL14-15	79	592017
296.0125	0.0335	ripple_TLL2-3	84	592025
296.021	0.0315	ripple_TLL4-5	97	592042
296.022	0.038	ripple_TLL28-29	92	592044
296.056	0.0395	ripple_TBPL1-2	71	592112
296.063	0.0695	ripple_TLL18-19	82	592126
296.0665	0.221	ripple_TLL20-21	85	592133
296.0705	0.07	ripple_TLL19-20	83	592141
296.0755	0.0375	ripple_TLL1-2	74	592151
296.0785	0.0515	ripple_TLL27-28	91	592157
296.079	0.052	ripple_TLL26-27	90	592158
296.0815	0.0485	ripple_TLL15-16	80	592163
296.088	0.049	ripple_TLL28-29	92	592176
296.095	0.044	ripple_TLL29-30	93	592190
296.1055	0.0505	ripple_TLL31-32	96	592211
296.111	0.0705	ripple_TLL14-15	79	592222
296.1285	0.041	ripple_TLL2-3	84	592257
296.1465	0.1185	ripple_TLL21-22	86	592293
296.16	0.1185	ripple_TLL29-30	93	592320
296.1845	0.1345	ripple_TBPL1-2	71	592369
296.19	0.0575	ripple_TLL4-5	97	592380
296.222	0.046	ripple_TLL7-8	100	592444
296.227	0.0505	ripple_TLL28-29	92	592454
296.2295	0.0675	ripple_TLL3-4	94	592459
296.241	0.062	ripple_TLL31-32	96	592482
296.2595	0.0465	ripple_TLL13-14	78	592519
296.263	0.108	ripple_TLL19-20	83	592526
296.266	0.0425	ripple_TBPL3-4	73	592532
296.2715	0.06	ripple_TLL18-19	82	592543
296.278	0.047	ripple_TLL14-15	79	592556
296.281	0.051	ripple_TLL27-28	91	592562
296.336	0.0605	ripple_TLL2-3	84	592672
296.3415	0.088	ripple_TLL7-8	100	592683
296.3465	0.0975	ripple_TLL14-15	79	592693
296.3475	0.05	ripple_TLL15-16	80	592695
296.349	0.064	ripple_TLL13-14	78	592698
296.3505	0.0375	ripple_TBPL1-2	71	592701
296.3505	0.0375	fr_TBPL1-2	4	592701
296.3505	0.0375	frandr_TBPL1-2	38	592701
296.3645	0.074	ripple_TLL29-30	93	592729
296.3955	0.011	fr_TBAL3-4	3	592791
296.3965	0.032	ripple_TLL4-5	97	592793
296.4185	0.1225	ripple_TLL22-23	87	592837
296.421	0.122	ripple_TLL23-24	88	592842
296.4335	0.0345	ripple_TLL13-14	78	592867
296.4355	0.139	ripple_TLL20-21	85	592871
296.436	0.038	ripple_TLL18-19	82	592872
296.4605	0.1845	ripple_TLL29-30	93	592921
296.462	0.036	ripple_TLL5-6	98	592924
296.4625	0.262	ripple_TLL28-29	92	592925
296.476	0.0285	ripple_TLL2-3	84	592952
296.499	0.042	ripple_TLL7-8	100	592998
296.513	0.0675	ripple_TBPL2-3	72	593026
296.5365	0.0335	ripple_TLL26-27	90	593073
296.5475	0.0665	ripple_TLL9-10	101	593095
296.5675	0.116	ripple_TLL15-16	80	593135
296.569	0.045	ripple_TLL2-3	84	593138
296.578	0.057	ripple_TLL1-2	74	593156
296.5895	0.059	ripple_TLL19-20	83	593179
296.593	0.1165	ripple_TLL6-7	99	593186
296.598	0.054	ripple_TLL21-22	86	593196
296.63	0.114	ripple_TBPL2-3	72	593260
296.636	0.037	ripple_TLL18-19	82	593272
296.644	0.084	ripple_TLL5-6	98	593288
296.6475	0.0385	ripple_TLL27-28	91	593295
296.648	0.033	ripple_TLL26-27	90	593296
296.667	0.0915	ripple_TLL29-30	93	593334
296.678	0.1245	ripple_TLL20-21	85	593356
296.6805	0.037	ripple_TLL21-22	86	593361
296.6885	0.029	ripple_TLL14-15	79	593377
296.7085	0.046	ripple_TLL30-31	95	593417
296.7225	0.04	ripple_TLL4-5	97	593445
296.739	0.06	ripple_TLL1-2	74	593478
296.748	0.0455	ripple_TLL19-20	83	593496
296.7665	0.055	ripple_TLL7-8	100	593533
296.768	0.2215	ripple_TLL6-7	99	593536
296.7685	0.099	ripple_TLL13-14	78	593537
296.7805	0.046	ripple_TLL31-32	96	593561
296.782	0.0325	ripple_TBPL2-3	72	593564
296.7855	0.078	ripple_TLL14-15	79	593571
296.7895	0.0485	ripple_TLL29-30	93	593579
296.7925	0.0415	ripple_TLL28-29	92	593585
296.803	0.0355	ripple_TLL21-22	86	593606
296.8265	0.0475	ripple_TLL11-12	76	593653
296.8335	0.0735	ripple_TLL1-2	74	593667
296.836	0.1355	ripple_TBPL1-2	71	593672
296.8445	0.104	ripple_TLL2-3	84	593689
296.845	0.1415	ripple_TLL19-20	83	593690
296.853	0.067	ripple_TLL30-31	95	593706
296.862	0.1155	ripple_TLL31-32	96	593724
296.8635	0.0765	ripple_TLL21-22	86	593727
296.891	0.0295	ripple_TLL14-15	79	593782
296.907	0.1225	ripple_TBPL2-3	72	593814
296.908	0.0125	fr_TLL15-16	13	593816
296.915	0.096	ripple_TLL13-14	78	593830
296.9245	0.0335	ripple_TLL18-19	82	593849
296.9265	0.283	ripple_TLL20-21	85	593853
296.933	0.0615	ripple_TLL29-30	93	593866
296.935	0.057	ripple_TLL7-8	100	593870
296.9355	0.038	ripple_TLL26-27	90	593871
296.9605	0.0525	ripple_TLL30-31	95	593921
296.966	0.1725	ripple_TLL1-2	74	593932
296.9865	0.0645	ripple_TLL17-18	81	593973
297.0135	0.0555	ripple_TLL5-6	98	594027
297.031	0.0305	ripple_TLL11-12	76	594062
297.038	0.0935	ripple_TLL4-5	97	594076
297.0405	0.034	ripple_TLL10-11	75	594081
297.041	0.0575	ripple_TLL26-27	90	594082
297.0425	0.173	ripple_TLL31-32	96	594085
297.0435	0.13	ripple_TLL30-31	95	594087
297.0465	0.2825	ripple_TLL28-29	92	594093
297.0475	0.365	ripple_TLL21-22	86	594095
297.064	0.1755	ripple_TLL19-20	83	594128
297.0665	0.048	ripple_TBPL2-3	72	594133
297.073	0.052	ripple_TLL6-7	99	594146
297.0745	0.105	ripple_TLL7-8	100	594149
297.081	0.0365	ripple_TLL15-16	80	594162
297.0875	0.054	ripple_TLL3-4	94	594175
297.088	0.0525	ripple_TLL2-3	84	594176
297.1185	0.0425	ripple_TLL13-14	78	594237
297.1345	0.0375	ripple_TLL26-27	90	594269
297.1415	0.0695	ripple_TLL14-15	79	594283
297.1485	0.075	ripple_TLL29-30	93	594297
297.1505	0.0425	ripple_TBPL2-3	72	594301
297.227	0.082	ripple_TLL13-14	78	594454
297.2345	0.1435	ripple_TLL2-3	84	594469
297.2405	0.1125	ripple_TLL30-31	95	594481
297.245	0.2	ripple_TLL4-5	97	594490
297.251	0.0665	ripple_TLL20-21	85	594502
297.253	0.3355	ripple_TLL29-30	93	594506
297.255	0.0435	ripple_TLL7-8	100	594510
297.2565	0.025	ripple_TLL31-32	96	594513
297.281	0.0985	ripple_TLL14-15	79	594562
297.284	0.0365	ripple_TLL3-4	94	594568
297.2965	0.052	ripple_TBPL2-3	72	594593
297.314	0.0535	ripple_TLL31-32	96	594628
297.3195	0.043	ripple_TLL7-8	100	594639
297.323	0.044	ripple_TLL18-19	82	594646
297.33	0.0135	fr_TBAL2-3	2	594660
297.332	0.1135	ripple_TLL6-7	99	594664
297.339	0.0995	ripple_TLL20-21	85	594678
297.342	0.1175	ripple_TLL15-16	80	594684
297.3425	0.0585	ripple_TLL23-24	88	594685
297.3435	0.014	fr_TLL1-2	7	594687
297.35	0.064	ripple_TLL3-4	94	594700
297.3595	0.0605	ripple_TLL5-6	98	594719
297.3815	0.219	ripple_TBPL1-2	71	594763
297.383	0.0665	ripple_TLL17-18	81	594766
297.3835	0.051	ripple_TBPL2-3	72	594767
297.3835	0.072	ripple_TLL30-31	95	594767
297.3885	0.0425	ripple_TLL9-10	101	594777
297.3925	0.0745	ripple_TLL18-19	82	594785
297.394	0.226	ripple_TLL19-20	83	594788
297.396	0.1225	ripple_TLL1-2	74	594792
297.4475	0.093	ripple_TLL28-29	92	594895
297.4515	0.0885	ripple_TLL3-4	94	594903
297.4545	0.1945	ripple_TBPL2-3	72	594909
297.465	0.0605	ripple_TLL2-3	84	594930
297.493	0.041	ripple_TLL26-27	90	594986
297.4975	0.111	ripple_TLL30-31	95	594995
297.5	0.0415	ripple_TLL27-28	91	595000
297.5175	0.0645	ripple_TLL4-5	97	595035
297.528	0.1785	ripple_TLL31-32	96	595056
297.53	0.1185	ripple_TLL20-21	85	595060
297.5325	0.038	ripple_TLL15-16	80	595065
297.5435	0.175	ripple_TLL22-23	87	595087
297.567	0.039	ripple_TLL13-14	78	595134
297.5775	0.028	ripple_TLL14-15	79	595155
297.583	0.052	ripple_TLL27-28	91	595166
297.607	0.0845	ripple_TLL1-2	74	595214
297.61	0.05	ripple_TLL7-8	100	595220
297.61	0.063	ripple_TLL2-3	84	595220
297.6195	0.0415	ripple_TLL4-5	97	595239
297.667	0.0725	ripple_TLL30-31	95	595334
297.67	0.1045	ripple_TLL29-30	93	595340
297.6905	0.2255	ripple_TLL14-15	79	595381
297.6915	0.044	ripple_TLL19-20	83	595383
297.6945	0.102	ripple_TLL5-6	98	595389
297.701	0.0935	ripple_TLL28-29	92	595402
297.7135	0.1225	ripple_TLL1-2	74	595427
297.722	0.0445	ripple_TLL7-8	100	595444
297.722	0.092	ripple_TLL3-4	94	595444
297.7335	0.0765	ripple_TLL6-7	99	595467
297.7375	0.2045	ripple_TLL4-5	97	595475
297.7565	0.1115	ripple_TLL11-12	76	595513
297.7595	0.152	ripple_TBPL1-2	71	595519
297.76	0.0695	ripple_TLL13-14	78	595520
297.778	0.051	ripple_TLL17-18	81	595556
297.789	0.129	ripple_TLL20-21	85	595578
297.79	0.121	ripple_TLL21-22	86	595580
297.7925	0.043	ripple_TLL18-19	82	595585
297.8025	0.042	ripple_TLL23-24	88	595605
297.8055	0.0585	ripple_TLL15-16	80	595611
297.825	0.0395	ripple_TLL2-3	84	595650
297.8375	0.075	ripple_TLL19-20	83	595675
297.838	0.09	ripple_TLL29-30	93	595676
297.8395	0.089	ripple_TLL30-31	95	595679
297.861	0.0415	ripple_TLL28-29	92	595722
297.863	0.069	ripple_TLL5-6	98	595726
297.8635	0.078	ripple_TLL31-32	96	595727
297.885	0.057	ripple_TLL3-4	94	595770
297.9025	0.0365	ripple_TLL13-14	78	595805
297.9175	0.1205	ripple_TLL7-8	100	595835
297.919	0.05	ripple_TLL10-11	75	595838
297.923	0.0775	ripple_TLL17-18	81	595846
297.9295	0.0445	ripple_TBPL2-3	72	595859
297.945	0.1495	ripple_TLL14-15	79	595890
297.951	0.193	ripple_TLL19-20	83	595902
297.953	0.0495	ripple_TLL18-19	82	595906
297.963	0.0495	ripple_TLL3-4	94	595926
297.963	0.067	ripple_TLL4-5	97	595926
297.9815	0.2035	ripple_TLL20-21	85	595963
297.9895	0.0625	ripple_TLL11-12	76	595979
297.995	0.0245	ripple_TLL1-2	74	595990
298.0155	0.089	ripple_TLL15-16	80	596031
298.016	0.1425	ripple_TBPL2-3	72	596032
298.0275	0.0575	ripple_TLL21-22	86	596055
298.0275	0.1195	ripple_TLL22-23	87	596055
298.0295	0.047	ripple_TBPL3-4	73	596059
298.03	0.062	ripple_TLL29-30	93	596060
298.0305	0.118	ripple_TLL23-24	88	596061
298.044	0.056	ripple_TLL31-32	96	596088
298.071	0.0435	ripple_TLL13-14	78	596142
298.071	0.0435	fr_TLL13-14	11	596142
298.071	0.0435	frandr_TLL13-14	45	596142
298.0715	0.046	ripple_TLL17-18	81	596143
298.0795	0.033	ripple_TLL7-8	100	596159
298.086	0.072	ripple_TLL27-28	91	596172
298.0895	0.051	ripple_TLL18-19	82	596179
298.1045	0.0515	ripple_TLL4-5	97	596209
298.114	0.089	ripple_TLL3-4	94	596228
298.1425	0.056	ripple_TLL9-10	101	596285
298.1465	0.052	ripple_TLL21-22	86	596293
298.159	0.05	ripple_TLL2-3	84	596318
298.167	0.043	ripple_TLL31-32	96	596334
298.1705	0.0535	ripple_TLL28-29	92	596341
298.171	0.1065	ripple_TLL1-2	74	596342
298.1945	0.039	ripple_TLL26-27	90	596389
298.202	0.034	ripple_TLL27-28	91	596404
298.2135	0.0435	ripple_TBPL1-2	71	596427
298.222	0.035	ripple_TLL14-15	79	596444
298.223	0.108	ripple_TLL20-21	85	596446
298.23	0.092	ripple_TBPL2-3	72	596460
298.233	0.011	fr_TLL25-26	22	596466
298.235	0.061	ripple_TLL18-19	82	596470
298.2375	0.0435	ripple_TLL31-32	96	596475
298.24	0.0485	ripple_TLL2-3	84	596480
298.251	0.035	ripple_TLL21-22	86	596502
298.2545	0.138	ripple_TLL29-30	93	596509
298.259	0.0405	ripple_TLL30-31	95	596518
298.2645	0.052	ripple_TLL19-20	83	596529
298.2655	0.134	ripple_TLL7-8	100	596531
298.2725	0.018	fr_TLL23-24	21	596545
298.2835	0.1515	ripple_TLL28-29	92	596567
298.288	0.149	ripple_TLL6-7	99	596576
298.292	0.0395	ripple_TLL5-6	98	596584
298.3395	0.094	ripple_TLL14-15	79	596679
298.359	0.0755	ripple_TLL15-16	80	596718
298.3615	0.0865	ripple_TBPL2-3	72	596723
298.364	0.0715	ripple_TLL31-32	96	596728
298.3655	0.0345	ripple_TLL13-14	78	596731
298.3785	0.047	ripple_TLL20-21	85	596757
298.381	0.0655	ripple_TLL3-4	94	596762
298.383	0.0545	ripple_TLL4-5	97	596766
298.391	0.0505	ripple_TLL5-6	98	596782
298.3965	0.038	ripple_TLL17-18	81	596793
298.3965	0.257	ripple_TLL30-31	95	596793
298.4125	0.344	ripple_TLL1-2	74	596825
298.4605	0.0325	ripple_TLL29-30	93	596921
298.461	0.118	ripple_TLL31-32	96	596922
298.462	0.068	ripple_TLL18-19	82	596924
298.4665	0.0335	ripple_TLL2-3	84	596933
298.47	0.052	ripple_TLL20-21	85	596940
298.4885	0.032	ripple_TLL14-15	79	596977
298.504	0.0615	ripple_TBPL2-3	72	597008
298.522	0.0425	ripple_TLL26-27	90	597044
298.54	0.06	ripple_TLL4-5	97	597080
298.5425	0.1155	ripple_TLL15-16	80	597085
298.56	0.0325	ripple_TLL6-7	99	597120
298.572	0.04	ripple_TLL7-8	100	597144
298.5785	0.0615	ripple_TLL18-19	82	597157
298.5825	0.039	ripple_TLL19-20	83	597165
298.583	0.049	ripple_TLL21-22	86	597166
298.5885	0.0365	ripple_TLL14-15	79	597177
298.61	0.0715	ripple_TLL9-10	101	597220
298.613	0.041	ripple_TLL31-32	96	597226
298.615	0.108	ripple_TLL20-21	85	597230
298.6325	0.121	ripple_TLL2-3	84	597265
298.6325	0.121	fr_TLL2-3	17	597265
298.6325	0.121	frandr_TLL2-3	51	597265
298.633	0.0555	ripple_TLL3-4	94	597266
298.657	0.043	ripple_TLL21-22	86	597314
298.699	0.2015	ripple_TLL23-24	88	597398
298.7065	0.3025	ripple_TLL22-23	87	597413
298.719	0.044	ripple_TLL7-8	100	597438
298.7215	0.0415	ripple_TLL9-10	101	597443
298.724	0.044	ripple_TLL10-11	75	597448
298.726	0.043	ripple_TLL29-30	93	597452
298.726	0.0595	ripple_TLL11-12	76	597452
298.7415	0.0375	ripple_TLL18-19	82	597483
298.745	0.073	ripple_TLL15-16	80	597490
298.746	0.0615	ripple_TLL26-27	90	597492
298.765	0.1325	ripple_TLL13-14	78	597530
298.766	0.0355	ripple_TLL27-28	91	597532
298.7665	0.0895	ripple_TLL21-22	86	597533
298.772	0.074	ripple_TLL30-31	95	597544
298.805	0.0395	ripple_TLL28-29	92	597610
298.8315	0.0425	ripple_TLL19-20	83	597663
298.8435	0.2215	ripple_TBPL2-3	72	597687
298.8585	0.0295	ripple_TLL6-7	99	597717
298.8715	0.1935	ripple_TLL29-30	93	597743
298.92	0.08	ripple_TLL18-19	82	597840
298.932	0.0645	ripple_TLL26-27	90	597864
298.932	0.0725	ripple_TLL23-24	88	597864
298.949	0.0745	ripple_TLL6-7	99	597898
298.971	0.05	ripple_TLL20-21	85	597942
298.987	0.0535	ripple_TLL3-4	94	597974
298.99	0.035	ripple_TLL15-16	80	597980
298.99	0.051	ripple_TLL10-11	75	597980
299.03	0.0505	ripple_TLL7-8	100	598060
299.036	0.0505	ripple_TLL4-5	97	598072
299.038	0.09	ripple_TBPL1-2	71	598076
299.0535	0.1375	ripple_TLL31-32	96	598107
299.0615	0.0835	ripple_TLL21-22	86	598123
299.0635	0.0405	ripple_TLL15-16	80	598127
299.064	0.08	ripple_TLL20-21	85	598128
299.0695	0.0545	ripple_TLL14-15	79	598139
299.0885	0.054	ripple_TBPL2-3	72	598177
299.118	0.0565	ripple_TLL4-5	97	598236
299.127	0.069	ripple_TLL6-7	99	598254
299.127	0.074	ripple_TLL7-8	100	598254
299.1495	0.1305	ripple_TLL18-19	82	598299
299.158	0.0325	ripple_TLL23-24	88	598316
299.1595	0.036	ripple_TLL22-23	87	598319
299.175	0.121	ripple_TBPL2-3	72	598350
299.1925	0.0335	ripple_TLL17-18	81	598385
299.21	0.0955	ripple_TLL19-20	83	598420
299.212	0.1835	ripple_TLL20-21	85	598424
299.2125	0.0855	ripple_TLL31-32	96	598425
299.2255	0.0435	ripple_TLL13-14	78	598451
299.2265	0.035	ripple_TLL21-22	86	598453
299.2565	0.094	ripple_TLL3-4	94	598513
299.274	0.0655	ripple_TLL22-23	87	598548
299.2765	0.0625	ripple_TLL23-24	88	598553
299.2785	0.051	ripple_TLL4-5	97	598557
299.2855	0.108	ripple_TLL21-22	86	598571
299.3205	0.052	ripple_TLL28-29	92	598641
299.321	0.1685	ripple_TLL29-30	93	598642
299.3225	0.1625	ripple_TLL1-2	74	598645
299.336	0.048	ripple_TLL2-3	84	598672
299.3605	0.0355	ripple_TLL23-24	88	598721
299.3645	0.1165	ripple_TLL30-31	95	598729
299.373	0.0385	ripple_TBPL2-3	72	598746
299.3765	0.0445	ripple_TLL7-8	100	598753
299.388	0.0375	ripple_TLL4-5	97	598776
299.4135	0.037	ripple_TLL19-20	83	598827
299.424	0.059	ripple_TBPL1-2	71	598848
299.4315	0.0375	ripple_TBPL2-3	72	598863
299.4365	0.1565	ripple_TLL22-23	87	598873
299.4365	0.233	ripple_TLL23-24	88	598873
299.452	0.0525	ripple_TLL7-8	100	598904
299.466	0.053	ripple_TLL15-16	80	598932
299.4755	0.038	ripple_TLL14-15	79	598951
299.481	0.0575	ripple_TLL26-27	90	598962
299.4875	0.0495	ripple_TLL27-28	91	598975
299.4945	0.0895	ripple_TLL6-7	99	598989
299.5075	0.037	ripple_TLL19-20	83	599015
299.508	0.083	ripple_TLL31-32	96	599016
299.5365	0.046	ripple_TBPL2-3	72	599073
299.564	0.047	ripple_TLL3-4	94	599128
299.5645	0.0455	ripple_TLL4-5	97	599129
299.571	0.0405	ripple_TLL5-6	98	599142
299.5855	0.0535	ripple_TLL27-28	91	599171
299.6	0.0365	ripple_TLL26-27	90	599200
299.6015	0.081	ripple_TLL11-12	76	599203
299.6025	0.074	ripple_TLL15-16	80	599205
299.6155	0.083	ripple_TLL29-30	93	599231
299.6245	0.057	ripple_TLL22-23	87	599249
299.635	0.031	ripple_TLL13-14	78	599270
299.6385	0.0905	ripple_TLL28-29	92	599277
299.647	0.0845	ripple_TLL20-21	85	599294
299.654	0.0335	ripple_TLL6-7	99	599308
299.715	0.1235	ripple_TLL22-23	87	599430
299.7195	0.035	ripple_TLL7-8	100	599439
299.721	0.0435	ripple_TLL6-7	99	599442
299.724	0.111	ripple_TLL31-32	96	599448
299.7265	0.0345	ripple_TLL5-6	98	599453
299.728	0.04	ripple_TLL12-13	77	599456
299.7335	0.0865	ripple_TLL30-31	95	599467
299.7495	0.149	ripple_TLL2-3	84	599499
299.7515	0.032	ripple_TLL29-30	93	599503
299.757	0.0575	ripple_TLL23-24	88	599514
299.763	0.0525	ripple_TLL21-22	86	599526
299.773	0.171	ripple_TLL20-21	85	599546
299.7825	0.062	ripple_TLL14-15	79	599565
299.786	0.033	ripple_TLL15-16	80	599572
299.7945	0.1715	ripple_TLL19-20	83	599589
299.798	0.037	ripple_TLL12-13	77	599596
299.8045	0.0985	ripple_TLL29-30	93	599609
299.8115	0.051	ripple_TLL18-19	82	599623
299.827	0.0375	ripple_TLL7-8	100	599654
299.828	0.067	ripple_TLL6-7	99	599656
299.843	0.038	ripple_TLL3-4	94	599686
299.8535	0.0535	ripple_TLL23-24	88	599707
299.8705	0.0645	ripple_TLL13-14	78	599741
299.8715	0.0695	ripple_TLL22-23	87	599743
299.884	0.116	ripple_TLL28-29	92	599768
299.919	0.069	ripple_TLL3-4	94	599838
299.9425	0.0575	ripple_TLL1-2	74	599885
299.9455	0.0545	ripple_TLL6-7	99	599891
299.9465	0.0535	ripple_TLL7-8	100	599893
299.972	0.028	ripple_TLL20-21	85	599944
299.9735	0.0265	ripple_TLL30-31	95	599947